predicted,actual
2.8289836725935994e-06,5e-05
7.046739627718357e-05,5e-05
1.6213904399324008e-05,1.6e-05
0.00040568562199318675,5e-05
2.038991894165275e-05,3.4e-05
8.24910066387166e-05,0.0001
0.00010667805401421133,6.6e-05
1.608722363169893e-05,0.000118
0.00032522570644241927,0.000166
0.00011160353006942719,0.000166
0.00011996523982112916,0.000168
0.00020779494746461308,0.0002
0.00020828222290958254,0.000216
0.00020415540126916948,0.000216
0.00018224246376026407,0.000184
7.045824198793457e-05,0.000166
0.00013689206058040224,0.000184
0.00017080574121874147,0.000166
0.00024373307463894362,0.000184
0.0003226106714162956,0.00015
0.0002036669818462276,0.000166
0.00015366697881632248,0.000168
0.00017887905017884888,0.000182
0.0005942214758237052,0.000184
0.00019128224673135006,0.000184
0.00017932620749975164,0.000182
0.0002910569778875085,0.0002
0.00020661175866101754,0.000184
0.00018731258399583547,0.0002
0.00019128223686947098,0.000184
0.000303820557086954,0.000166
0.00018731259385771455,0.000184
0.00028651465555801524,0.000182
0.00022838992373051895,0.000184
0.00021214833591483648,0.000166
0.00017880573696982434,0.000268
0.0002611019344038809,0.000182
0.00040206205204184047,0.000184
0.00017016999518433638,0.0002
0.00017032620734884387,0.000184
0.00018731258399583547,0.000182
0.0001866035346142849,0.000184
7.438590298047963e-05,0.000184
0.00012453125038415443,0.000182
0.00018294247966058427,0.000168
0.0003573053734296561,0.000166
-5.226588551294547e-05,0.000184
0.0002803343934571379,0.000166
0.00018705015939371773,0.000166
0.00019922919543490224,0.000184
0.0002370501525617438,0.000166
0.0001664438321049995,0.000168
0.00017080574121874147,0.000166
0.0001708057313568624,0.000166
0.0004014920354314532,0.000168
-0.0001421179144574806,0.000182
0.00020762926789619603,0.000184
0.00021621389556245152,0.0002
0.00019566698609514474,0.0002
0.0001866035247524058,0.000216
0.00025155610883195056,0.0002
0.0003451051836578612,0.0002
0.00022029986929974653,0.000218
0.00020828222290958254,0.000216
0.00020828222290958254,0.000216
0.00021231257564890895,0.0002
0.00035585001648741923,0.000218
0.00013702749376570412,0.000216
0.00020828222290958254,0.000216
0.00022479345422286376,0.000218
-0.00010777742155476508,0.000216
0.00021231257564890895,0.000234
0.0002161971895393028,0.000216
0.00020828222290958254,0.000216
0.0002741564587597216,0.000218
0.00022477087051978788,0.000216
0.00020828222290958254,0.000234
0.00022479345422286376,0.000232
0.00020356457609393936,0.000218
0.00022080572452488846,0.000232
0.00017864465303705503,0.000218
0.00025779495049451826,0.00025
0.00021132356724424983,0.00025
0.00025369915432566707,0.000232
0.00019566698609514474,0.0002
0.0002161971895393028,0.000234
0.00019948085086507288,0.000216
0.0002201553927713352,0.000234
0.000136323542975634,0.000216
0.00022477087051978788,0.000218
0.00019563694681149009,0.000216
0.00022080572452488846,0.0002
0.00022865877827779192,0.000216
0.00020363694256257295,0.0002
0.00019968015944112698,0.0002
0.00021231257564890895,0.000218
0.000241144863923897,0.000216
0.00022038990825567792,0.000216
0.00021644383513490462,0.000234
0.00024951134682507,0.0002
0.00020715027642964742,0.000234
0.00022064464059211916,0.000216
0.00022064464059211916,0.000216
0.00021231257564890895,0.000218
0.00021995935833913317,0.000216
0.00022080572452488846,0.000216
-7.216019992545186e-05,0.0002
0.00016939468383729802,0.000218
0.00020828222290958254,0.000216
0.00023249100586655294,0.000234
0.00021669693039941983,0.000216
0.00021231257564890895,0.000216
0.0001834438378688692,0.0002
0.00023731257716386154,0.000234
0.0002415305817381784,0.000216
0.00013297100704683573,0.0002
0.00011214833971690529,0.0002
0.00016619719637127672,0.000184
0.0001997147154653968,0.000184
0.00022064464059211916,0.000216
0.00017479346105483772,0.0002
0.00022080572452488846,0.0002
0.0002789652293379942,0.000216
0.00014475648507987623,0.0002
0.0001997147154653968,0.0002
0.0002038205510271437,0.000218
0.00022854726014924072,0.000216
0.0002334438408987743,0.000216
0.00019907809172375426,0.000234
0.00022080572452488846,0.000216
0.0002038205510271437,0.000218
0.000245820558305966,0.000232
0.00022029986929974653,0.000218
0.00022083294331112842,0.000216
0.0001993541848902664,0.000234
0.00032732133602155546,0.00025
0.00024971471849530194,0.000216
0.00022880573999972946,0.000234
0.00022904473277717108,0.000282
0.00034971472455511224,0.00035
0.00026921323132217536,0.000384
0.000424531238977948,0.000416
0.0004955306144870037,0.00045
0.00039907812356713296,0.000418
0.00029968016550093726,0.000316
0.0002664910173942923,0.000266
0.00018269693859543858,0.000234
0.00021231257564890895,0.000216
4.849411762843851e-05,0.0002
0.00022426890087500048,0.000218
0.00021669693039941983,0.00025
0.00027021379784910736,0.000232
0.0002785472631791459,0.000268
0.0002573819547227224,0.0002
0.00023687512393196606,0.000166
0.0002155613350242279,0.000116
9.103669467545456e-05,8.4e-05
0.0001403913412697985,5e-05
-0.000114434219514302,0.0
6.14331778713642e-05,-6.6e-05
1.5598805441491954e-05,-0.000218
-6.100141472182796e-05,-0.0002
-0.0006688201065993884,-0.0002
-0.00017251504625616777,-0.000266
-0.0002143474015907585,-0.000216
-0.00016312490030727505,-0.000234
-0.00022961007956595202,-0.000234
-0.00023768741217272096,-0.000216
-0.00010529564023866823,-0.000216
-0.0002252291173018421,-0.000268
-0.0002923474686444862,-0.000266
-0.0003002852753861383,-0.000266
-0.00028380280131223227,-0.000284
-0.00023425743090756682,-0.0003
-0.00025028527235623315,-0.00025
-0.00027546874426944947,-0.000184
-5.051915442257372e-05,-3.2e-05
8.319720100627571e-05,8.2e-05
0.0001952998875085521,0.000168
0.00010267535398380404,0.000266
0.0003202998753595568,0.0003
0.00044470532996880016,0.00035
0.0003621483450045519,0.00035
0.00036231260446238254,0.000384
0.0005412485107286211,0.0005
0.0007906237561151493,0.000666
0.0004719372522316701,0.000884
0.0006038381096873757,0.00105
0.0007698132188964779,0.001016
0.000938689377348563,0.000934
0.0009693729967343046,0.000882
0.0009688564709560063,0.000834
0.0006698095047701364,0.00075
0.0008483204034958689,0.000616
0.001066401815867169,0.000534
0.0004784582422545004,0.00045
0.00037880568991817046,0.0004
0.0003120501571066015,0.00035
0.0009472489361182163,0.00035
0.00045338544034823503,0.000366
0.0004121626280353539,0.0004
0.00045762364205089226,0.000418
0.0003828313484030584,0.000432
0.0002245418579639676,0.00035
0.0003992292075545228,0.00035
0.00034948084023103015,0.0003
0.0002989287889344077,0.000134
0.0002813001475509442,1.6e-05
-0.00027657942853810436,-0.0001
8.383051115654991e-05,-0.000182
-3.595986017940366e-05,-0.0003
-0.00014436245841061072,-0.000368
-0.0002400690954162325,-0.000382
-0.00030996155389443887,-0.000418
-0.0003680616704717703,-0.000416
-0.00030913465505797257,-0.00035
-0.0003921938857996223,-0.000416
-0.0007605357397631828,-0.000418
-0.00022985976262030817,-0.000416
-0.00030820503488908775,-0.00035
-0.00035106140829904475,-0.000316
-0.0002962813919302423,-0.000318
-0.00035100365713519653,-0.0003
-0.0003214527337321995,-0.000332
-0.000316786092555119,-0.000334
-0.00026765292897192353,-0.000366
-0.00033358118819562147,-0.000434
-0.0003675239219297081,-0.000484
-0.0006132468401255147,-0.00055
-0.00046017237051120685,-0.000582
-0.0005021159678417347,-0.000534
-0.00028476409783669785,-0.00045
-0.0005302105678383457,-0.000316
-0.0004730033852397497,-0.000168
-0.00037044019791397865,-5e-05
6.585477600819214e-05,6.8e-05
-0.0001200269897550757,0.000116
0.00016543309798074378,0.00025
0.000525944097281193,0.00035
0.0007900692818261802,0.00045
0.0002884358679438762,0.0005
0.0003851187520826373,0.000566
0.0005415608956101199,0.000584
0.0007455645939480549,0.00075
0.0005977163285293979,0.000984
0.0007168357567845368,0.00125
0.0008857803961249009,0.001182
0.0010366742464862264,0.0011
0.0011265412112466168,0.001134
0.0011651023418453614,0.001134
0.0012979992885349002,0.0012
0.0011410996327134888,0.001332
0.001197995101038363,0.001218
0.0012192311191677359,0.00115
0.0012233475463876067,0.0011
0.0008884371863470173,0.001116
0.0011448750756025508,0.001116
0.001120044678683886,0.001084
0.0011036669377657293,0.001084
0.0010995998988362534,0.00115
0.001107821313496271,0.001166
0.001120070398464507,0.001216
0.0011528289572070908,0.001118
0.0012366542981626042,0.001016
0.0007644890665178795,0.000966
0.0010766137521991685,0.00095
0.00101087273061154,0.000868
0.0012227084177286796,0.000782
0.0008896807298505362,0.000734
0.0005572729202433702,0.000616
0.0007477417812671202,0.000484
0.0006511418749788747,0.0004
0.0005553441339343816,0.00035
0.0004600017750179377,0.000434
0.00041578694748950967,0.000516
0.0004235004359297799,0.00055
0.00046057916831387116,0.000534
0.0005073913781048833,0.000416
0.000502704342561881,0.0003
0.00019137745331191544,0.0002
0.0003593979852737961,8.4e-05
-0.0001813906190788185,-3.4e-05
0.000134397971639223,-0.000116
-0.00016818556300081597,-0.000184
-6.497696499914881e-05,-0.00025
-0.00014798835576541807,-0.000334
-0.0002229999184325487,-0.000382
-0.0004297862248458064,-0.000368
-0.0003347723453975075,-0.00025
-0.00033477238484502385,-0.0002
-0.0003019152862067481,-0.0002
-0.0002562026562085554,-0.000182
-0.0002086304308449464,-0.000118
0.0006657088171092653,-6.6e-05
-0.00014281978439106645,-8.4e-05
-0.00022626074874785229,-0.00015
-0.00010530082758706035,-0.000216
-0.00027119425085180563,-0.000284
-0.00026806170385947634,-0.000332
0.00012613167556754695,-0.000284
3.101507417046205e-05,-0.000266
-0.0002921099551489055,-0.000234
-7.11942584559432e-05,-0.000116
-0.00022662319252752275,-3.4e-05
-0.0001648033329541306,-1.6e-05
-2.0844587710705943e-05,-3.4e-05
-5.096364410518738e-05,-8.4e-05
-0.00020489482994733718,-0.00015
-7.228969625955213e-05,-0.000232
-0.0002132845474356049,-0.00025
-0.0001806509781483852,-0.000284
-0.0002302231334166114,-0.000416
-0.0002972868302254361,-0.000568
-0.0003826062064129085,-0.0007
-0.0004958830235828524,-0.0008
-0.0006245746283508032,-0.000732
-0.0007020917197388371,-0.0006
-0.0007097874567967769,-0.000368
-0.00026041699216385733,-0.000316
-0.00019171776188214228,-0.000216
-0.0001467959362430107,-0.0002
-0.0005747245258827992,-0.000168
-0.00022637238521895235,-6.6e-05
-0.00016394732185064244,-1.6e-05
-2.9194261038999995e-05,-3.4e-05
-0.0002010036480454811,-8.4e-05
-5.066086962484474e-05,-0.000132
-0.00021285167011559904,-0.000218
-0.00011868269729495272,-0.000332
-0.00019383777002634556,-0.0004
-0.0006515897470641445,-0.0005
-0.00036504504000605856,-0.000484
-0.0004306786854543463,-0.0004
-0.0004253622253414243,-0.000366
-0.0004388919344784917,-0.000318
-0.00039350303052273106,-0.000366
-0.0003632259177923556,-0.000434
-0.001174336477576402,-0.000582
-0.00042746951166162413,-0.000734
0.00023060612464319486,-0.000566
-0.0002723493333000447,-0.000384
-0.00018527059788604828,-0.000284
-0.0004962765125578429,-0.000332
-0.0003941480763091015,-0.0004
-0.0006720055724348203,-0.000468
-0.0007128515820721015,-0.000566
-0.00023210740320346698,-0.000616
-0.0007858076332841627,-0.000718
-0.000809572631682873,-0.00075
-0.00015517642301246661,-0.000666
-0.0006887660331560204,-0.000634
-0.0005645163765123635,-0.000666
-0.000923580766357313,-0.000716
0.0001281919601720875,-0.00075
-0.0006926086157178074,-0.000768
-0.0005683176969721115,-0.000616
-0.0007139579271139646,-0.00045
-0.0006491616735414762,-0.00035
0.00024469709304203316,-0.000334
-0.00029654685399111433,-0.000316
-0.00019617945348833924,-0.000266
-0.00018330305439230498,-0.000184
-0.00012545813365973115,-0.0001
-0.00016322592539649315,-0.0001
9.325716578176882e-05,-3.4e-05
9.626152313897492e-05,-0.0001
-9.171775582233197e-05,-0.00015
-0.0001674247190303769,-0.000232
-0.00028812486843452157,-0.000268
-0.0002801042613561773,-0.00025
-0.00022612029586610252,-0.000182
-0.00014269000206247308,-0.0001
-0.00020163845720137433,0.0
-0.00013531562419598792,0.0001
6.078190923929906e-05,0.0002
4.7227290228429573e-05,0.000232
0.00013074491466945017,0.000218
0.00018621512450701667,0.00025
0.00022454183824020943,0.000266
0.0002410474482824194,0.00035
0.0003696007697820164,0.000434
0.00032317664465626316,0.000532
0.00039305251545386965,0.00065
0.0004887247345015287,0.000668
0.0005686490711236298,0.00055
0.0005985192038284438,0.0005
0.0005902738050785222,0.000432
0.0001720025690010942,0.000468
0.0004864234452962157,0.000482
0.0005745418594495454,0.0005
0.00046987903862173475,0.000534
0.00039845505004733594,0.000434
0.0004866035626555948,0.000332
0.00044808925625868597,0.000234
2.7577488545835687e-06,0.000166
0.00019994810669552528,0.0002
0.0002652237659334833,0.000234
6.083128766781478e-05,0.000316
0.0001497147124354917,0.000434
0.0005956669906106277,0.0005
0.0003684464960078612,0.0006
0.0004599409863953352,0.000766
0.0005718973374049951,0.000984
0.0007079547796521544,0.001066
0.000849459568871285,0.001084
0.00106525491877856,0.000916
0.0010108313107194357,0.000768
0.0009553290497748837,0.000616
0.0004695319793734173,0.0005
0.0004497147306149225,0.000434
0.0005245312450377584,0.000566
0.000527299158913263,0.000784
0.0004394354179251001,0.0008
0.0005610328208110139,0.000666
0.0005477576270490482,0.00055
0.0006974978742439954,0.000366
0.0005915492616227195,0.000234
0.00044988210642654,0.000134
0.00031713829499523826,3.2e-05
-0.000121452731474458,-0.000116
6.778982214492198e-05,-0.000234
-4.9479012174923984e-05,-0.000416
-0.00018756715338940646,-0.000534
-0.0004093528847778979,-0.0005
-0.0004296396773227899,-0.000332
-0.00044744340650730563,-0.000218
-0.00047972646488853254,-0.000216
-0.0003089632950472098,-0.000316
-0.0003774374772484917,-0.00045
-0.00030237035275466694,-0.00055
-0.00038615529945349965,-0.00065
-0.0004945640958757037,-0.000734
-0.000598641910036937,-0.000816
-0.0006899485119043227,-0.000818
-0.0007562167100996478,-0.00085
-0.000805564527342734,-0.000932
-0.0008551667021708568,-0.001
-0.0009017648697384804,-0.001018
-0.0009516385223737095,-0.000916
-0.000967575871220007,-0.0008
-0.0008926225922581946,-0.00085
-0.0009383038417571787,-0.001016
-0.0011047897963022337,-0.00115
-0.0009574359660527527,-0.001218
-0.0010619870320669144,-0.001166
-0.0011393484241081526,-0.001116
-0.001163413460315763,-0.001068
-0.001196532806042333,-0.00095
-0.001076985766710613,-0.000766
-0.0006217799296117377,-0.000616
-0.0003756140947030294,-0.000468
-0.000296564506754654,-0.0004
-0.0005659984985944029,-0.000282
-0.00017546873820963916,-0.000184
-0.00018409876996714419,-0.000184
-0.00010896329278946831,-8.2e-05
-1.700883943111607e-05,-3.4e-05
9.957457210396712e-05,5e-05
-6.339646081148264e-05,6.6e-05
8.036694379513973e-06,3.4e-05
0.00016817533152314385,-5e-05
-0.00015509567394662144,-0.000116
-1.8270602756221308e-05,-0.000218
-0.00026655614995276075,-0.00025
-0.000213030130679294,-0.00025
-0.00014643542539163846,-0.000166
-0.000375785967531504,-0.000134
0.00011248869288745348,-6.6e-05
0.00012688794362609638,-1.6e-05
4.955067497380433e-05,5e-05
0.00018308722245973053,0.0002
3.9518171833323324e-05,0.0003
0.00023696985714233596,0.000282
1.2836608990379488e-05,0.00035
0.0004456669815209123,0.00045
0.000288098650850873,0.000568
0.000409825402142701,0.000732
0.000521472326834584,0.000784
0.0004261376996313329,0.0009
0.0007430386116899554,0.001066
0.0008673204575069047,0.001084
0.000955432954532791,0.000916
0.0006808314169541139,0.000934
0.0009981262913579224,0.001166
0.0010224130226070814,0.001268
0.0010672673732695993,0.00105
0.0011013987844740998,0.000782
0.0007777577908871737,0.00065
0.0009315705996638774,0.000618
0.0007707781051449259,0.0007
0.000685964525011321,0.000916
0.0012580367454724448,0.001216
0.0008567644599378258,0.001384
0.0015806108415337976,0.0012
0.001174831992843202,0.001116
0.001226588869906105,0.001318
0.0012519300332656897,0.001566
0.0016161972349291304,0.0016
0.0013951197836956219,0.001516
0.0014972907443669236,0.001434
0.0015274505796313697,0.001334
0.001468557331291516,0.001082
0.0007228091363862324,0.000884
0.0011781615210081243,0.000934
0.0010541621983028424,0.001
0.001042787980350881,0.001
0.0009532885875472788,0.000982
0.0009513618130616209,0.000884
0.0010272110240134068,0.0008
0.0009145044995864642,0.0009
0.0008898974545050322,0.000984
0.0008903800554193213,0.000966
0.0009107117786852673,0.000884
0.0009324482280062923,0.000816
0.0006120612205905935,0.00075
0.0005850515061869839,0.000734
0.0007945266933768598,0.000766
0.0007657361602978644,0.000784
0.0007580367151733934,0.000882
0.0007901293998410059,0.000984
0.0008518402264793731,0.000966
0.0009020339562617773,0.000834
0.00033825234140424313,0.00065
0.00022045825107764997,0.000466
0.00017388906757262015,0.000284
8.655544696305693e-05,0.00015
-2.6387077161028807e-05,3.4e-05
-2.518116165711082e-05,-3.4e-05
-0.00013380280208439595,-6.6e-05
-0.00021343931976576785,-8.4e-05
-0.00023883829346047522,-0.000134
-0.00013785164584698319,-0.000116
-0.00012994592965983288,-0.00015
-0.00012161008761693794,-0.000266
-0.000510110717073151,-0.000368
-0.0003677088913335909,-0.000316
-0.0002770011422110002,-0.000384
-0.0005132845064437612,-0.00045
-0.0003806874003255412,-0.000516
-0.0006936678604252205,-0.000516
-0.0004678579301099439,-0.000618
-0.0005264904698146384,-0.000732
-0.0005977107514149168,-0.00085
-0.0006820959315216147,-0.000868
-0.0007694960064033076,-0.000832
-0.00012950235220103343,-0.000818
-0.0008424694145225363,-0.0007
-0.0009167841170906498,-0.000566
-0.0007316577909880893,-0.000516
-0.0006529273334464983,-0.000534
-0.00046303010638130336,-0.000484
-0.0005307240956054061,-0.000566
-0.0013914631811584568,-0.000766
-0.000590156591492941,-0.000968
-0.000700651175338967,-0.001132
-0.0008632733245584709,-0.001068
-0.0009869347398392147,-0.000832
-0.0006128516549073238,-0.000684
-0.0009334697853209644,-0.000584
-0.0007965166872164458,-0.000482
-0.0006487042401425799,-0.000468
-0.0005004001192256783,-0.0005
-0.001115161258390109,-0.000516
-0.000491952591402288,-0.000484
-0.0003192298661892706,-0.000366
-0.00036352926919262394,-0.000234
-0.00040275110624170615,-6.6e-05
0.000129169992305339,0.0001
0.00037735725601504243,0.0002
0.0004323715906306062,0.000284
0.00012626828231645842,0.000282
0.00021463175430285934,0.000318
0.0002699222215324515,0.000266
0.00028702749299354044,0.000184
9.537744512764661e-05,0.000132
0.0002232172498144732,0.0001
7.405147186831444e-05,3.4e-05
0.0001036669807173569,5e-05
0.00018319720213514644,8.4e-05
0.0003642357103290254,0.00015
0.00018716262426265987,0.0002
0.00011955899943649798,0.000316
0.00018539585876495247,0.000466
0.000515621550113517,0.000618
0.000801825115050729,0.000682
0.0005169846984864264,0.000668
0.0006063758078578132,0.000632
-0.00022797728769544372,0.000568
0.0006364059002411822,0.000432
0.0003659911642514367,0.00035
0.00039994809909138767,0.000418
0.0004400384521066219,0.000532
0.00043138666504388305,0.00055
0.0004604575516211498,0.000534
0.0005071919314625222,0.000416
0.00029971472152520706,0.000334
-0.00034025073756479906,0.0002
0.00036798294824394006,3.4e-05
-0.00011328453151391553,-0.0001
-0.0002711288074222809,-0.000268
-0.0005637415089498834,-0.000416
-0.00019171212088731282,-0.000466
-0.0003160377731711019,-0.00045
-0.0004019426688428635,-0.000368
-0.0004161718613387812,-0.000216
-7.62568639396614e-05,-5e-05
0.00011644382907509437,0.0001
0.00022032620051686994,0.000234
0.00031621392134601996,0.00035
0.00040803669396405736,0.000382
0.00026375259053721425,0.000418
0.0003442885214518721,0.000432
0.00041214834803445703,0.0005
0.00043193829911167926,0.000584
0.0004818677699824583,0.0007
0.0011891310863379853,0.00085
0.0006552414581092896,0.0009
0.0007554058814169956,0.00075
0.0007980391002273015,0.0006
0.0007721588471101006,0.000566
0.00044103667150633465,0.000584
0.0007924931739121218,0.000616
0.000905586520683802,0.00065
0.0006817294002149344,0.000734
0.0010325724937424155,0.000966
0.0007381139048613072,0.001284
0.0009024062619205202,0.001584
0.001134032689065208,0.001782
0.0013963420255403442,0.001818
0.0016117456616108617,0.001482
0.0016630561505794296,0.001234
0.0011408848015397747,0.000966
0.0011710127632110585,0.0007
0.0004945470301158344,0.000468
0.0002660872326175502,0.000266
8.731258779790427e-05,6.6e-05
-7.945273405751482e-05,-6.6e-05
-0.00010066087265474988,-0.00015
-0.00027119425085180563,-0.0003
-0.00011579427125718275,-0.000484
-0.00025394258965776527,-0.000666
-0.00040480691355314786,-0.000784
-0.000563051808575073,-0.000832
-0.0006948271440339445,-0.000734
-0.000755525747404316,-0.000734
-0.0011648438272564303,-0.000832
-0.0007842160837919353,-0.000918
-0.0009838027648358715,-0.001032
-0.0008817212711315149,-0.001084
-0.0009689343647859945,-0.001184
-0.0010568781842322256,-0.001216
-6.91123270268386e-05,-0.00125
-0.0011850383520607204,-0.001284
-0.0012344275103008783,-0.001216
-0.0012422008800708766,-0.001234
-0.001246622473276765,-0.001116
-0.0012140141306762125,-0.001066
-0.0011597261431780925,-0.001084
-0.0017054980733685618,-0.00105
-0.001034840119201649,-0.000966
-0.0010426224830053612,-0.000918
-0.0010061340827025463,-0.000916
-0.0011306508779265177,-0.000866
-0.0009173784333710716,-0.000868
-0.000935636795180827,-0.00085
-0.0008756140855545644,-0.000882
-0.0008667860469890429,-0.0009
-0.0008050480015644357,-0.000834
-0.00029732811205123333,-0.000616
-0.000810813334965219,-0.000434
-0.00025028527235623315,-0.00025
-0.0002211942675456586,-0.000216
-8.358118290797483e-05,-0.000184
-0.00012520653740083498,-0.000134
-0.00017961005681228873,-0.0001
-3.38028009555252e-05,-5e-05
-8.689999267742013e-06,0.0
7.080574008987075e-05,3.4e-05
7.463780002668753e-05,6.6e-05
5.429989336256306e-05,5e-05
4.515541421777423e-05,5e-05
4.971471130662095e-05,3.4e-05
-0.0004070421281686754,1.6e-05
3.7148348732131304e-05,6.8e-05
4.152023313655507e-05,0.000132
0.0005259976275607982,0.00025
0.00011433367294808444,0.000284
0.00027438588551446295,0.0003
0.0002873125801937667,0.000284
0.00027904473580707623,0.000332
0.00029951134985497515,0.0003
0.0003035645821537496,0.000284
0.00029951134985497515,0.000284
0.00023917089048499843,0.000316
0.0005236164571349984,0.000434
0.00032796847252628924,0.000516
0.00038519666092730966,0.000584
0.0004600230372292179,0.000732
0.0011324210213396729,0.0007
0.0008398461302564341,0.000718
0.0008615146509544081,0.00075
0.0007245419079867771,0.000882
0.0008369415307369853,0.0009
0.0008410367351930921,0.000834
0.0008400589890543337,0.0008
0.0008530211273270238,0.0008
0.000832486328247218,0.000834
0.000816575330341802,0.0009
0.000832486328247218,0.00105
0.0008936213789378196,0.001182
0.000988152460234248,0.001334
0.001112522905172784,0.001466
0.001254117003568795,0.001618
0.0017541552979586474,0.00175
0.00153811703024606,0.00185
0.0016674255152737503,0.00185
0.0017646383965176228,0.00185
0.0018239251732799831,0.001782
0.0018322680073951405,0.001734
0.0018027831980294451,0.001616
0.0017433824968400397,0.001418
0.0016340186760484602,0.00115
0.0014740145006950436,0.000882
6.065744739446528e-05,0.00065
0.0010178654340341634,0.000418
0.0007682643516168762,0.000216
2.080573829270049e-05,1.6e-05
-4.617945426050289e-05,-6.6e-05
-8.768742280676371e-05,-0.0001
-6.730305683032897e-05,-5e-05
8.731258286696473e-05,8.4e-05
0.0003037706954263637,0.000182
2.624631539287244e-05,0.000318
0.00043344381357087857,0.00045
0.00025507021192559267,0.000666
0.0007179525159707004,0.000984
0.0005982545109941394,0.001232
0.0008255965828421109,0.001434
0.001071888334222816,0.001384
0.0012541585812509643,0.001232
0.0013691464344399772,0.00105
0.0012712878762494737,0.000918
0.0011416122137401581,0.000882
0.0010170977064721317,0.000818
0.0009148984224841339,0.000682
0.0008227678803440036,0.0005
0.0007168704705988718,0.000318
-0.0004087390419769127,0.0001
-8.794983754700237e-05,-6.8e-05
0.00020716550317093527,-0.000282
-0.000365177149738113,-0.000534
-0.00020188936312873546,-0.000534
-0.000785875483012181,-0.00065
-0.0005033347777525399,-0.0007
-0.0006063029727280581,-0.00085
-0.0006863131076980895,-0.000932
-0.0001530604385149249,-0.00065
-0.0005307238589203083,-0.000718
-0.0007902314355509632,-0.000832
-0.0007856743795741358,-0.001
-0.0009321521593818533,-0.00115
-0.0013773204576182463,-0.001318
-0.001079459125981982,-0.001282
-0.0011906003729625463,-0.0012
-0.001239141961867702,-0.001184
-0.0012473837314461252,-0.0012
-0.0012174529284612575,-0.001216
-0.0012002852115818817,-0.00125
-0.0012131080212270365,-0.001334
-0.0012512841440667929,-0.001416
-0.001305925502415837,-0.0014
-0.0013516224520263044,-0.001318
-0.0013680371947147408,-0.00115
-0.001323616293361215,-0.001066
-0.001236778030006521,-0.000984
-0.001132566449317549,-0.0008
-0.00033179184885671724,-0.000632
-0.0008746670295834795,-0.000518
-0.0007378645420961553,-0.000332
-0.00027672919103369854,-0.000168
2.0658775338028045e-05,0.0
0.00011163637505767796,0.000118
0.00017054727123013178,0.000182
0.0001952998875085521,0.000218
0.0001997147154653968,0.0002
0.00014128223383956585,0.00015
0.00018687511104018185,0.00015
0.00017874989901051617,0.000216
0.0003412822262354283,0.000334
0.00033528732801359657,0.000516
0.00030055258677120193,0.00065
0.0004248728150215012,0.000834
0.0005789617169647171,0.000866
0.0007129759751056474,0.000866
0.0008017711508484446,0.000734
0.0008236565539909797,0.00055
0.0004638027404500391,0.00045
0.0004994808493207456,0.0005
0.000555838490208525,0.000616
0.0005274760810238228,0.000768
0.0005804654957331997,0.00085
0.0006801478309443284,0.000832
0.0007642162474952194,0.000884
0.0008324529556484368,0.000984
0.0008860420909479672,0.00105
0.0009353950363681712,0.0011
0.001002495103787015,0.001082
0.001052902796897775,0.001018
0.0010617218414295825,0.000816
0.0010012041443689158,0.0007
0.0009001977532735209,0.0007
0.0008052788239969314,0.000716
0.0007317996987188679,0.00065
0.0005201652333823222,0.0006
0.000665371580292504,0.0005
0.0003407449905110778,0.000434
-0.00020560961894250794,0.000366
0.0002999481127553355,0.0003
0.00026619719256920795,0.000268
0.0002582822259394877,0.000232
0.00029027690325287816,0.000218
0.0001781815983670875,0.00015
0.0001576236435952196,0.00015
0.0003640925158448935,0.000216
0.00024152022676515234,0.000266
0.0002273572272015689,0.000234
8.942978877043666e-06,0.0002
0.00021231257564890895,0.000184
0.0002488122973888989,0.000182
0.00022845824682873284,0.0002
0.00040099795528992377,0.00015
2.032620134096569e-05,1.8e-05
0.00013573182036940828,-0.000118
-0.00014684392414657723,-0.000116
-0.00018399908609347993,-0.000166
-0.00022134122926759618,-0.0002
-0.00025417945226932723,-0.000234
-0.0003108059674281378,-0.0002
-0.00018455172607294155,-0.000216
-0.0002508781882498266,-0.000268
-0.0004108485373580248,-0.000266
-0.0002670575278848038,-0.000266
-0.00023342471356244777,-0.000268
-0.0003000518841560098,-0.000266
-0.0005936815821010791,-0.000284
-0.00023380279828232715,-0.00025
-0.0002378516519067935,-0.000266
-0.0008323223299073172,-0.000284
-0.00027135533478457493,-0.0003
-0.0002754687639932076,-0.000282
-0.0002833030407283571,-0.000484
0.0002805581594932916,-0.000466
-0.0005195294427475957,-0.0005
-0.0004351827634167966,-0.000518
-0.0004924797680099845,-0.000466
-0.00048805837204167756,-0.00045
-0.0004841686496979242,-0.00045
-0.00047169404327905947,-0.000516
-0.0005342774489777566,-0.0006
-0.0005055290063986424,-0.00065
-0.0005559049442587891,-0.0008
-0.0006440614252653385,-0.000818
-0.0007193287853518502,-0.000782
-0.0007641419528073615,-0.000784
-0.0009298300418879394,-0.00085
-0.0010432010991742995,-0.00085
-0.0008173324315072675,-0.000784
-0.0008472609465361902,-0.00075
-0.0005942357802574341,-0.00075
-0.0007845136758548254,-0.0008
-0.0007715417545980954,-0.000916
-0.0008056820809412776,-0.001034
-0.0010271411474473734,-0.000916
-0.0009185519969806924,-0.000684
-0.0008906489541231845,-0.000482
-0.0005070584260527133,-0.0004
-0.0006254463001182584,-0.000418
-0.0004987958676332057,-0.000466
-0.0004436449657162468,-0.000616
-0.00047710588748637017,-0.000734
-0.0005615974575445015,-0.00085
-0.0006700284629183767,-0.00095
-0.0008398735312655712,-0.001016
-0.0008901417379587306,-0.001
-0.0007801775259692206,-0.0009
-0.0009676284153117051,-0.000668
0.00020755889352713506,-0.000582
-0.0007916922559742062,-0.000584
-0.0006867170502648968,-0.00065
-0.000525458128313335,-0.0007
-0.0006302231576558524,-0.0007
-0.0006596816949756988,-0.000784
-0.0007096945973434308,-0.000882
-0.0007683599968291946,-0.000868
-0.0008103108525027199,-0.000832
-0.0008424406178356447,-0.000934
-0.0008799095256033582,-0.00105
-0.000923058007871441,-0.001084
-0.000977468756040255,-0.000866
-0.0009856757329093102,-0.00065
-0.0008060636173188323,-0.000566
-0.00038867642966709554,-0.0005
-0.0006489212014821737,-0.000484
-0.0005516226402329199,-0.0005
-0.0005088687120227675,-0.00055
-0.0005091179808782026,-0.000634
-0.0005434497460179389,-0.000732
-0.0006061840779139607,-0.001034
-0.0007420354857835384,-0.001284
-0.0009273537635003649,-0.001116
-0.0010464625409261057,-0.001016
-0.0011151274913161649,-0.001118
-0.0011358853266530732,-0.001166
-0.0011053550003156335,-0.001166
-0.0011180193887353684,-0.001268
-0.0009582975787035539,-0.001266
-0.001217753439640353,-0.001134
-0.0012099784919697033,-0.000982
-0.0011654142383419805,-0.000868
-0.0010662368707868772,-0.00075
-0.0005303137625409598,-0.000682
-0.000823340919398461,-0.000684
-0.000747874349354686,-0.000716
-0.0007086900268935953,-0.0007
-0.0006958445743740903,-0.000634
-0.0006842638881218682,-0.0005
-0.0006007179539242354,-0.000466
-0.000577372795441397,-0.000284
-0.00047409750155156296,-0.000116
4.044726539007278e-06,6.6e-05
-0.0002048911021570478,0.000184
8.244826525481663e-05,0.0003
0.00032438590826812624,0.0004
0.0002777768531860065,0.000416
0.0002792998823424385,0.000316
0.00025755341335227596,0.000218
0.0003355464784718622,0.000282
0.00030622397591194116,0.00035
0.0002902895659056072,0.000418
0.00031514724078178627,0.000516
0.00038935506030451266,0.000484
0.0004404173060530689,0.000382
0.0004486892529814535,0.000368
0.00043591946079819235,0.000416
0.00041138744489274356,0.000384
0.0003870612266797785,0.000416
0.00042793196990977337,0.0005
0.00042793196990977337,0.000584
0.0004690705223278595,0.0006
0.0005231766567758838,0.000632
0.000536022424875519,0.00065
0.0006158547698896324,0.00065
0.0006324910103820359,0.00075
0.0006693462331388293,0.000784
0.0007070182167204025,0.000784
0.0007406376780584945,0.000766
0.0007317772925296153,0.0008
0.0007657868898038132,0.00085
0.0007992227624010924,0.00095
0.0005549085544595099,0.001084
0.0009183091336375806,0.001166
0.0010094884383698992,0.001216
0.0011015042671326588,0.001218
0.0011696506404735726,0.00135
0.0011571898801329256,0.0016
0.0013421221244553404,0.001332
0.0013715426343694835,0.001284
0.001444470993425109,0.00125
0.0011461681651865295,0.00135
0.0013030211151486538,0.0013
0.0012951051820547844,0.00115
0.0012606656068530281,0.001016
0.0012007478276200962,0.000868
0.001079534525200296,0.000682
0.0009246845623253015,0.0005
0.0007616867149606537,0.000284
0.00012029988296369441,0.0
-0.00021431485738981942,-0.000166
4.031737111694488e-05,-0.0003
-5.090332392184078e-05,-0.000434
-0.0002289871835599783,-0.000534
-0.0003619401654464066,-0.000716
-0.0004997628840475333,-0.000884
-0.0009263732560354663,-0.000866
-0.0007534899399836332,-0.000884
-0.0008392496293479322,-0.00095
-0.0008967959027965551,-0.000882
-0.000896300915362151,-0.00085
-0.0008924032640676234,-0.000934
-0.0010505190868162484,-0.001066
-0.0009350446090662848,-0.001184
-0.0010116558671377565,-0.001216
-0.001102751148660378,-0.001018
-0.0011230237006518895,-0.000782
-0.0010542655752283536,-0.000634
-0.00027561258963760014,-0.0006
-0.0007625843281791434,-0.000566
-0.0006475436942133347,-0.000568
-0.0008694356577631946,-0.00055
-0.0005714527488817251,-0.000482
-0.0005423707381048647,-0.000418
-0.0005059725937193209,-0.000332
-0.00044749555612384073,-0.000368
-0.0004013978986429017,-0.000382
-0.00021967857562725653,-0.000434
-0.00037990949530430684,-0.000484
-0.00041813776776059844,-0.0005
-0.0001299630301581445,-0.0005
-0.0004801732080105142,-0.000466
-0.00048785162760880285,-0.00045
-0.00047954177161726384,-0.000466
-0.00047095527019398454,-0.000468
-0.00046268742580729414,-0.000466
-0.0004378373840255171,-0.000416
-0.0004545468391081545,-0.00035
-0.00024584460627621863,-0.000218
-0.00017125010247506165,-0.00015
-0.00028610375521365676,-0.00015
-0.00023391277795774306,-0.000182
-0.00017569753380411988,-0.000234
-0.0004107391493953532,-0.00035
-0.00023088567417645637,-0.00055
-0.0005248257057321773,-0.000766
-0.00048002117728273343,-0.000834
-0.000629718189999827,-0.000866
-0.0007570550487158381,-0.000818
-0.000821897929252581,-0.000766
-0.000821897929252581,-0.000734
-0.0007972487542237515,-0.000716
-0.0007594619783697751,-0.000684
-0.0007707229030549523,-0.000666
-0.0007006608794279743,-0.000684
-0.0006879498640439849,-0.000682
-0.0006791942511183714,-0.000718
-0.0006879725069183352,-0.0008
-0.0007221864423269141,-0.000882
-0.0007724169371945004,-0.001
-0.0008525847833346583,-0.001
-0.0009225988387818279,-0.000934
-0.0009552294297815677,-0.000916
-0.0009634445328389788,-0.00085
-0.0009263254456457231,-0.000868
-0.0008928497310569911,-0.000816
-0.000863396400809295,-0.00075
-0.0008221181252885105,-0.000734
-0.0007933294067952645,-0.00075
-0.0009461288088784839,-0.00075
-0.00047943956310255695,-0.000716
-0.0007378516822058447,-0.000634
-0.0006169128161568725,-0.000616
-0.0006128516549073238,-0.0006
-0.0006426086521354186,-0.000584
-0.0006089633132266406,-0.000616
-0.00040269718148693804,-0.000616
-0.000604333003212063,-0.0006
-0.0006043330426595793,-0.0006
-0.0006302588182105785,-0.000668
-0.0006216940129212586,-0.0008
-0.0006690252336840951,-0.000966
-0.0007619649232783614,-0.001
-0.000786211181375807,-0.000866
-0.0009099709787621774,-0.0007
-0.0005628373324290055,-0.00055
-0.00041708104769422793,-0.00045
0.00043679263157126656,-0.00035
-0.00010931775830896918,-0.000234
-0.00021716862878452884,-0.00015
-0.00030998179047029553,-0.000134
-0.0003648070136927661,-0.00015
-0.00021742472206028203,-0.000182
5.147910255694167e-05,-0.000168
-0.00016268740762786328,-0.000166
-0.00016691278888772635,-0.000184
-0.00017561410230716699,-0.000166
-0.00016294983222998102,-0.00015
-0.00011750898575714579,-0.00015
-0.00016268740762786328,-0.000184
-0.00017536221019189864,-0.0002
-0.00010529466391264007,-0.000182
-0.00019186872752698325,-0.000184
-0.0001791942405430782,-0.000184
-0.00016730306289013924,-0.000182
-0.00017536221019189864,-0.00015
-0.00016655614389295047,-0.000168
-0.00021742472206028203,-0.000166
-0.00019630085321972103,-0.000184
-0.00023378609225917842,-0.000166
-0.00017119426451575349,-0.0002
-0.00018794983374493358,-0.0002
-0.00019570012671790216,-0.0002
-5.0921908632952796e-05,-0.000184
-0.00019617945348833924,-0.000182
-0.00016700884358989196,-0.000184
-0.00017995526202734056,-0.0002
-0.00017546873820963916,-0.000166
-0.00016283736736103887,-0.000168
-0.00018380279525242202,-0.000166
-0.00017536221019189864,-0.000184
-0.00017119424479199532,-0.000166
-0.00017119426451575349,-0.000166
-0.0001668027894885523,-0.00015
-0.00015896330568125253,-0.000184
-0.00017961007653604687,-0.0002
-0.00018330305439230498,-0.0002
-0.00018400884935376166,-0.000184
-0.00022536221322180377,-0.000166
-0.0002045468239586288,-0.000166
-0.0001668027894885523,-0.000168
-0.00015005189479005255,-0.00015
-0.00017522911427193694,-0.000166
-0.00015895257595682172,-0.000166
-0.00017084458200760275,-0.000184
-0.00016680280921231046,-0.000184
-0.00016655614389295047,-0.000166
-0.00017919426026683635,-0.000166
-0.00016305837207105232,-0.00015
-0.0001793553244758475,-0.000168
-0.00015484459050543704,-0.00015
-0.00015871776461610682,-0.000182
-3.868287438656631e-06,-0.000168
-0.00017520653056886102,-0.000166
-0.00016678610318916174,-0.000166
-0.00015065339051843906,-0.000168
-0.00018003476849642262,-0.000182
-0.00017067379398582618,-0.000168
-9.33873127780223e-05,-0.000182
-0.00044449434963699826,-0.000184
-8.938962258218383e-05,-0.0002
1.6347082912522945e-05,-0.000184
-0.0001633038934124399,-0.000166
-0.0001835561496568202,-0.000166
-0.00019213464323429263,-0.000168
2.7010263543841404e-05,-0.000166
-0.00016678610318916174,-0.000184
-0.00014697883465228826,-0.000166
-0.00015912496160300804,-0.000184
-0.00016797410458974462,-0.000182
-0.0001668027894885523,-0.000184
-0.00019302787306940016,-0.000166
-0.00015443542114272133,-0.000184
-0.00019171776188214228,-0.000184
-0.0002382468174012263,-0.000182
-0.0001046145985936834,-0.000184
-0.00017134122623769103,-0.000166
-0.00019171776188214228,-0.0002
-0.00040727739315582766,-0.0002
-0.00031095953660905393,-0.000184
-0.0001463330196393502,-0.0002
-0.00019617945348833924,-0.000216
-0.00020028528905008614,-0.0002
-0.0001837860892292733,-0.000184
-0.00017546875793339733,-0.0002
-0.0002211942675456586,-0.000216
-0.00017919426026683635,-0.0002
-0.00020470011700693085,-0.0002
-0.0001798445920203896,-0.0002
-0.0002041794492394221,-0.0002
-0.00015436305467408774,-0.0002
-0.00017084458200760275,-0.000218
-0.00021655614692285563,-0.0002
-0.0002087177873697701,-0.0002
1.088217439939323e-05,-0.000216
-0.0002041794492394221,-0.0002
-0.00017546875793339733,-0.0002
-0.0002587177706759171,-0.0002
-0.0002291942632967415,-0.000216
-0.00025028527235623315,-0.000218
-0.00027961008259585714,-0.000216
-0.000179673803998613,-0.000216
-0.0002165561666466138,-0.000218
-0.00021705752485489868,-0.000216
-0.00026294983828979127,-0.000234
-0.00015935862896575054,-0.000216
-0.00023414522244748052,-0.000234
-0.0002840196048617609,-0.00025
-0.0003632782646464721,-0.000232
-0.00022935534722951076,-0.000234
-0.00023768741217272096,-0.000266
-0.00041023579908749567,-0.000268
-0.0005987848678359712,-0.00025
-0.00026268741368767353,-0.000266
-0.000246363045259057,-0.00025
-0.0004534431764973991,-0.00025
-0.00021678610621906686,-0.00025
-0.0002839127809876482,-0.000266
-0.00018124304592037843,-0.000218
-0.0002308774888168262,-0.0002
-0.00017520653056886102,-0.0002
-0.0002216715035977323,-0.0002
-0.0002763433943243845,-0.0002
-0.00021294983525988614,-0.0002
-0.0004150146290009043,-0.0002
-0.00019570012671790216,-0.0002
-0.00020005189781995767,-0.000166
-0.00017116704572951353,-0.000166
-4.614599930282444e-06,-0.0001
-7.15417614888189e-05,-5e-05
-7.070010928126024e-05,-5e-05
-9.268166574475173e-05,-6.8e-05
-9.633300674756597e-05,-6.6e-05
-7.919425420702606e-05,-6.6e-05
-2.601309498284359e-05,-8.4e-05
-5.4744841400688045e-05,-0.000116
-0.00014186870477331996,-0.000134
-0.00010066087265474988,-0.00015
-0.00018812490182222762,-0.00015
-0.00021378868669378825,-0.000166
-0.0001388483859648351,-0.000168
-0.00015871778433986498,-0.0002
-0.00017520653056886102,-0.0002
-0.00018785166860064647,-0.000182
-0.00021348533529351986,-0.0002
-0.00018380279525242202,-0.000184
8.92923452288788e-05,-0.000184
-0.00021297249785799462,-0.0002
-0.00021293877023156687,-0.0002
-0.00019220505705086987,-0.0002
-0.00019220503732711173,-0.000182
-0.00019570012671790216,-0.0002
-0.0001793412219887739,-0.0002
-0.0004796126982515528,-0.0002
-0.00025462254649605216,-0.000234
-0.00020886871356709478,-0.000216
-0.00019624351625479382,-0.000234
-0.00017522911427193694,-0.000216
-0.0002252291173018421,-0.000218
-0.0002211942675456586,-0.0002
-0.0002173030659200444,-0.000182
-0.000254363060733898,-0.000234
-0.00026285165342174605,-0.000234
7.67132374084229e-05,-0.000216
-0.00025066087188258625,-0.0002
-0.0002673030689499495,-0.000266
-0.00026268741368767353,-0.000284
-0.00017536221019189864,-0.000234
-0.000246795942302821,-0.000266
-0.00026294983828979127,-0.000266
-0.0002753621965279508,-0.000268
-0.00025885510720387994,-0.00025
-0.000164117833739805,-0.00025
-0.00024220504035701688,-0.000266
-0.00025886871659699994,-0.00025
-0.00025417945226932723,-0.000266
-0.00023028968137659225,-0.000234
-0.00025433302145024336,-0.00025
-0.00022135535147842792,-0.000266
-0.00028768743492638425,-0.000284
-0.00020145983884761422,-0.000284
-0.00027135533478457493,-0.000282
-0.00022961007956595202,-0.000284
-0.0002835561557166305,-0.000266
-0.00026294983828979127,-0.000268
-0.00025446941123781524,-0.000266
-0.00013794983071502845,-0.00025
-0.00033785161851908747,-0.000284
-0.00025028529207999126,-0.000266
-0.0002804341609349087,-0.00025
-0.0002552946730023555,-0.000266
-0.0002629725008878998,-0.000268
-0.00027119425085180563,-0.000266
-0.00026268741368767353,-0.000284
-0.0006603801526991256,-0.000266
-0.00022967380702851813,-0.000266
-0.00027070011153900174,-0.00025
-0.00016411781401604684,-0.000268
-0.00023433246008354994,-0.000232
0.00014720286225010297,-0.00025
-0.0002503198481042611,-0.00025
-0.00026268741368767353,-0.000284
-0.00027134121257374314,-0.000266
-3.822593261454891e-05,-0.000268
-0.00021285167011559904,-0.000232
-0.0002593293649684738,-0.000268
-0.0002588834502443342,-0.000266
-0.0002918551044699154,-0.000284
-0.0002794527461771354,-0.000266
-8.51756811020448e-05,-0.000284
-0.0002752291203317472,-0.000282
-0.00027919426632664663,-0.000284
-0.00027919424660288847,-0.000266
-0.0003434801084858616,-0.000268
-0.0002587177706759171,-0.00025
3.730308777845237e-05,-0.00025
-0.0005076622491845609,-0.00025
-0.000254700120036836,-0.00025
-0.0002052435065438225,-0.000232
-0.00027919424660288847,-0.000268
-0.00022995526505724569,-0.000266
-5.295641575267277e-06,-0.000266
-0.00025837635242242907,-0.000268
-0.000254363060733898,-0.000266
-0.00029729185978376305,-0.000266
-0.00026655614995276075,-0.000284
2.5106599909514277e-05,-0.0003
-0.0002793553305356578,-0.0003
-0.00028785163521294045,-0.0003
-0.00029617942010063325,-0.0003
-0.00025048864402646507,-0.0003
-0.0003000518841560098,-0.000284
-0.0004853514045788406,-0.0003
-0.00029617942010063325,-0.000266
-0.00028785163521294045,-0.00025
-0.00027546874426944947,-0.000234
-0.0002631079439350807,-0.0002
-6.312488438558568e-05,-0.00015
7.654119199706458e-05,-0.000116
-0.00012546874504161312,-0.000116
-0.0001463543212981467,-0.000168
-0.00013805839027985792,-0.000166
-0.00014213464020438747,-0.000166
-0.0001545468406524818,-0.000168
-0.00016705752182499353,-6.6e-05
-0.00014258225117172758,6.6e-05
-8.587251161542462e-05,5e-05
-3.1851411219702554e-05,-3.2e-05
3.132167420917746e-06,-0.0001
-5.655624816109166e-06,-0.000134
-5.574599964036441e-05,-0.000166
-0.00010923339979538347,-0.000168
-0.00018652404271615592,-5e-05
-0.00013068737531413645,5e-05
-8.574905075131669e-05,0.000184
7.901190693983815e-07,0.000266
0.00010948848245039735,0.0002
0.0001730543186804122,0.000218
0.00021623600589533193,0.000132
0.00020280712460990123,-6.6e-05
0.00011820683719687518,-0.0002
-0.00023378609225917842,-0.000216
-9.09587067138841e-05,-0.000234
-0.0001806457513524768,-0.0003
-0.0007140097611503693,-0.000366
-0.0004882468128269938,-0.000468
-0.0003441436946048882,-0.000582
-0.00043164621468638563,-0.000634
0.0003449806478489344,-0.000534
-0.0005560182375255733,-0.000482
-0.0005593982979588628,-0.000568
-0.0005558692048090306,-0.000582
-0.0005424568520329253,-0.0006
-0.0005591249661184909,-0.000568
-0.0005798299812310872,-0.000516
-0.00024864910772308207,-0.00045
-0.0005349085697908767,-0.000534
-0.0005180662554733753,-0.000566
-0.0005175517415184078,-0.000516
-0.00044260860056828183,-0.000334
-0.00010446940214809982,-0.000134
-0.0003917137306313431,0.0
-0.0002508608313426591,0.000118
-9.166440305655006e-05,0.0003
0.0002331971953031725,0.000432
0.0002083892440212767,0.000534
0.000342141590377801,0.0005
0.0003285633016244228,0.000266
0.0004304411869734497,5e-05
0.00033265369348354227,-0.000182
0.0001522283081734762,-0.000334
-5.565362341909283e-05,-0.0004
-0.00036758119972336086,-0.000366
-0.00032256610043196216,-0.000168
0.00011128195884757247,-0.0001
-0.00026165860273907806,-8.2e-05
-0.00018179312181128122,1.6e-05
-8.51322000772144e-05,0.000134
0.00020566146799359683,0.000266
8.027132448272813e-05,0.00035
0.00018834412668493404,0.000416
0.0002888877195192174,0.000418
0.00036096006747135496,0.000332
0.0003780430905332565,0.00025
0.0003522795231692409,0.000184
0.0002938221698843892,0.000116
0.000218517433276193,6.8e-05
-0.00021561033354853382,8.2e-05
0.00011138748095364763,0.00025
0.000127213789972529,0.00045
0.00020866389735344428,0.0006
0.0003406306518851119,0.000568
0.0004456369619610158,0.00045
0.0002542999005512441,0.000282
0.00028202590295564345,0.000184
-2.5362201102183214e-05,-1.6e-05
-0.00017561410230716699,-0.000218
5.323497067827404e-05,-0.000432
-0.00012618403699261654,-0.000668
-0.00033951969619291694,-0.00085
-0.0005479177295029841,-0.001
-0.0007427561919061527,-0.001082
-0.0009039101045693511,-0.001118
-0.001015057031992261,-0.001116
-0.001080186459287333,-0.00115
-0.0011170987626001976,-0.000984
-0.0009087177311696513,-0.000882
-0.0010356531325123812,-0.000734
-0.0009412568828266314,-0.000634
-0.0008118317909407885,-0.0005
-0.0006909631809183283,-0.0004
-0.0005701553595184707,-0.000332
-0.0004693192239033824,-0.0002
-0.0003607044325511131,-5e-05
-0.0002488188109381607,0.000116
-0.00012064740056752316,0.000416
0.0008966044001196525,0.000634
0.00027244416042013133,0.00045
0.0003589257590562912,5e-05
-0.0008782220397515142,-0.000334
0.00019073456727706188,-0.000666
-0.00013535514074543121,-0.000934
-0.0011172638899033867,-0.0013
-0.0016559658784343373,-0.00155
-0.001120888564385189,-0.001766
-0.0013951726678002822,-0.001934
-0.0016433939549927855,-0.00195
-0.0018040005728149797,-0.001916
-0.00189332189953005,-0.001966
-0.0019419632117563864,-0.002018
-0.00196341335100418,-0.002032
-0.001984137813742307,-0.002034
-0.0020131850712573163,-0.001984
-0.0020174992094288313,-0.0019
-0.0019888481627674368,-0.001832
-0.0019394216871768686,-0.001518
-0.0018128680588967911,-0.001166
-0.0016112169315353456,-0.0009
-0.0013627387621167632,-0.00085
-0.0011150755783847276,-0.000566
-0.0008757796073329163,-0.000484
-0.0007044205433105203,-0.0006
-0.0006283869152200797,-0.000716
-0.0005935669870662573,-0.000884
-0.000674665676248305,-0.000934
-0.0007868033674903491,-0.001082
-0.0009072412106349249,-0.001168
-0.001019816848202818,-0.001182
-0.001093947015289728,-0.0012
-0.0011591249630298363,-0.001118
-0.0011677574997046257,-0.001066
-0.0011428198844366853,-0.001
-0.0010978150809470384,-0.000984
-0.0010433293824972738,-0.000782
-0.0009606327927728761,-0.0005
-0.0008215070832611819,-0.000418
-0.000676593555264419,-0.0005
-0.000553423813826711,-0.000566
0.00036589250601319596,-0.000584
-0.0005186163510880362,-0.000566
-0.0005547959167858183,-0.000516
-0.0005140355477064023,-0.00035
-0.0004545020267296493,-6.8e-05
-0.0003798216456855295,0.000118
0.00016621390239442545,0.000166
0.00019128224673135006,0.000184
0.00026231257867881413,0.000232
0.00024406163300212116,0.000318
0.00022353951629880251,0.000216
5.8116566302557064e-05,0.000134
6.993656830876042e-05,0.00015
0.0002027045610675478,0.000116
0.000153062218805963,6.6e-05
0.00011571622949900852,-6.6e-05
6.446296654922836e-05,-0.0001
1.7780130817223125e-06,-8.4e-05
-4.763168498707377e-05,-6.6e-05
-7.935533813979535e-05,-5e-05
-7.546875187358703e-05,-0.00015
-8.844454884879245e-05,-0.000266
-0.0001351248165596943,-0.0003
-0.00019395100412185535,-0.000384
-0.0002770830352548178,-0.00045
-0.00035178499409034813,-0.0005
-0.0004103590331283849,-0.000584
-0.0004813114660930557,-0.00065
-0.0005479049879552225,-0.0007
-0.0006103590452480054,-0.000716
-0.0006637766627467079,-0.000684
-0.0006881079696892743,-0.0006
-0.0006761108754550974,-0.000382
-0.0005987322842967569,-8.4e-05
-0.00044325163453132145,0.000216
-0.00022013273488230074,0.000468
0.0007098582801032012,0.00065
0.0013711274887080497,0.00085
0.000540208319171576,0.00075
0.0006760008713468493,0.000566
0.0003438402990480295,0.000466
0.0006542667888768018,0.0002
0.0004905727717446721,-0.000182
0.0002553239777978848,-0.0005
-1.3112430733351583e-05,-0.000884
-0.00035140353660782596,-0.000866
-0.0006151853305235107,-0.001018
-0.0008217663323382382,-0.00115
-0.0009823427333629543,-0.001216
-0.0010658226718658346,-0.001284
-0.001169435754837658,-0.001316
-0.0012430875024470056,-0.001434
-0.0013144568956588592,-0.0016
-0.001411571947062333,-0.001766
-0.0015332156218848547,-0.001934
-0.001688118760011808,-0.00205
-0.001841722654742241,-0.00215
-0.001978542262451635,-0.0022
-0.0020860250678764528,-0.002166
-0.0021428851912267317,-0.001884
-0.002103124777237745,-0.001516
-0.0019483087392267598,-0.00125
-0.0017126546417738531,-0.00115
-0.0014570430990895578,-0.001
-0.0012336637274904757,-0.000884
-0.0006842638092268357,-0.0006
-5.8630402031472836e-05,-0.0001
-0.0006546092177510291,0.000468
-0.0002917590497677498,0.00085
0.00014082835071713569,0.000816
0.0004990328833257588,0.0009
0.0007542754733901959,0.0009
0.0008656160092230561,0.0009
0.0008780966511119132,0.000866
0.0008911312150245113,0.000934
0.0008994015446047279,0.001016
0.0009276181952167396,0.001
0.000952526698217658,0.000968
0.000978718586713548,0.000932
0.0009782006408246633,0.0009
0.0009490668354589143,0.000918
0.0009288790167323934,0.000916
0.0009162139971523979,0.000884
0.0009041553647928088,0.000832
0.0008866363283333565,0.0008
0.0008568843803873468,0.000734
0.0008111516124320881,0.000634
0.0007481216608489908,0.00045
0.0006512257403985067,0.000266
0.0005165605982387951,0.0003
0.00040889384904551794,0.000466
0.0003683049188718972,0.000618
0.0004090102981136053,0.000682
0.0005128404213200552,0.000668
0.0006063758078578132,0.000582
0.0006365090554962799,0.00055
0.0003706446694055927,0.000334
0.0005304497531442949,0.000116
0.00039085169907254676,-0.0002
0.00019312475146033385,-0.00055
-8.327061261222543e-05,-0.000832
-0.00037536167004629113,-0.001118
-0.0006834283108318182,-0.001332
-0.0009653118993651043,-0.0014
-0.001175990196354302,-0.0015
-0.0013409746206393027,-0.001534
-0.0014434878279619347,-0.001566
-0.0015015449467465105,-0.001518
-0.0015301038440098521,-0.001516
-0.0015339990495583696,-0.0016
-0.0015508724879662236,-0.001684
-0.0015812164642367104,-0.0017
-0.001626823157929907,-0.001682
-0.0016674689319745011,-0.00165
-0.0016794527718432047,-0.00165
-0.0016710346718669666,-0.001718
-0.0016756975260824832,-0.001782
-0.0017013619223905463,-0.001768
-0.0017307829845699175,-0.001766
-0.0017464356012436353,-0.001734
-0.001762938864158626,-0.001732
-0.0017504253230411833,-0.001668
-0.0017258834452566622,-0.001666
-0.0017008202290968552,-0.001666
-0.0016837037939886562,-0.001718
-0.0017838787103356952,-0.00175
-0.0017008899723056554,-0.001766
-0.001750285205463322,-0.00175
-0.001759101725354087,-0.001734
-0.0017259486125535727,-0.00175
-0.0017502853632533873,-0.001832
-0.0017674530801327628,-0.00195
-0.0018186223469930133,-0.001784
-0.0018308775857737907,-0.001384
-0.0006672440994285792,-0.0009
-0.0015145455857950992,-0.000516
-0.0011578987764334849,-0.00025
-2.59485292605563e-05,-1.6e-05
-2.512719745482641e-05,0.000116
0.00016982679193073625,0.000184
0.0002034531565841789,0.0002
0.0001955645803428565,0.000216
0.00017880573696982434,0.0002
0.00010788203165889158,0.00015
0.00019088203195483214,0.00015
0.0001331971991052413,0.000134
0.00017479345119295864,0.000166
8.731258286696473e-05,0.0001
0.00013689206058040224,0.000116
0.00013714834123185784,0.000134
9.582053935437152e-05,0.000116
0.0001780905140519744,0.00015
0.0001246377981256531,0.000134
0.0004610198759658605,0.00015
0.0001820777506559961,0.000184
0.0005870829349333584,0.000166
0.00022065878252670905,0.000216
0.00019082862987965485,0.000218
0.00024556458337276165,0.000216
0.00021231257564890895,0.0002
0.00019416124481272677,0.000184
0.00021214833591483648,0.0002
0.00023321390132632121,0.0002
0.0002118920454015018,0.000182
0.00020828222290958254,0.00025
0.0002042998777975808,0.0002
0.00022883295878596942,0.000218
0.00018731258399583547,0.0002
0.00022838992373051895,0.0002
0.00020390431782798504,0.0002
0.00014563695364346404,0.000182
0.00040101274810853244,0.000184
0.00016205015787876516,0.000166
7.431760946790294e-05,0.00015
0.0001623125824808829,0.00015
0.00023669609137928492,0.000218
0.0002664910173942923,0.000282
0.00019863819274584883,0.000418
0.0010184363973849415,0.000616
0.0003797200438982512,0.000816
0.000527991226139051,0.000984
0.0007032338586926591,0.001134
0.0008827157185843482,0.001166
0.0010215566170284304,0.001234
0.0011272320950469158,0.001232
0.0011904319865301896,0.001218
0.0012118150650002907,0.001216
0.001224793455649692,0.001216
0.0012203261822199402,0.001184
0.0012081448680846898,0.001166
0.001194965216207178,0.001134
0.0011742622129179126,0.001084
0.0011410569505008632,0.001082
0.0011156215864723787,0.001084
0.0010954531759238722,0.001084
0.0010834437740646129,0.000916
0.0010397024745217272,0.000684
0.0009379334840414183,0.000682
0.0015372605457723764,0.0008
0.0007681033268553813,0.001018
0.0011912822382962992,0.001166
0.0009118424233971649,0.001216
0.0010459911186736109,0.00125
0.0011603022102731563,0.0011
0.0011815988986825828,0.0009
0.001113107280679101,0.00075
0.0009952787329470286,0.000568
0.0008246526826723291,0.00035
0.0006369035306591777,0.000116
0.0004401135601776376,-0.000166
0.00021023444104324726,-0.000418
-3.667329316620193e-05,-0.000616
-0.0002778068577312189,-0.00085
-0.0005187437271181359,-0.001084
-0.0007481926119161118,-0.001216
-0.0009471813475081277,-0.0012
-0.0011020059061826316,-0.001
-0.0011271909362727413,-0.000716
-0.0008024469112353204,-0.000468
-0.0008528897126355783,-0.000166
-0.0005951286747886532,6.6e-05
-0.00032834973748030395,8.4e-05
-0.0001265367470976425,-0.000134
-4.0308480411095515e-05,-0.000332
-8.319780235903357e-05,-0.0005
-0.0002259150307150887,-0.000534
-0.0003789372323703127,-0.000566
-0.0004852384268921866,-0.000634
-0.0008645457436439139,-0.0007
-0.0006100875279933829,-0.000766
-0.0006683470519840413,-0.000784
-0.0007224680975932231,-0.000816
-0.0007675517172204172,-0.00085
-0.0008047958530403114,-0.0009
-0.0008385667928409561,-0.00095
-0.0008802588728076204,-0.00095
-0.000913529381416613,-0.000818
-0.0009058387725357908,-0.000766
-0.0014110182617236898,-0.000634
-0.0007948079786008379,-0.000416
-0.00032504352279750896,-0.00015
0.00019948085086507288,0.0002
0.0007675155588626637,0.00045
1.2810815245665508e-05,0.000666
0.00028397216451434844,0.000934
0.0005557914293215913,0.001184
0.0008016464178019363,0.00125
0.001002791749109514,0.001
0.0008238753299163228,0.00075
0.0010411918549467641,0.000766
0.0009364474172077499,0.000766
0.0008179246720840101,0.0008
0.0007700446180270338,0.000834
0.0007907991397725736,0.0009
0.0008237707939981549,0.001016
0.0008854551119055754,0.0011
0.0009599530087393387,0.001168
0.0010435193373028934,0.00125
0.0011313631178478138,0.00115
0.0011656598141455685,0.00105
0.0011527352299083864,0.00105
0.0009706446268694218,0.001016
0.0009718650541283949,0.000916
0.0009376122234687543,0.0007
0.0005326969598047745,0.000568
0.0007956350896895698,0.00075
0.000730410357195142,0.000916
0.000730410357195142,0.000966
0.0007961317339196582,0.000884
0.0008770155524804755,0.0009
0.0009157361299400636,0.000984
0.0009324481491112598,0.000982
0.0009363617372023684,0.001084
0.0009858821767767386,0.001284
0.0010804525477993918,0.001382
0.0011790790702370245,0.001518
0.001313079048377058,0.0016
0.0014429820863702677,0.00155
0.0015104955637598285,0.001532
0.0015492292377948247,0.0016
0.0015697498357687663,0.001668
0.0015662962846126288,0.001566
0.0015902521300951492,0.0014
0.0012275319022305284,0.0013
0.001479960503720434,0.0011
0.0013373161546507244,0.000966
0.0011873051397039642,0.0007
0.0010110947412332188,0.000484
0.0008065956609857167,0.000234
0.0005893084060123625,-0.00025
0.00028322928888757935,-0.000734
-7.808111433048208e-05,-0.000934
-0.0004322227006894444,-0.000982
-0.0007321805494739615,-0.000984
-0.0009110474225866929,-0.00095
-0.0009630301761278711,-0.000966
-0.000970844650209843,-0.000934
-0.0009589632949884603,-0.000866
-0.0009299459386907988,-0.000784
-0.0008892319993380558,-0.000666
-0.000814977020309605,-0.000718
-0.0007603564113541295,-0.000966
-0.0007863113780671831,-0.0011
-0.0008669118056709746,-0.001
-0.000960481945470584,-0.000716
-0.0009490054795563995,-0.00035
-0.000798721487796914,3.2e-05
-0.0005181185234324593,0.000418
-0.00016449100724390627,0.00065
0.00017805699352500717,0.000816
0.0004717036045926857,0.0009
0.0006914374734213645,0.00095
0.0008261752779060819,0.000966
0.0009065503024017937,0.000934
0.0009368919907163356,0.000866
0.000928054011376709,0.000784
0.0008857680096047859,0.000666
0.0008100230189910376,0.00055
0.0007135349464114735,0.00045
0.0006093979609758056,0.0004
0.0005139748529935166,0.000384
0.0004443925900596548,0.000334
0.00039097217178729577,0.0003
0.00035351215943450564,0.000266
0.0003199176683742252,0.00025
0.00028669609440919007,0.000234
0.00026189204843140695,0.000166
0.00022805406757682778,0.00025
0.00022413842821487204,0.000566
0.00030016828906750693,0.000818
0.0004435632454771785,0.000882
0.0006888262845280791,0.00085
0.0007758991028146321,0.00065
0.0007977799300452775,0.00045
0.0007036983926444876,0.0004
0.0005830836668368684,0.00045
0.0004851187186949313,0.000618
0.0004774530406444043,0.000766
0.0005549172723606099,0.00105
0.0007155346199072349,0.0014
0.0009510995659733265,0.001684
0.0012163871110333084,0.001882
0.0014962354444111397,0.001918
0.0017159009901416044,0.001966
0.0018598394544307166,0.002016
0.001944247987467058,0.002018
0.0019784778596722177,0.00205
0.002011753101983165,0.002116
0.0020489961332726034,0.002184
0.0020904171299073243,0.002282
0.002155870815786298,0.00235
0.002230775179827911,0.0023
0.002277505338785041,0.00215
0.0022686670438652836,0.001984
0.0021924582293550003,0.001634
0.002010856381042866,0.001316
0.001763015210117331,0.000984
0.0014703001225611983,0.00075
0.001162705431860562,0.000416
0.0008583476465565997,0.000116
0.0005583362674924774,-0.00015
0.0002746724914440663,-0.000316
9.621794202827901e-06,-0.000384
-0.0001882791218871625,-0.0004
-0.00031495478105888244,-0.000382
-0.00037130082437687273,-0.00045
-0.0004046828511144165,-0.000668
-0.0004778316428910694,-0.000816
-0.0005832868065310765,-0.0009
-0.0007127353696891118,-0.000884
-0.0008192724603583987,-0.000816
-0.0008549539222679897,-0.00065
-0.0008149546930153849,-0.0004
-0.0006921255414333229,-6.6e-05
-0.0004900085783520115,0.000166
0.0002432571600786656,0.000334
0.00010519203648993825,0.00035
0.0002745418807176309,0.000232
0.00010752023383230037,0.000134
0.00026034448291984276,0.0
-0.00018810795911398115,-0.0002
-0.00028843932431062554,-0.00045
-0.00013445937640740204,-0.000566
-0.0003094495251329976,-0.000684
-0.000746179526264812,-0.000716
-0.0006066041939624469,-0.000768
-0.0006853397796811556,-0.000832
-0.0007513903853766262,-0.00075
-0.0007675469835184623,-0.0007
-0.000733895885272306,-0.000668
-0.0007390355810647335,-0.000632
-0.0006885766061827969,-0.000668
-0.0006675988903900895,-0.0007
-0.0006675988903900895,-0.0007
-0.000675697544379413,-0.000732
-0.0007005634440627385,-0.000784
-0.0007298529882227995,-0.00075
-0.0007422550506592073,-0.00055
-0.0007062532749173432,-0.000416
-0.0006287240731418084,-0.000368
-0.0005246722154462937,-0.000466
-0.0004516704051153366,-0.000816
-0.0005208731040474581,-0.000968
-0.0006605988497294361,-0.001032
-0.0007473206640160427,-0.001034
-0.0007108126977451481,-0.00085
-0.0009728537911095139,-0.00045
-0.0008474031153848985,1.6e-05
-0.0005895041690210244,0.000468
-0.00021625960021914723,0.0008
0.00019681772931659196,0.0009
0.0005374389457379685,0.000932
0.000770442012306137,0.000934
0.0008901470783881139,0.000884
0.0009119698388747809,0.0008
0.0008861515972531877,0.0008
0.0008530784051206765,0.0009
0.0008448495743275967,0.000916
0.0008526527664199099,0.00095
0.0008901147314247563,0.000966
0.0009323470845745254,0.000984
0.0009533774233539634,0.001134
0.001006678118414383,0.00125
0.0010806191741081998,0.001316
0.001167872819809425,0.00135
0.0012604551938011383,0.001434
0.0013358550975423836,0.001582
0.0014179540573949912,0.00175
0.0015252246351821703,0.001884
0.0016582878926003867,0.00195
0.0017880085252782725,0.001834
0.0018526887242578363,0.001682
0.0018350507929842865,0.0014
0.0017113927701899437,0.001168
0.0015146400776112974,0.0011
0.001331849360053222,0.000916
0.001141704757613374,0.000616
0.00027064466334578244,0.0003
0.0007254651376580231,-1.6e-05
0.000212687484843727,-0.000234
0.00015852682406631124,-0.000332
-7.651480138680116e-05,-0.000418
-0.00025371888279288594,-0.000632
-0.00040764169096876374,-0.000818
-0.0005546966668348333,-0.000866
-0.000687875544923295,-0.000934
-0.0008152792671794172,-0.00095
-0.0008933178152852856,-0.000966
-0.0009299460175858313,-0.000916
-0.0009419633089483487,-0.00085
-0.0009216053136365536,-0.000818
-0.0008889259655066796,-0.0008
-0.0008470972393435876,-0.000916
-0.0008470972393435876,-0.001116
-0.0009156124469618109,-0.001284
-0.0010336025717206062,-0.001434
-0.0011922843085379242,-0.001566
-0.001887851633551114,-0.001816
-0.0015298453838831214,-0.002018
-0.0017140861132449764,-0.00215
-0.0018929667140933767,-0.002216
-0.0020537882419843175,-0.002234
-0.0021566029861214684,-0.002182
-0.002196300757454587,-0.0021
-0.002184276207749072,-0.002068
-0.00214762883395561,-0.00185
-0.0020530434728767664,-0.001532
-0.0018931208749870371,-0.0012
-0.0016706349896319186,-0.00075
-0.0013431060488394721,-0.000284
-0.000953159855286941,3.4e-05
-0.0005615926054999979,0.000382
-0.00016483390477925515,0.0006
0.00017464830405677042,0.000684
0.0004187707576216683,0.000766
0.0006044520313833935,0.000934
0.0007429399928992309,0.001166
0.0008829292874375411,0.001334
0.0010446210275378343,0.0014
0.0012040368826333051,0.001416
0.0013265447736427033,0.001368
0.0013787186109527891,0.001332
0.001378200586168872,0.001284
0.0013487994055377108,0.001266
0.0013115040668416724,0.0011
0.0012433322104052353,0.001018
0.0011642224255470016,0.001132
0.0011267836556817336,0.001284
0.0007849317161996324,0.00125
0.0011684007064724149,0.001116
0.0011936961107131033,0.000884
0.001129603127461029,0.000666
0.0009734663866046621,0.000434
0.0007687228895462286,0.000184
0.0005355318950104556,-0.000118
0.00028427281375975095,-0.0005
-8.644309181999383e-06,-0.000982
-0.0003648142325882471,-0.001268
-0.0007279475153959381,-0.0014
-0.001046058440569233,-0.001466
-0.0012836049142735929,-0.0015
-0.0014107007881125897,-0.00145
-0.0014548947873524168,-0.00145
-0.0014670089618149418,-0.001466
-0.0014926086641962896,-0.001484
-0.00146285182475826,-0.001566
-0.0014670088040248765,-0.001484
-0.001500963490356399,-0.001384
-0.0014811002457939103,-0.001382
-0.0014559022769184576,-0.00135
-0.0014012493209996245,-0.001318
-0.0013591714443236462,-0.0013
-0.0013053992725485313,-0.00125
-0.0013382783040058641,-0.00125
-0.001280250139698245,-0.001066
-0.001218713828871944,-0.000784
-0.0010922275769496893,-0.000316
-0.000862732499110138,0.0001
-0.0005275458092179388,0.000434
0.0006117531749358867,0.000682
0.0002157152986803069,0.000784
0.0004934613555725073,0.0009
0.0006957384361224388,0.001216
0.0016110225097422375,0.00155
0.0011051111113370982,0.00185
0.0013701714387032507,0.002034
0.00165480530807226,0.002084
0.001874311328046849,0.002082
0.0020101209215491597,0.00205
0.002061969632429985,0.00195
0.0020401471086284157,0.0019
0.001993675409798017,0.001918
0.001953061509346585,0.0019
0.00191649113710492,0.0019
0.0019042999610905974,0.001916
0.0019082822667550827,0.001934
0.001912148281141546,0.001966
0.0019283899281285028,0.001966
0.0019449653011032713,0.001934
0.0019495999108971246,0.001934
0.0019495999108971246,0.001882
0.0019282515462413583,0.00185
0.0018991099302673841,0.00165
0.0018263313139835944,0.001518
0.0017213062466136947,0.001266
0.001565741021373334,0.001184
0.0013998449649868763,0.001216
0.001292739987873082,0.001184
0.0012116668212340737,0.001166
0.0011870500720636344,0.001134
0.0011742622129179126,0.001082
0.0011405380578715877,0.0011
0.00111969919733622,0.0011
0.0011035305282543993,0.00115
0.0011073695605397203,0.001234
0.0011446413885160501,0.001266
0.001185864437514029,0.001184
0.0012073914205235551,0.001034
0.0011772940701249121,0.00085
0.0010795717636556735,0.000866
0.000980118421276607,0.00105
0.0009477096042134483,0.001234
0.0009961243299062162,0.001366
0.0011243180281235575,0.001434
0.0012673681343458238,0.001432
0.001364484842544982,0.001518
0.0014361616108037655,0.001616
0.001498128925193049,0.001584
0.0015357530194898463,0.00135
0.0015144532541741492,0.000982
0.0013767198841974188,0.0006
0.0011197444830849208,8.4e-05
0.0007423709230292347,-0.0003
0.00032938499338873884,-0.000616
-6.92476813171079e-05,-0.000818
-0.000420954399318721,-0.000932
-0.0006724500670483736,-0.001084
-0.0008667343707427032,-0.001134
-0.001162851648788764,-0.001166
-0.001081226216921699,-0.00115
-0.0011342638759434982,-0.00115
-0.0011502853268945256,-0.001184
-0.0009950999023410029,-0.001166
-0.0011628515698937315,-0.00115
-0.001162851648788764,-0.001116
-0.0011546225813105864,-0.00115
-0.001145955330821462,-0.001168
-0.0011464694108537503,-0.0013
-0.0011852316448905404,-0.001282
-0.0012266524837351962,-0.00125
-0.0012512561363302271,-0.00125
-0.0012710348054177905,-0.0013
-0.0012710348054177905,-0.0013
-0.0012756220781920962,-0.0013
-0.0012880393673697919,-0.001284
-0.0012961794412512195,-0.001384
-0.0013179740362112558,-0.00145
-0.0013561609676704756,-0.001466
-0.0013977760460853422,-0.0013
-0.001401622652293791,-0.001234
-0.0008182877714567733,-0.0013
-0.0013271268067308747,-0.001482
-0.001331290413180228,-0.001534
-0.0013905776633127839,-0.00135
-0.0014188558520502076,-0.001066
-0.0013624992367978518,-0.000668
-0.0011625991846845095,-0.00025
-0.0008437886972573316,3.4e-05
-0.0004978402909986021,0.00045
-0.00011861240182092435,0.00075
0.00023650449479266546,0.0009
0.0005252979075168502,0.000984
0.0007659561985437288,0.00105
0.0009182191933004398,0.001032
0.0009900591164865979,0.0011
0.0010404696498185308,0.00115
0.0010818579839097639,0.001268
0.0011353619914691408,0.001366
0.0012184311235373794,0.001466
0.0013095969372191269,0.001584
0.0014180913347516797,0.001634
0.001509913791789587,0.0016
0.0015694307842570145,0.001432
0.0015605782882313934,0.001468
0.0015313838125855907,0.001666
0.0015391368274371832,0.001834
0.0015959868522232917,0.001932
0.001720629327234162,0.001968
0.0018470983800393144,0.001982
0.0019275657906181768,0.002
0.0019698790900713726,0.002
0.0019871626248585753,0.001968
0.0019871626248585753,0.001966
0.0019830872230556457,0.001966
0.001974637880646506,0.001834
0.0019320744839400332,0.001634
0.0018466310058663131,0.00165
0.0017675952245486393,0.0017
0.0017857453423736954,0.001682
0.0016658547151750915,0.0016
0.0016570571300921456,0.001334
0.00023926716214850365,0.000916
0.0013755923163917918,0.00025
0.0010123649512577496,-0.000566
-0.0010886893714235942,-0.001216
-0.00017401276983089982,-0.0015
-0.0007746945578900394,-0.001634
-0.0012392025532527232,-0.0017
-0.0015171055718122405,-0.001684
-0.0016314505093807628,-0.001732
-0.0016883792714093855,-0.001768
-0.00175120054563131,-0.001816
-0.001721799365000149,-0.001816
-0.0017838785525456302,-0.001768
-0.0017925975581761268,-0.001732
-0.0016800541097815262,-0.00175
-0.0017672774597902409,-0.00175
-0.001750319919277657,-0.00175
-0.0017457001417499288,-0.001718
-0.001742347418445428,-0.001682
-0.0017256975685599047,-0.00165
-0.0017009332067835091,-0.00165
-0.0016756975260824832,-0.001618
-0.0016505634621834199,-0.001582
-0.0016256976413951268,-0.001584
-0.0016091939051099409,-0.0016
-0.001596363048171463,-0.001616
-0.0015958445500173501,-0.001618
-0.0016048445797538953,-0.0016
-0.0016087176946932907,-0.00155
-0.0015966827308434755,-0.001532
-0.001575873692630423,-0.00145
-0.0015343403494693089,-0.0012
-0.0014364644343716378,-0.001068
-0.0013171311216831757,-0.001
-0.0011837634872292676,-0.001
-0.0010690252579233363,-0.000932
-0.001001193439077317,-0.000634
3.377449611737806e-06,0.0
-0.0006512973620734047,0.00075
0.0016894253951085583,0.001234
0.00031982891146257314,0.001182
0.0007792487492128621,0.0008
0.0009860944833094104,0.0005
-5.433300933062278e-05,-6.6e-05
0.0005926899260037547,-0.00075
-0.0013967897003880328,-0.00125
-0.0006252124552416925,-0.001416
-0.0015443969414821591,-0.001284
-0.0008569734773119611,-0.000934
-0.0012253870863076527,-0.000582
-0.0010620456510761211,1.6e-05
-0.0007079066781151129,0.000616
-0.00023564533259694818,0.00095
0.00023548375086115123,0.001118
0.000664556002893213,0.0012
0.0009654482055485696,0.001266
0.001130568565974705,0.001316
0.001223158908364709,0.001368
0.001285959985458293,0.001382
0.0013318622199435326,0.00135
0.001353385415991495,0.0014
0.0013745419079280276,0.001518
0.0014109249833623486,0.001616
0.0014684312570294538,0.00165
0.0015435885585455172,0.00165
0.0016071585466266214,0.001684
0.0016494016295008213,0.0017
0.0016704582403261083,0.001732
0.00169076566392202,0.001718
0.0017080474630185056,0.001716
0.001716213887840815,0.001734
0.001724793407053711,0.001732
0.001724793407053711,0.00175
0.0017326967958374,0.001734
0.0017373124708234342,0.001866
0.0017691208966886627,0.002068
0.0018511925588599978,0.002232
0.0019702842949587012,0.002018
0.002042760427687581,0.001532
0.00195603174953314,0.000968
0.00036216266445296505,0.000382
0.0012098168116151157,-0.000282
0.0006332767260114957,-0.000868
3.288429657895542e-05,-0.0014
-0.0005584653641986096,-0.001682
-0.0010712640622628463,-0.0018
-0.001446413886930245,-0.00185
-0.0016873247604039274,-0.0019
-0.0018100060626949353,-0.001918
-0.0018681420765120904,-0.0019
-0.0018926303056744575,-0.0019
-0.0019046999833386077,-0.001916
-0.0019087176339776888,-0.001966
-0.0019211731083511531,-0.0019
-0.0019211731083511531,-0.0019
-0.0019211731083511531,-0.001934
-0.0019256824328332698,-0.00185
-0.0018967449972036115,-0.001884
-0.0018927513306544346,-0.0019
-0.0018927513306544346,-0.0019
-0.0018840088143042292,-0.001982
-0.001917453049774962,-0.002018
-0.001951280399523901,-0.001966
-0.001967561809607278,-0.001916
-0.001971410624876639,-0.0019
-0.001951146593548646,-0.001534
-0.0018332663695702343,-0.001066
-0.0016125832357095583,-0.000684
-0.0013074229301341968,-0.0003
-0.000907336515834281,8.4e-05
-0.0005021288671795615,0.00035
-0.00014719729499750104,0.0005
0.00015096807837056673,0.000782
0.00042274024284335963,0.00105
0.0006638436596440522,0.00135
0.000912685890190473,0.001634
0.0011960806341777877,0.001866
0.001467413826689308,0.002018
0.0017107467776631823,0.002132
0.0019078770618677543,0.002134
0.002034782246413006,0.00215
0.002107192107314519,0.00215
0.0021412823353120134,0.00215
0.0021458206931661192,0.0021
0.0021369607810074356,0.0018
0.0014243858960310068,0.0014
0.0018550934448508612,0.000734
0.001495817300738468,-0.000118
-0.0010977282964112008,-0.000932
0.00024921537211034786,-0.001434
-0.0004579170376623715,-0.001416
-0.000988245738595589,-0.001318
-0.0012800311270878043,-0.001032
-0.0013039900494765952,-0.000734
0.0005156602875745135,-0.0004
-0.0008794664511003914,-0.000166
-0.0005911467635993307,1.6e-05
-0.00032795183038348896,6.6e-05
-0.0001255319202389512,8.4e-05
-2.455930754645407e-06,8.4e-05
6.180788489766124e-05,6.6e-05
7.477088608477016e-05,0.0001
8.319720100627571e-05,0.000134
9.537744512764661e-05,0.00015
0.00011169609366640116,0.0002
0.00010699192310851047,0.000216
0.00030389611880440707,0.00025
0.00020310517031922864,0.000266
0.0002323470816033697,0.000284
0.0004156160214014261,0.000284
0.00027064466334578244,0.000316
0.00028705015559164895,0.000434
0.00032796847252628924,0.000466
0.00037309775265358873,0.000384
0.00039859504928264834,0.00035
0.00040739133259755665,0.000382
0.0003566126750436076,0.000434
0.0003786446651566756,0.000416
0.0003946991731263538,0.0004
0.00037753192961717356,0.000434
0.00042064463298798155,0.000484
0.00032329768935999834,0.0005
0.0004535121852180741,0.000516
0.00048273612815854513,0.000516
0.0005036669803019004,0.000568
0.0005243613445850983,0.000566
0.0004570483789208385,0.000566
0.00034818834235979566,0.0005
0.0005492820368685503,0.000434
0.000515142105000531,0.000334
0.00012045823515596064,0.000216
0.00012430246465155282,0.00015
0.00043430463727135406,0.000116
0.0002190855366820402,0.0001
0.00014496523147420264,0.000168
0.000132831372701049,0.000182
0.0002415305817381784,0.0002
0.0001615606635110044,0.000184
0.00018321390815829514,0.000166
0.0001747708872136409,0.000184
0.00020415540126916948,0.000166
0.000589616964484781,0.000184
0.00017032620734884387,0.00015
0.00017064465728597217,0.00015
0.0001621483427468104,0.000166
0.0001621483427468104,0.000168
0.00024130999122708597,0.000182
0.00016619719637127672,0.000168
0.00015828222974155647,0.000182
0.00016231257261900382,0.0002
1.2162627218075634e-05,0.0002
0.00023271362792473427,0.000218
0.00019968015944112698,0.000182
0.00019968015944112698,0.0002
0.00016621390239442545,0.000184
0.00018271362489482914,0.0002
0.00019128223686947098,0.000184
0.00018319720213514644,0.000166
0.00019968015944112698,0.000184
0.00018319720213514644,0.000182
0.00019128224673135006,0.000168
0.00017864465303705503,0.00015
-3.1453297023427065e-05,0.000166
0.00018319720213514644,0.000184
0.0001834438378688692,0.000182
0.00017880573696982434,0.000168
0.00036362147305287726,0.000166
0.0001997147154653968,0.000166
0.00019515541098014079,0.000184
0.0001455645674510723,0.000166
0.00017880573696982434,0.000168
0.00017932620749975164,0.00015
-9.972086792720175e-05,0.000182
0.00014504471821952654,0.000168
0.0002035305920586557,0.00015
0.00018696984425055176,0.000166
0.0002038205510271437,0.000184
0.00021187510269325533,0.000166
0.00019067063271503522,0.000166
0.000157794954296587,0.000184
0.0001747708872136409,0.000184
0.00014922918254311804,0.00015
0.00017080574121874147,0.000166
0.0001494808281114096,0.000184
0.0002521587090907932,0.000166
0.00017883296561794335,0.000184
0.0001747708872136409,0.000182
0.00017029988599359954,0.000168
0.00017904472974726595,0.000182
3.1659805147161456e-05,0.000184
0.00017080574121874147,0.000166
0.000393968447334602,0.000184
0.00020788202785682278,0.0002
0.0001454531578031909,0.000184
0.00016694248815841856,0.000166
0.00018731259385771455,0.000184
0.00018319720213514644,0.000132
0.0002863235520653494,0.000168
0.0001621626227477073,0.000166
0.00016623599300354773,0.00015
0.00016669694709327284,0.000166
0.00017883296561794335,0.000168
0.00021969916252168582,0.0002
0.0001997147154653968,0.000182
0.00019128224673135006,0.0002
0.00019957457816377738,0.0002
0.00020730999942310472,0.000218
0.00020828222290958254,0.000216
0.00021231257564890895,0.000216
0.00021231257564890895,0.0002
0.00014928205207682542,0.0002
0.0002575305929641023,0.000218
0.00016573609435336555,0.000216
0.00021644383513490462,0.000216
0.00018714834426176297,0.0002
0.00017045823818586577,0.000184
0.00017874989901051617,0.000166
0.00019103669580432527,0.000218
0.00019128223686947098,0.0002
0.00017904472974726595,0.000216
0.00019948085086507288,0.000234
0.00022083294331112842,0.000232
0.00018271362489482914,0.000218
0.0002331971953031725,0.000232
0.00023702748996363532,0.000218
0.00021202748844868275,0.000232
0.00022477087051978788,0.000218
0.00026880544262252977,0.000216
0.00026669693342932496,0.000266
0.0001655725153651909,0.000284
0.0002664438381648098,0.000284
0.00038556131376789234,0.0003
0.00029582056133587115,0.000282
0.0002786446590968653,0.000284
0.00021124615149353116,0.000266
0.00022438590220831596,0.000268
0.0002331971953031725,0.000266
0.00027080574727855175,0.000266
0.0005079924399105906,0.00025
0.00026231259840257224,0.000168
8.319720100627571e-05,0.000116
0.0001984839529571558,6.6e-05
-5.189309674642558e-08,3.4e-05
-7.15417614888189e-05,-3.2e-05
-1.2837373064142047e-05,-1.8e-05
-8.469401360240283e-06,-5e-05
-1.7277462224230835e-05,-6.6e-05
-0.0001380301261344363,-8.4e-05
-9.186872146717295e-05,-0.0001
-0.00011765291988220812,-0.000132
-0.0003130583811607677,-0.00025
-0.00014311212993428998,-0.000168
-0.0001312163073363079,-0.00015
-0.00010919388324594021,-0.00015
-0.00017984457229663144,-0.000166
-0.0002206737970157313,-0.0002
-0.00015871776461610682,-0.000166
-0.0004310581311135377,-0.0002
-0.00020028528905008614,-0.0002
-0.00019186872752698325,-0.000184
-0.00018768740914281584,-0.000184
-0.00019617945348833924,-0.000182
-0.0002041794492394221,-0.000184
-0.00020871776764601197,-0.0002
-0.00016268740762786328,-0.000166
-0.00015484459050543704,-0.00015
-0.00015433301539043306,-0.000168
-0.0001463330196393502,-0.000166
-0.00017095525201455374,-0.0002
-0.00013768740611291071,-0.000166
-0.00031006419633182485,-0.0002
-0.0002503198481042611,-0.000218
-0.00022117322229571804,-0.0002
-0.00012583769766147138,-0.0002
-0.00020470013673068902,-0.0002
-0.00021680279251845742,-0.0002
-0.000254700120036836,-0.000232
-0.00028424112238948615,-0.000218
-0.00023796196688609785,-0.000232
-0.0002208300091802388,-0.000218
-0.0003958109469107807,-0.0002
-0.0001058207162661224,-0.000216
-7.215276406863124e-05,-0.000234
-0.0002938038906696629,-0.000216
-0.00019570012671790216,-0.0002
-0.0002503198481042611,-0.00025
-0.00027145273070229434,-0.000234
-0.00023783737190589656,-0.000232
-0.00023796198660985595,-0.00025
-0.00022935534722951076,-0.000218
-0.00015484459050543704,-0.000232
-0.00023328637112281957,-0.000234
-0.0002417177649120474,-0.000234
-0.00022916704451050152,-0.00025
-0.0002928529096707071,-0.000216
-0.00023380279828232715,-0.000216
-0.000191963302947288,-0.000218
-0.0002673030689499495,-0.000232
0.00019460767235457817,-0.000234
-0.00023328637112281957,-0.000234
-0.00023401960183185575,-0.00025
-0.0002082050485530356,-0.00025
-0.0002587177706759171,-0.000266
-0.00021294983525988614,-0.00025
-0.00021294983525988614,-0.000266
-0.00024196330597719311,-0.000268
-0.00025495526657219825,-0.00025
-0.0002417177649120474,-0.000266
-0.0002505983672930251,-0.000266
-0.000287687395478868,-0.000284
-0.0003004254324115158,-0.000284
-0.000255128796196357,-0.00025
-0.00023105701446346098,-0.000282
-0.00027919424660288847,-0.000268
-0.0002752065366286713,-0.000266
-0.0002667860895252139,-0.000266
-0.00026377667795498313,-0.00025
-0.00026268741368767353,-0.000268
-0.00011709877103524841,-0.000266
-0.00026268741368767353,-0.000266
-0.00015104212606771664,-0.000284
-0.0004423474580104435,-0.000316
-5.7060055579251283e-05,-0.000318
-0.00044028344561561355,-0.000316
5.514311707275898e-06,-0.000284
-0.00030885516940505956,-0.000282
-0.00027919424660288847,-0.000284
-0.00029185512419367356,-0.000266
-0.0002668028152721207,-0.000284
-0.00025059838701678325,-0.000284
-0.00027970014127554673,-0.000282
-0.0004200011500875786,-0.0003
-0.00027919426632664663,-0.000284
-0.00032070011456890687,-0.000284
-0.00028768743492638425,-0.000266
-0.00028380280131223227,-0.000316
-0.0002879498200809857,-0.00035
-0.000304795941083809,-0.00035
4.031547023975367e-05,-0.000334
-0.00033785165796660374,-0.000316
-0.0002216537719391601,-0.000284
-0.00032161008987467943,-0.000284
-0.0003050347563474273,-0.000282
-0.00020454684368238692,-0.000284
-0.0002835561557166305,-0.000366
-0.0004803529703422468,-0.000418
-0.00033892723394576076,-0.000516
-0.0005426041885062676,-0.000566
0.00023701476813963186,-0.000534
-0.0005098704816989463,-0.000566
-0.0005460347417604079,-0.000584
-0.0005629498367454639,-0.000584
-0.0005675089834406547,-0.000632
-0.0005921099536045781,-0.0007
-0.0006261796294460852,-0.000784
-0.0006768660587069488,-0.000816
-0.0007347879514056831,-0.000868
-0.0007935131533261423,-0.0009
-0.0008431156437343954,-0.000832
-0.0008548089920931411,-0.000784
-0.0008470705728225757,-0.000716
-0.0008096678579871965,-0.000668
-0.000751557248370532,-0.0006
-0.000418347076282032,-0.000516
-0.0006268660162295274,-0.000384
-0.0005446269782465748,-0.000266
-0.0004446558872162049,-0.000166
-0.0003362444872579257,-6.8e-05
6.5100046402778e-05,0.0
-0.00012749356632900917,0.000184
-1.567121853218559e-05,0.000484
0.0007399919222168309,0.0008
0.00035946512494652134,0.0011
0.0006335052849208787,0.001332
0.0009210972051939093,0.00145
0.001164345107322663,0.00155
0.0013538400091692184,0.00155
0.0014682733091742296,0.00145
0.0014987591387132942,0.001334
0.001468792438488603,0.0014
0.0009587228773913583,0.001484
0.0014155988828824266,0.001366
0.0013946126464262005,0.001166
0.0013511051128648481,0.000984
0.0012452620617971638,0.000934
0.0011082862419232622,0.000716
0.0009460241696324514,0.000516
0.0004932321655028636,0.000268
7.91699942063734e-05,8.2e-05
0.0003191631162826343,-6.6e-05
-0.00022520653359876618,-0.000234
-0.00038391278704745844,-0.000366
-0.0004382468097970887,-0.0004
-0.0002697565663968666,-0.000384
-0.0003476316439952302,-0.000316
-0.0003672837260030197,-0.000284
-0.000672994521668205,-0.00035
-0.00044269002024190394,-0.00045
-0.00024011250740790943,-0.000432
-0.00038065095082048946,-0.000518
-0.0007655375270386611,-0.00065
-0.0005146236312792503,-0.000816
-0.0006075944449638691,-0.001
-0.0007504808834410491,-0.001216
-0.0009257270268236072,-0.001368
-0.0011052004449468103,-0.001466
-0.0012668591280284526,-0.001566
-0.0014072030557382078,-0.001584
-0.0014981455175827225,-0.001516
-0.001426953638194173,-0.001534
-0.0015506608914888453,-0.001566
-0.0015506608914888453,-0.001634
-0.0015636168759489942,-0.0016
-0.0015844274920626981,-0.00165
-0.0016133038629371399,-0.001616
-0.0016254686880105812,-0.001568
-0.0016092342993666215,-0.0014
-0.0015608817429595262,-0.001266
-0.0014659452989857042,-0.001166
-0.0013537390479603487,-0.001034
-0.0009300823482021287,-0.000934
-0.0011031325272478675,-0.000816
-0.0009816638416076074,-0.000766
-0.0008900862747508271,-0.000734
-0.000814384991985128,-0.00065
-0.0005006608673083537,-0.0006
-0.0006454542381704979,-0.000516
-0.0006718691629234903,-0.000484
-0.0005641355896376183,-0.000366
-0.00012185019478671472,-0.000168
0.00024088204484661634,0.000168
-0.00021862469578205892,0.000516
0.0007158580106457784,0.000816
0.000931314348598059,0.001084
0.0006375354404226237,0.001216
0.000901346859423042,0.001334
0.0011077222213353509,0.0014
0.0012555143134908113,0.001434
0.0013439358423593117,0.001332
0.0013739153235792808,0.0012
0.0013392785107960755,0.0011
0.001263351193762036,0.001068
0.0011724482583288435,0.001
0.0010902125733847755,0.000866
0.0010062714934164678,0.000716
0.0009091588877590041,0.0006
0.0007917529018214278,0.000484
0.000662993486772975,0.0004
0.0005470419307610027,0.000384
0.00046487516062789294,0.000416
0.0002675607156935222,0.0005
0.0005412822383550488,0.000534
0.00047883299365925324,0.00055
0.0004987157647423053,0.0006
0.0005451051760537236,0.000832
0.0006260314006945525,0.001168
0.0012363106314006878,0.001332
0.0009759264126155251,0.001234
0.001136838748688965,0.001066
0.001197596760018869,0.000884
0.0008601374592656994,0.000666
0.0009572618202830176,0.000518
0.0007783251250664532,0.000266
0.0005779248389990403,1.6e-05
0.00036035565262676304,-0.000216
0.0001392010124657545,-0.000584
-0.00013725886801969672,-0.000732
-0.0007424201779623964,-0.000734
-0.0006965268586158383,-0.000734
-0.0006976044069708098,-0.000716
-0.0005804680448070743,-0.000684
-0.0005294527416029029,-0.000566
-0.0006766232197966689,-0.000466
-0.0006104604253648701,-0.000534
-0.0005644569685528311,-0.000766
-0.0005857690414936106,-0.001134
-0.0007314723087664948,-0.00145
-0.0009796697696591592,-0.001634
-0.001254178013861811,-0.001766
-0.0015018824596958857,-0.0018
-0.0016659088616002731,-0.001766
-0.0017430778286570497,-0.001568
-0.0017272743646810395,-0.0014
-0.0016375001804789628,-0.001432
-0.0015450744920219525,-0.0014
-0.0014517208401917414,-0.001318
-0.0013885475363344469,-0.0013
-0.0013638660143422598,-0.001332
-0.0012752066169505322,-0.001334
-0.001321341276201751,-0.001316
-0.0006640215529278348,-0.001134
-0.001281083507927383,-0.001134
-0.0012318736780962784,-0.001066
-0.0008321243822705751,-0.001084
-0.0011052500699223027,-0.001032
-0.0009003143056694728,-0.0011
-0.0010711288361770048,-0.0011
-0.001079694075389004,-0.001084
-0.001205768337451128,-0.001134
-0.0011049553180805857,-0.0013
-0.0011566311699450292,-0.001516
-0.0012626858963851247,-0.00165
-0.001572618641376256,-0.001484
-0.0014905971564456414,-0.00125
-0.0014785722911599963,-0.001082
-0.0013718856944039714,-0.000918
-0.0004904508639046525,-0.000766
-0.0010084813677118532,-0.0006
-0.0008463165729962129,-0.000384
8.07327519426487e-05,-0.0002
-8.717762922800714e-06,0.0
0.00043596005229245454,0.0003
-7.728885041331823e-05,0.000584
0.00016362244712116397,0.00065
0.0003771144171047626,0.000666
0.000565000925369635,0.000668
0.0006411502530253535,0.000682
0.0005477554574356522,0.000734
0.0006868150134625286,0.00085
0.0007317235650124286,0.000934
0.0007975593395341851,0.00095
0.0008648752637621667,0.0009
0.0009075488768291531,0.000832
0.0009028750562041079,0.000768
0.0008607937081466961,0.000732
0.0008064106521343177,0.000684
0.000752660018703097,0.000716
0.0007242481817804835,0.000868
0.0007482564924596693,0.001132
0.0011731766961646506,0.00125
0.0009862733383482682,0.001234
0.0010363235580664102,0.001034
0.000978574445489025,0.000866
0.0010920888550495825,0.000884
0.0010008377558376163,0.001066
0.0009603059851150996,0.0013
0.0010246622410908918,0.001484
0.0011778539092760967,0.00155
0.0013453424618951725,0.001716
0.0015088054743719094,0.0018
0.0016343683388328528,0.001816
0.0017178833067301982,0.0017
0.0017567432128173218,0.001668
0.0017444302228726964,0.001682
0.0017150471880990285,0.00165
0.001674542005002491,0.001618
0.0016539043268002016,0.0014
0.0015847574066561137,0.00105
0.0014235664922226355,0.000816
0.0011246370007402767,0.000684
0.0009807593645212833,0.000582
0.0007786590877393626,0.000518
0.0006472062751736763,0.000482
0.0002768014936219837,0.000468
0.00042064463298798155,0.00045
0.0004788790683582797,0.000366
0.0009524347855047029,0.000284
0.00039018223527359297,0.00015
6.442469506201797e-05,-8.4e-05
4.049142195361966e-06,-0.0004
-1.8937349607490637e-05,-0.000684
-0.0002623248318416961,-0.001016
-0.0005545420720184936,-0.001384
-0.0016479659221307708,-0.00165
-0.0011925714864565139,-0.0018
-0.0014698826344816194,-0.00195
-0.0017011834618268515,-0.00205
-0.001866258220924156,-0.002132
-0.0019860691641398545,-0.0021
-0.002059708209648957,-0.001818
-0.002028051104456216,-0.00155
-0.0019058554799857678,-0.001282
-0.0016950468484027486,-0.0012
-0.0014685171192577325,-0.001268
-0.0013283119679102847,-0.001182
-0.001234061674034807,-0.0011
-0.0011889846026953172,-0.0011
-0.0011642241856705505,-0.001018
-0.0009216939916531731,-0.000966
-0.0010474153562345689,-0.000934
-0.001006057002255716,-0.0009
-0.0009555788558808626,-0.000932
-0.0009335811851069668,-0.000934
-0.0009957000568538354,-0.00095
-0.0009294527658421439,-0.000984
-0.0009505191596514708,-0.001
-0.0009676529516668372,-0.000966
-0.0009754687669643631,-0.00095
-0.001052408938426659,-0.001134
-0.001014296878353357,-0.001366
-0.0011081549850218819,-0.001334
-0.0012001549558830929,-0.001232
-0.001268759709363294,-0.0012
-0.0010645154600710238,-0.0012
-0.001269058800431803,-0.001134
-0.0008533250554253523,-0.001134
-0.001167819905675396,-0.0011
-0.001142900278474884,-0.000932
-0.00038806420421427817,-0.0007
-0.0005753622344311397,-0.000568
-0.0008300931507617819,-0.000466
-7.570497346300928e-05,-0.00035
0.0001804958559433807,-0.0001
-0.000375325575568886,0.000234
-0.00017715506035975267,0.000482
5.8640273994289904e-05,0.000618
0.00030172835944173497,0.000716
0.0005596853331020715,0.000716
0.0006306210008723191,0.000684
0.000851395889655885,0.00095
0.0007638526991850928,0.00125
0.0014571765650518505,0.001466
0.0010801506954047422,0.001618
0.0013147771850583003,0.001766
0.0015202651356441544,0.00185
0.001671367426681555,0.00185
0.0017686498933441627,0.001816
0.0018196459067128684,0.001784
0.0018243174393819687,0.001866
0.0018282137494609425,0.0019
0.0018403915133197266,0.0018
0.00183632352764986,0.001884
0.001861555579179387,0.001934
0.0018782758034339715,0.001882
0.001873807504368796,0.001634
0.0018305971683951709,0.0015
0.0017330881151989947,0.001466
0.0016164451231214954,0.001418
0.0008612125618746609,0.00135
0.0014321023035874824,0.00135
0.0013947832174866376,0.001416
0.001382667465123461,0.0015
0.0014024710650413193,0.001584
0.0014603170607187122,0.001566
0.001514864770664084,0.001466
0.0015278095520296067,0.0014
0.0015021394752791977,0.0013
0.0005061634163702988,0.001168
0.001330713744954272,0.001116
0.0012432380097363352,0.001066
0.0011603373185626543,0.000984
0.00039224348634228265,0.00085
0.0004103949848304091,0.0007
0.00043630178612607287,0.00055
0.00020115032892573063,0.000384
0.0006167068756890078,0.000232
0.00046214649703109654,5e-05
0.00029941728725238216,-0.000116
-5.134408581416506e-05,-0.000166
-0.00017536221019189864,-0.000168
-0.00020470011700693085,-0.000182
-0.00025028529207999126,-0.00025
-0.000258347476840505,-0.000268
-0.0002341686148246404,-0.000266
-0.00022536221322180377,-0.000216
-0.00024602547313840723,-0.000234
-0.000769853953166121,-0.000216
-0.00017536221019189864,-0.0002
-0.00021062111030699366,-0.000318
-0.0002431293351112026,-0.000416
-0.0003281026382382648,-0.0005
-0.0007847088621654272,-0.0005
-0.0004353600011074866,-0.000484
-0.0004758615944800417,-0.000566
-0.00013135217444428898,-0.000616
-0.0005428118796795332,-0.000684
-0.0005893100872408787,-0.000684
-0.0006387345904556323,-0.000666
-0.0006631922083453586,-0.000566
-2.0516085054938107e-06,-0.000484
-0.0006856757147298793,-0.000484
-0.0005465467705218492,-0.000532
-0.00036294130396232485,-0.00055
-0.0007553586477253125,-0.000518
-0.0005216019758059442,-0.0005
-0.0006067918457974373,-0.000716
-0.0005731233511965971,-0.000916
-0.0008300680621414217,-0.00105
-0.0008006558362056995,-0.001068
-0.0009409896653512844,-0.001116
-0.0010393401340699215,-0.00115
-0.0010969788724967276,-0.001166
-0.0011259322449229672,-0.001184
-0.0011546225813105864,-0.001266
-0.000678246327301928,-0.0013
-0.001230381773030199,-0.001368
-0.0012811434681521433,-0.00135
-0.0013220021009946374,-0.001282
-0.001325873638033381,-0.001268
-0.001318061767487484,-0.001282
-0.0012962946279987857,-0.001268
-0.0016319223016755884,-0.00125
-0.001267286502419936,-0.001232
-0.0012584695091589757,-0.0012
-0.0012381249260027191,-0.001168
-0.0012132781978123105,-0.0012
-0.0010301042870809961,-0.0011
-0.0011680137507704442,-0.000882
-0.0010905755149674735,-0.000784
-0.0009956176115447897,-0.0008
-0.0007449934972400436,-0.0009
-0.00038085004243520397,-0.000934
-0.0008560851192451153,-0.001
-0.0009102916081745807,-0.000966
-0.0009509219187927894,-0.001016
-0.0009797862187272467,-0.001084
-0.0009257277368789004,-0.00105
-0.001030082354261939,-0.000984
-0.0010344274981812578,-0.000966
-0.001022190563048039,-0.00095
-0.0009884446329727222,-0.000884
-0.000946937719647522,-0.0009
-0.0009258435547867272,-0.000882
-0.0009046828025184352,-0.000884
-0.0008876874712852458,-0.000866
-0.0008833030376397024,-0.000834
-0.0008669991424720403,-0.000784
-0.0008429430214031112,-0.0007
-0.0007975544724749973,-0.0005
-0.0004354557007820056,-0.000266
-0.0005674560448737938,-5e-05
0.00018714834426176297,0.00015
-0.00017250857686349624,0.000284
0.00037883294815192666,0.000366
0.0001835990441217113,0.000416
3.687637043466214e-05,0.000434
0.0003735572767708483,0.000484
0.0004239523072288793,0.000616
0.0010270962317410035,0.00075
0.0003186271428788051,0.000984
0.0007039178786251239,0.001066
0.0008495416986002004,0.0011
0.0009716130633943359,0.001066
0.0010529392464028269,0.000984
0.0013531793421663971,0.001
0.0011172080077874883,0.001034
0.0010202138235739264,0.001166
0.0010442239488388614,0.00135
0.0011340911502843495,0.001484
0.001254237634073609,0.0016
0.001395995518557255,0.001632
0.0017573099947313733,0.00165
0.0015898974180286716,0.0017
0.0016446007089782903,0.001718
0.001674126385970862,0.001482
0.0010617218414295825,0.00125
0.001013920840195251,0.0011
0.0013816883777691487,0.001018
0.001208124749851382,0.001082
0.001110390924707387,0.001184
0.001094530025147659,0.001284
0.0011394920675296479,0.001316
0.001214226807251215,0.0013
0.001269722283222965,0.001416
0.001327722282003953,0.001584
0.0014011969102651596,0.0017
0.0014961963124749801,0.001766
0.0016132060086639093,0.0018
0.0017104551816227683,0.001834
0.001773770654328771,0.001866
0.001815572556180786,0.001884
0.0018452041103070795,0.001784
0.0018410569140245026,0.001666
0.0017978655128586965,0.001434
0.0016878400783239048,0.00115
0.001502492609445024,0.001
0.00044822160267583817,0.0009
0.001116005253015813,0.00095
0.0009976800610536523,0.00095
0.0009491218252966223,0.000932
0.0010100018083468944,0.000968
0.0009496801654421878,0.001066
0.0009813093417933953,0.00115
0.0009927763403036703,0.0012
0.0010938159462077813,0.001284
0.0012462615040698816,0.00135
0.0012440949675802144,0.001382
0.0013022716912341806,0.001384
0.0013489964064340618,0.001366
0.0013701555019066697,0.00135
0.0013701555019066697,0.001368
0.0013666967436783823,0.00135
0.0013582822728736427,0.00125
0.0013283462628166248,0.001116
0.0011726929118248727,0.00095
0.000995105084980321,0.0009
0.0010505640325519869,0.000934
0.0009729317149688705,0.000982
0.000940765657920959,0.00105
0.0011979888683307893,0.00115
0.0010269881455463696,0.001134
0.0010773213617463744,0.000984
0.0008573913598667029,0.000832
0.0010218040318505997,0.000718
0.0009131105032558161,0.00065
0.000670467370999301,0.000666
0.0005903266647503504,0.00065
0.0004745312420078532,0.0006
0.00029497691702873985,0.000484
0.0005982323414899845,0.00025
0.0004921745381436184,-3.4e-05
0.00031898445848135793,-0.0003
9.26871146548048e-05,-0.0006
-0.0001788087199663782,-0.000884
-0.0004624030486623611,-0.001166
-0.0007454905359452948,-0.00135
-0.0010070518686165443,-0.001466
-0.001221949393053064,-0.001484
-0.0013696412885171483,-0.0012
-0.0013778115003010216,-0.000966
-0.0012842777311114313,-0.001034
-0.0011759532734790547,-0.001016
-0.0007529059589524794,-0.000984
-0.0010006609765024377,-0.00095
-0.000996795987751398,-0.000816
-0.000943388232131768,-0.000668
-0.0008575913832071241,-0.0007
-0.0007862473153007285,-0.000866
-0.0007645154418915931,-0.001
-0.0008118153018789794,-0.001134
-0.0009289871273598595,-0.001232
-0.0009677142531071515,-0.001268
-0.0011610748537600399,-0.001282
-0.0012304341593318319,-0.001268
-0.0012629619501041205,-0.001316
-0.0012839892119772879,-0.0012
-0.0012675470138175137,-0.0011
-0.0012230118724568127,-0.00115
-0.0011934869055195345,-0.001116
-0.0011424511290544087,-0.001018
-0.0010972041967097748,-0.001016
-0.0010764697143025102,-0.00115
-0.0010764697143025102,-0.00125
-0.0011109328791190079,-0.00145
-0.0012204260088689853,-0.001666
-0.0013839047214572054,-0.001834
-0.0015554624431716368,-0.001734
-0.0016744940612555147,-0.00145
-0.0016744940612555147,-0.001182
-0.0015563209789161675,-0.001018
-0.0007896259161759152,-0.000866
-0.001134366360590819,-0.000734
-0.0006217799296117377,-0.000616
-1.694320862588895e-05,-0.000566
-0.0005172638929920412,-0.00055
-0.0006182879171272178,-0.000518
-0.0005633791835127619,-0.000566
-0.0005504886424821377,-0.0007
-0.0005852227328405136,-0.000816
-0.0006528956176434013,-0.000868
-0.0007403816881106058,-0.000866
-0.0010435132079231843,-0.00085
-0.0008505191535916605,-0.000916
-0.0009464878601717535,-0.000868
-0.000875614164449597,-0.000832
-0.0008672774052519483,-0.000968
-0.0008972692729920324,-0.001116
-0.0011092344268576354,-0.001166
-0.001023747083145801,-0.001184
-0.001110604675783477,-0.001184
-0.0011631921597493773,-0.001166
-0.001175229095975007,-0.001166
-0.001175229095975007,-0.001184
-0.001175229095975007,-0.001184
-0.0011752291748700395,-0.001132
-0.0010004885908562514,-0.001034
-0.0011350194536705125,-0.00095
-0.0010772334971129128,-0.000916
-0.0010100707081431683,-0.000884
-0.0009473872635431602,-0.0009
-0.0009131080030476056,-0.000934
-0.0009089632525110388,-0.000966
-0.0009217862199462585,-0.001016
-0.0009550608310969454,-0.001068
-0.000997260995073422,-0.00105
-0.0010259645858265146,-0.001066
-0.0009049944378971245,-0.001066
-0.001062687383271123,-0.001
-0.0011218054824538284,-0.000984
-0.0006975496538181997,-0.000984
-0.001009340613511677,-0.001032
-0.0011307238558316537,-0.001034
-0.0010091099244364146,-0.0011
-0.0010385244383280814,-0.001134
-0.001076084548753457,-0.001132
-0.0011010035447937083,-0.00115
-0.001129452699066732,-0.00115
-0.0009842001591149748,-0.00105
-0.0011215269040937901,-0.000968
-0.0010813907919596597,-0.001
-0.001043708236443721,-0.000932
-0.0009885765454671952,-0.000918
-0.0009339108874481168,-0.00095
-0.0009507708348053996,-0.000932
-0.0009332864332652496,-0.000918
-0.0009261203185610162,-0.00085
-0.0009134393621844397,-0.0007
-0.0008522814319343899,-0.00055
-0.0007580211183897747,-0.0004
-0.00023803936291305839,-0.000166
-6.431009487439107e-05,6.6e-05
0.0001327162352628782,0.00025
0.00035085296291389556,0.0003
0.00037826553507761457,0.00035
0.00023883854516025709,0.000434
-0.0006186983685342129,0.0005
0.00039409507386189215,0.000484
0.00044055024418296546,0.000466
0.0004703898839576873,0.0006
0.00051121131779232,0.000766
0.0005760343167808529,0.00095
0.0006910033140570793,0.001168
0.0008657556534307219,0.001266
0.0010326883905452749,0.001284
0.0015206231613020004,0.0012
0.0006686076178438196,0.00115
0.0012236745662976489,0.001166
0.0011987158071609773,0.001184
0.0011745312449790088,0.001216
0.0011783898432324096,0.00125
0.0012032040666693955,0.00125
0.001224317639708205,0.001234
0.0012371483388566174,0.001166
0.001224138390194184,0.001184
0.0012076413599867671,0.001182
0.0011908654358391815,0.001134
0.00116600087737141,0.001084
0.0011449817416865982,0.001066
0.0011153758284458933,0.001116
0.0010993390718585455,0.001118
0.0016421701108145796,0.001166
0.001115621507577346,0.00125
0.0011611515941939079,0.001366
0.001222665577725989,0.0015
0.0013173844291999566,0.001568
0.0014179597378373371,0.0016
0.0015062715237155193,0.001566
0.0015575965293700817,0.00135
0.0015185286559770785,0.001234
0.0014337395333035732,0.001166
0.0008722773535088454,0.001116
0.0012143243215114834,0.001118
0.0011573095638973488,0.0011
0.001312312504240515,0.001282
0.001152158665010295,0.001434
0.0012301335448248716,0.0016
0.0013494173114328737,0.001634
0.0014840103435328077,0.001566
0.0015566198088667468,0.0015
0.0015737707999992157,0.001434
0.001531652844646687,0.001482
0.0014943255534624537,0.001534
0.0014866034654636325,0.00145
0.001474051423570291,0.001234
0.0014221659476042832,0.000982
0.0012946998982724233,0.000768
0.00032317664465626316,0.000532
0.00039043205639425615,0.000418
0.00038319718466912976,0.00035
0.0005130612485162453,0.00035
0.00039179492863455163,0.000382
5.231784797564373e-05,0.000384
-0.0002745231281327091,0.000434
0.00043344381357087857,0.00045
0.0006806191104214423,0.00045
0.00040003235898618267,0.000466
0.0004497147306149225,0.00045
0.000485395837496867,0.00035
-0.00012046551793179007,0.000234
0.0003726995694241597,0.000132
0.0002885320607123488,3.4e-05
-8.783737267806021e-05,-6.6e-05
-0.0006719186301089177,-0.0002
-0.00023378386347450804,-0.000284
-0.00013202722006679777,-0.000434
-0.00042827668673994557,-0.00055
-0.0003703444587919434,-0.00075
-0.0008194633863372412,-0.00095
-0.0006758796341146066,-0.001082
-0.0010049553120207752,-0.0011
-0.0009739682623397326,-0.001168
-0.0010769588635045034,-0.001382
-0.0011859581892455654,-0.001668
-0.0013349902746280786,-0.001866
-0.0015276137589915763,-0.001816
-0.0016876722141274077,-0.001734
-0.001772882005114627,-0.0016
-0.0017564956646379192,-0.0015
-0.0016655115462162024,-0.001466
-0.0011489545254849737,-0.001334
-0.0014773598322993138,-0.001166
-0.0013697564752647145,-0.001068
-0.001262293472493074,-0.001016
-0.0010011466543229973,-0.00095
-0.0010519583688955972,-0.000966
-0.0011490048605157595,-0.00095
-0.0009711731691255043,-0.000918
-0.000946435394975088,-0.0008
-0.0009101121219754622,-0.000766
-0.0008604169299039282,-0.0007
-0.0007979614919480752,-0.000734
-0.0007509219066731688,-0.000766
-0.0007421786802676703,-0.000766
-0.0007421786013726377,-0.000684
-6.45523716575638e-05,-0.000634
-0.0007138981246792692,-0.000616
-0.001789649250808629,-0.000616
-0.0006381921082116153,-0.0006
-0.0006168027970339403,-0.000618
-0.0006126873954494931,-0.00065
-0.0006214527519116303,-0.0007
-0.0006429430092834907,-0.000732
-0.0006760925718075389,-0.000734
-0.0007048439729503747,-0.000766
-0.0007335811729873462,-0.0008
-0.0007586899904759841,-0.00085
-0.0007885668292585673,-0.000968
-0.0008478977872391723,-0.001032
-0.000914783970224693,-0.001068
-0.0009815562287831688,-0.0011
-0.0015814089681162045,-0.001166
-0.0008673038350878625,-0.001216
-0.0011389260201037216,-0.001334
-0.0010878998688325706,-0.001284
-0.0012515897834230062,-0.0013
-0.0012845662502455747,-0.001332
-0.0013130301578896907,-0.001284
-0.0013004886879307148,-0.001334
-0.0008685511655529452,-0.0014
-0.0013385244565075124,-0.001332
-0.0013385244565075124,-0.00125
-0.0013303198464894343,-0.001184
-0.001293526043515504,-0.0012
-0.001242930185752042,-0.00125
-0.0012217344829843172,-0.0013
-0.0012346284559488585,-0.001184
-0.0012346284559488585,-0.001
-0.0011863185028593564,-0.000932
-0.001107619445540732,-0.00085
-0.0009945547376658782,-0.000784
-0.0008935260981712956,-0.0007
-0.0006224680520858965,-0.0006
-0.0007358221863877684,-0.000366
0.00020287503350919407,5e-05
-0.00034281076302945665,0.000582
-9.46394163925761e-05,0.000984
0.000299778961805485,0.00115
0.0014476799699802499,0.0012
8.444404184126956e-06,0.001166
0.0011229317635061023,0.001018
0.001131786231907538,0.000866
0.0010592144783991718,0.00075
0.0009461119009086798,0.000616
0.0008088299683083696,0.0005
0.0006795827452734773,0.0004
6.495487214642232e-05,0.000218
-3.35089909232594e-05,0.0
-0.0001638660205195692,-0.000218
9.425050848228029e-05,-0.000166
0.00014994810366562015,0.000166
-5.8235256260798145e-05,0.000584
8.355942289366704e-05,0.001
0.0003851286139617098,0.001266
0.0007436471290762415,0.001418
0.0010591531769588575,0.001332
0.0012501257827656279,0.0013
0.0013275996791233245,0.0013
0.0007101120065279771,0.001184
0.0012776010567564894,0.001
0.0011929578898932564,0.000866
0.001083365667982359,0.00075
0.000945995530735625,0.000634
0.00030214204554506586,0.0006
0.0007099052226475861,0.000634
0.0005403819671382836,0.00065
0.0005654873921405206,0.000632
0.0006285472449409655,0.0007
0.0006533172082646743,0.0008
0.0006938806947902881,0.000884
0.000751620655543894,0.000984
0.0008394031346484999,0.001066
0.0009310081569766178,0.001116
0.0010103200709083201,0.00115
0.0010774504340196746,0.001134
0.001115716260511474,0.00105
0.0011115554942832937,0.000966
0.0008866961307680517,0.0009
0.0010103169940020495,0.000834
0.0005528647786405366,0.00075
0.0008605162343171139,0.000716
0.0007982150361499538,0.000718
0.0007533126384125949,0.0007
0.0007205472946972093,0.0009
0.0008387864121788256,0.001032
0.0012497147396458885,0.0011
0.0009292174764221597,0.001134
0.0010392784926166448,0.0012
0.0011149964222342183,0.001284
0.0011777577362313823,0.001416
0.0012558877236800103,0.0015
0.0013471262785817962,0.001566
0.0014388879075495846,0.001518
0.0014986559440106802,0.001282
0.0014637914401634505,0.00115
0.0013747746482741373,0.0011
0.0012584877094786696,0.001
0.0005872377269872795,0.000884
0.0005982323414899845,0.000834
0.0009519367211640281,0.000782
0.0008729988485817854,0.000768
0.0008158621981423155,0.00075
0.0007827225763923723,0.0009
0.0007985400836841816,0.001032
0.0008596800258668032,0.00105
0.0009300120282952684,0.001
0.0009940616192794238,0.001018
0.000696688253419664,0.0011
0.001041056944441053,0.001166
0.0010693490187042107,0.001234
0.0011275173794847236,0.001182
0.0011693125752589692,0.001018
0.0011480095752469364,0.000832
0.0005401182999394028,0.000718
0.0009331064492631036,0.00065
0.0008010440542281914,0.000582
0.0006932103236984596,0.000568
0.0005121483540942673,0.00055
0.0005865606892651982,0.000482
0.0005445470331457396,0.000418
0.0005030274177202942,0.000266
0.0004263947396474771,1.6e-05
-0.0003675517324286924,-0.000416
6.317225614357572e-05,-0.00075
-0.0010506608611897939,-0.00095
-0.0005340752015617388,-0.001116
-0.0008144668061339129,-0.00135
-0.0010469617886922692,-0.001484
-0.00123011510782008,-0.001534
-0.0013750138824457506,-0.001482
-0.0014641922513617866,-0.001268
-0.0014445445480283053,-0.001066
-0.001342106290986624,-0.00095
-0.001196525863279466,-0.000884
-0.0010716221668157248,-0.000866
-0.0009756141705094072,-0.00095
-0.00103110972537619,-0.0011
-0.000952283725950145,-0.001316
-0.001062238391640713,-0.00155
-0.0012346148071082223,-0.001684
-0.0014180388150928137,-0.0017
-0.001566313192582433,-0.001616
-0.0016389775688590476,-0.0016
-0.001651061447629062,-0.001618
-0.0016344690333272565,-0.001566
-0.0016005190806976887,-0.001516
-0.0015759645797079548,-0.001418
-0.0015313303461863337,-0.001366
-0.001468453214281343,-0.001334
-0.0014102097454298146,-0.001332
-0.0013633636107747932,-0.001334
-0.0013418550892028906,-0.001334
-0.0013335561207258476,-0.001416
-0.0013548891797452933,-0.00145
-0.0014428640838343608,-0.0014
-0.0014010467185559602,-0.001334
-0.000707312204044626,-0.00125
-0.0013603591301440988,-0.00125
-0.0013100626001342434,-0.001232
-0.001267484686741776,-0.00115
-0.0011108079093874019,-0.001084
-0.0012801527043330093,-0.00105
-0.0011670289829737862,-0.001034
-0.0010806053130152978,-0.001032
-0.0010505190868162484,-0.001
-0.0010294526930069217,-0.00095
-0.0010048439911298055,-0.000868
-0.0009640355355280323,-0.000882
-0.0009263217375791919,-0.000918
-0.0009052946334960896,-0.000932
-4.544436951820105e-05,-0.00095
-0.0009211210559265803,-0.000968
-0.0009424694205823465,-0.001082
-0.0009844529387993597,-0.001218
-0.0010571564470121335,-0.001332
-0.0011534068877535682,-0.001368
-0.0012527698164252984,-0.001266
-0.0012974395527115803,-0.001066
-0.0008670987080031556,-0.0009
-0.0011544726807486852,-0.000784
-0.0010084995135693465,-0.000616
-0.00037191490386295566,-0.0005
-0.0007038036630507808,-0.000318
-0.0001639937515773155,-0.0001
-0.0003883384433475247,0.00025
-0.00017392596557130419,0.000468
6.745704043203165e-05,0.000532
0.0005246377533317407,0.0005
0.00043475729752077925,0.0005
0.0004994365497599522,0.000618
0.0005363017921858832,0.00075
0.0008686092078640917,0.0008
0.0006640954925880462,0.000782
3.95429448735533e-05,0.00075
0.0006948961527546195,0.000684
0.0008031051869543321,0.000616
0.0007064172732572441,0.000534
0.0006440116575144651,0.000534
0.001023176647627419,0.0007
0.0005942946509664228,0.000916
0.0006671105451531063,0.000884
0.0007546908557367272,0.000866
0.000839425619732785,0.000866
0.000882490946636529,0.000918
0.0008829710229097756,0.000982
0.0009068159419764892,0.001
0.0009401802567792188,0.000934
0.0012103886428112523,0.001084
0.000998655913711629,0.001282
0.001071756263938278,0.001434
0.0011787852651356982,0.00155
0.0013331726664346788,0.0016
0.001463465603678897,0.001666
0.0015603958829160693,0.0015
0.0015774760263092818,0.0013
0.0015130711709934205,0.001268
0.0014295074459659408,0.001266
0.0013534622597532275,0.001334
0.001291309936512545,0.001482
0.0013353223982824065,0.001668
0.001433673734846402,0.00185
0.0015786867494792475,0.00195
0.0017330655512196769,0.002032
0.001871632683900708,0.0021
0.001980684395943403,0.002118
0.0020483615016305334,0.002116
0.0020906291997548985,0.001984
0.0020781208657096057,0.001682
0.0019705943524367386,0.001434
0.0010197141024375674,0.0012
0.0015677788800648638,0.001084
0.0010741564875144456,0.001
0.001175453133434701,0.000966
0.00106026133658647,0.000916
0.00098998179935467,0.000868
0.0007280540781521211,0.0008
0.0006315311339681568,0.00075
0.0006537053323774494,0.0007
0.0007779584998500561,0.000782
0.0007570569177637879,0.000818
0.0007614234422369359,0.000816
0.0007978654522605938,0.000866
0.0008197565358454747,0.00095
0.0008611516549095095,0.001118
0.0011255030315129025,0.0013
0.001054374899310677,0.00135
0.001175578260956372,0.001382
0.0012849670914732794,0.001318
0.0013367217594752701,0.0013
0.0013367218383703026,0.001282
0.001319563273314706,0.00135
0.0013118750312848613,0.001334
0.0013158313804836283,0.00125
0.0010111516245517086,0.001116
0.001260200441740939,0.001
0.0007154482298465602,0.000884
0.001059131875300061,0.000816
0.000882854810526786,0.00075
0.0004405966739096385,0.000718
0.0007904172878148886,0.000582
0.0007143840147520947,0.00035
4.512631181263145e-05,8.4e-05
0.0004275267255749285,-0.000284
-0.0005801863895407652,-0.000516
-9.975169616118221e-05,-0.000666
-0.0003525138658488343,-0.000834
-0.0005800136883144486,-0.000966
-0.0007497126825088221,-0.001034
-0.0008784834189944501,-0.001084
-0.0009818280221704054,-0.001082
-0.0010426904905234448,-0.001
-0.0010508726154572375,-0.000918
-0.0010226980158975908,-0.000916
-0.000980697929723736,-0.0009
-0.0009344689909085845,-0.0009
-0.0009087177311696513,-0.000866
-0.00089595527622442,-0.000784
-0.0008636764781749524,-0.000716
-0.0008182792507932546,-0.000684
-0.0007642319720395348,-0.000634
-0.0007058502001958943,-0.000516
-0.0006393849222091855,-0.0004
-0.0005612274003941872,-0.000234
-5.4700107917215435e-05,-0.000116
-0.000720924358490739,-6.6e-05
8.036694379513973e-06,0.0
-0.00010612294341217649,6.6e-05
0.0001161214639719743,0.000116
0.00016196065146430365,0.00015
0.00018319720213514644,0.0002
0.00010705699178663044,0.000234
0.0001738753102513141,0.00025
0.00020754895275303003,0.000266
0.00023689204691645436,0.00025
0.00024971471849530194,0.0002
-0.00038688211994113874,0.000168
0.00012065877646689879,0.000116
8.689206741237619e-05,8.4e-05
4.130999883122359e-05,8.2e-05
0.00026156068929457285,0.000118
9.957457210396712e-05,0.00015
0.00017463780115555826,0.00015
0.00017825144019467854,0.00015
0.00016657530081491423,0.000182
0.0002575489557829352,0.00015
0.00011619719334137161,0.000118
0.0001331971991052413,0.00015
0.0002694058732679765,0.00015
0.00017479346105483772,0.000166
0.00013299115486578074,0.000166
0.00018319720213514644,0.000184
0.00015828223960343555,0.000166
0.00010780610505191282,0.00015
0.00017864465303705503,0.000168
0.00016621390239442545,0.000166
0.00018319720213514644,0.000166
0.0001623125824808829,0.000168
0.00017029988599359954,0.00015
0.0001417949627944213,0.000116
0.00014032250535387283,6.6e-05
6.982679819827482e-05,6.8e-05
-8.855131501870549e-06,0.0001
0.00014510516167636156,0.00015
0.00023272252333965762,0.000182
0.00012390747667094328,0.000168
0.00021231257564890895,0.000166
0.00017064465728597217,0.000166
0.0001576525191771437,0.00015
0.0001623125824808829,0.000184
0.00018731259385771455,0.000184
0.0002036669818462276,0.0002
0.000141652527674978,0.000182
0.00020346222951292555,0.000184
0.00017064464742409308,0.000184
0.00019968015944112698,0.0002
0.00018731258399583547,0.000166
0.00017029988599359954,0.000184
0.00019538540972386832,0.000182
0.00017864465303705503,0.000184
0.00021231257564890895,0.000184
0.00021671363642256856,0.000216
0.00020762364662512474,0.0002
0.0002038205510271437,0.0002
0.00017880573696982434,0.0002
0.00019152023359712627,0.000216
0.0002042998777975808,0.0002
0.0002246377943235843,0.0002
0.00018731258399583547,0.000184
0.00024152024648891048,0.000166
0.00021231257564890895,0.0002
0.00028457129339175757,0.0002
0.00021644383513490462,0.0002
0.0002042998777975808,0.0002
0.0002569027068473179,0.000184
0.00021231257564890895,0.0002
0.00020779494746461308,0.0002
0.0002334438408987743,0.0002
8.353650388670268e-05,0.000184
0.00017479346105483772,0.000182
0.00037768013393587425,0.000168
0.00016657530081491423,0.000182
0.0002201553927713352,0.000218
0.00022083296303488655,0.0002
0.00017916998547336507,0.000182
0.00022479347394662193,0.0002
0.00020779494746461308,0.000218
0.00019512631843687707,0.0002
0.00020828222290958254,0.000216
0.00023980425980654708,0.000216
0.00021231257564890895,0.000218
0.0002370501525617438,0.0002
4.793159334633662e-06,0.000182
0.0001384096854271025,0.000184
0.00020828222290958254,0.0002
0.00021231257564890895,0.0002
0.00019994810669552528,0.000216
0.00017894603206150892,0.0002
0.00019994810669552528,0.0002
0.00021621389556245152,0.000218
0.00022080572452488846,0.0002
0.0002038205510271437,0.0002
0.00019113128108650909,0.0002
0.0002245418579639676,0.000216
0.0001455305932776677,0.0002
0.00023731257716386154,0.000234
0.00019330489840535019,0.0002
0.00017932619763787256,0.000182
0.00016621391225630453,0.000168
0.00026214835866849976,0.000182
0.00020779494746461308,0.000218
0.00022083294331112842,0.000216
-2.5861019876606964e-05,0.000216
0.0002038205510271437,0.0002
0.00018731258399583547,0.0002
0.0002038205510271437,0.000218
0.0001623125824808829,0.000166
0.00019994810669552528,0.000184
0.00016669694709327284,0.000182
0.00020363694256257295,0.000184
0.00019566698609514474,0.0002
0.0002286446560669602,0.0002
0.00019165253070488312,0.0002
6.074719542496406e-05,0.0002
0.00024128223989937613,0.000216
0.00023731257716386154,0.000234
0.00019948085086507288,0.000216
0.0002160872098638869,0.000234
0.00023675319165911436,0.000216
0.0002161971895393028,0.000234
0.00021644383513490462,0.000216
0.0002326969416253437,0.000218
0.0002456369301176371,0.000216
0.0005027072616780863,0.000216
0.000253820573780807,0.000218
0.00027904473580707623,0.000232
9.046952814811922e-05,0.000184
0.00019968015944112698,0.0002
0.00021214833591483648,0.000184
0.00019951134379516487,0.000182
0.0001497147124354917,0.00015
9.948083987432307e-05,8.4e-05
5.803669494394935e-05,3.2e-05
3.731258415163169e-05,6.8e-05
9.582054428531105e-05,8.2e-05
8.621379202447116e-05,0.0001
7.865877411901605e-05,0.000134
0.00010382054496733346,0.00015
0.0001777440465164013,0.000166
0.00015813128382047366,0.000134
0.00017080574121874147,0.000166
0.00014529988447864697,0.00015
0.00016619719637127672,0.000168
0.0001541554081011434,0.000182
9.502116009145688e-05,0.0002
0.00022064466031587732,0.0002
0.00018716262426265987,0.0002
0.0002159911551617213,0.000218
0.00022929987931253335,0.000216
0.00024529989053845725,0.000234
0.0002417949589923525,0.000232
0.00023249100586655294,0.000234
0.0002400997217035575,0.00025
0.0002777103052260257,0.000234
0.000652577567334241,0.00025
0.00021669693039941983,0.000232
0.0003572729081237496,0.00025
0.00023731257716386154,0.00025
0.00024529989053845725,0.00025
0.00024862338323338714,0.00025
0.00027409389499888603,0.00025
0.00024563694984139524,0.00025
0.0003618920939387335,0.00025
0.00031996524207887064,0.000268
0.0009965815266200146,0.000382
0.00028613396730206076,0.000568
0.0008626903447299085,0.000716
0.00047924198550814567,0.000884
0.00063291029803268,0.001032
0.0007956736693605013,0.001168
0.000945825511940416,0.001266
0.001083931424260987,0.001184
0.0011604161347002011,0.000832
0.0011083797325368689,0.00045
0.0009249902805765473,0.000284
0.0006788515066640138,0.000484
0.0005075559925903605,0.000782
0.0008056202028029031,0.001
0.0006307000931424802,0.001184
0.000856033734146074,0.00135
0.0010737557007489415,0.001484
0.0012500033376750645,0.0016
0.0014006556903416638,0.001666
0.0015220186566382676,0.001716
0.0016143457263045535,0.001784
0.0016898276019846488,0.0018
0.0017401648418313154,0.001816
0.001778053865647515,0.001834
0.0018080366604588524,0.001834
0.0018206447178253254,0.001782
0.0018159709760953127,0.001618
0.0017648024981853881,0.001566
0.0016972451551577133,0.00145
0.0016010385011593605,0.0013
0.0014804706390010936,0.00135
0.001413974907531809,0.001266
0.001339778310827467,0.00085
0.0011865551635242629,0.000834
0.0010691740295219493,0.001234
0.0010409316591293166,0.001366
0.0010652032425322205,0.0015
0.0012273235404494857,0.001616
0.0016034820381084143,0.001468
0.001485288127480466,0.00095
0.0013771454440031528,0.00025
0.0010577434805167261,0.00015
0.0006525678237977175,0.00065
0.0004920614026668993,0.001032
0.000511831669433493,0.001068
0.001346956496471685,0.0009
0.0009084343946748261,0.000732
0.0005721884206276974,0.000484
0.00031214834197464673,0.00025
-2.1610081557127657e-05,5e-05
1.6121460377633802e-05,-3.4e-05
0.0001825439315416296,-6.6e-05
-0.0001259646003213756,-0.0001
-0.00016285164736193578,-0.000134
-0.00013378608619936814,-0.000116
1.8946998445293692e-05,-8.4e-05
-5.417945987346483e-05,-5e-05
-9.679592335122649e-05,-5e-05
-7.568238975993339e-05,-8.2e-05
-6.691278282791606e-05,-0.000168
-0.00017162696432193602,-0.000166
-0.000309864236871752,-0.000216
-0.0002043330184203382,-0.000234
-0.00024646939576297423,-0.00025
-0.0002082050485530356,-0.000234
-0.00016285164736193578,-0.0002
-0.00025157686293459297,-0.000166
-0.00016283736736103887,-0.000184
-0.00018768740914281584,-0.000182
-0.00013837915775856822,-0.000184
-0.00021738403194722914,-0.000184
-0.0001835561496568202,-0.000182
-0.0002668027955483626,-0.000218
-0.00020871776764601197,-0.000216
-0.00020042542635170557,-0.000234
-0.00018342471053254264,-0.0002
-0.0002173030659200444,-0.000182
-0.0003184125136517465,-0.000168
-0.00016268740762786328,-0.000166
-0.0004805150601866815,-0.0002
-0.00033837915015443064,-0.0004
-0.00023590748106645185,-0.000716
-0.0003759203652195032,-0.001
-0.0005865586624271831,-0.001184
-0.0008323558602961634,-0.001266
-0.0010467363855841893,-0.00135
-0.0012032122961856157,-0.00125
-0.001263967230609249,-0.001234
-0.001276110911813959,-0.001266
-0.001276110911813959,-0.001284
-0.001258963313167891,-0.001266
-0.0012629498791641358,-0.001234
-0.0012629498002691033,-0.001234
-0.0012550347350205923,-0.001182
-0.0012297485614987155,-0.001
-0.00116488572051873,-0.000568
-0.0010024950493248146,-0.000166
-0.0007387742018217975,-0.000484
-0.0005618823869546625,-0.000382
-0.0004037271166897478,-0.000468
-0.0003781432327624321,-0.000716
-0.0005155683598468741,-0.000666
-0.0005614115808477441,-0.00095
-0.0007042543114768751,-0.00075
-0.0007731748028774596,-0.000868
-0.0008111966070334905,-0.0012
-0.0009460928327436276,-0.001366
-0.0010521419576364098,-0.0013
-0.001188248669831415,-0.001034
-0.0009945963942430802,-0.000332
-0.0010181562655570836,0.000516
0.0009165138771712328,0.00115
5.4456894477396376e-05,0.001116
0.0005976029169200649,0.001118
0.0009684203392159066,0.001332
0.0011767837770541877,0.001234
0.0011977690667700227,0.001234
0.001227619949086887,0.001432
0.0013059657144496204,0.001518
0.0013514180894590912,0.001366
0.0013849276500168,0.0014
0.0014275996062881023,0.001566
0.0014604619119985283,0.001684
0.0015008119874610143,0.001884
0.0016291273418185931,0.001966
0.0017710726020046155,0.001916
0.0018598433991823455,0.002018
0.001944738872359768,0.0021
0.0019983112819123914,0.002182
0.00205155627707981,0.002284
0.002143556247941021,0.0023
0.002214489193832645,0.0023
0.002265278344425927,0.0023
0.0022958205050182534,0.0023
0.0022999481353327502,0.0023
0.0022999481353327502,0.002334
0.0023081312859019668,0.002332
0.002316087218777354,0.002334
0.002324637862408326,0.002316
0.002328805729189438,0.002318
0.0023247934434125726,0.002232
0.0022990099156053145,0.0021
0.0022392983679875456,0.001784
0.001478754514252423,0.0016
0.0019227970592689385,0.001634
0.0017746009456516383,0.001666
0.0016692812842300866,0.001366
0.0015635714079773964,0.001
0.0014098745748985847,0.00055
0.0011351618347714865,0.000384
0.0008154494193318593,0.00055
0.0015426637509736196,0.0008
0.0005673157450730354,0.00085
0.00022065878252670905,0.0002
-0.00041509881000066667,-0.00035
0.0003628367830588411,-0.000484
4.095221355667997e-05,-0.000782
-0.0003628280106955406,-0.001234
-0.0007209125242358521,-0.001484
-0.0010056252097424083,-0.001332
-0.0012144863174462011,-0.00105
-0.0005928118827094384,-0.000734
-0.0011485546854598605,-0.000934
-0.0010178645117266045,-0.001132
-0.0009662075157749472,-0.000934
-0.000936989529409436,-0.000934
-0.0009856265024089806,-0.001332
-0.0010870897746380437,-0.001684
-0.0012287567720441579,-0.001716
-0.0014243529423402204,-0.001618
-0.001591261537574804,-0.001582
-0.0016513107559320134,-0.001534
-0.0016141565604492598,-0.00095
-0.0003284434253314922,-0.000166
-0.0010721818481768443,0.000232
0.0005660559886403214,0.0006
0.0008504932515881424,0.00105
0.0004178576265145926,0.001318
0.000789675832298706,0.001482
0.0011042264613367837,0.001684
0.0013777442573004316,0.00175
0.0015542748907084174,0.001584
0.0016224816976442872,0.001282
0.0015705566163719247,0.001434
0.0015081904086979192,0.001634
0.001480086262402366,0.001482
0.00145488513772561,0.001184
0.0014294861443071444,0.00065
-9.219080685174343e-07,-0.00015
-0.0005860691581975432,-0.000634
0.00038953107512219767,-6.6e-05
0.00036676603181391677,0.00055
-8.543792819033923e-05,0.000916
0.00017682450518792848,0.001134
0.0006222283050965715,0.000834
0.0008533137490028613,6.6e-05
0.00011537572840027425,-0.000784
0.0002940697227728657,-0.001232
-0.0002986849093740202,-0.0014
-0.0008515878657029832,-0.0016
-0.0012614637334354348,-0.001784
-0.0015091482188262669,-0.001934
-0.001684461344091485,-0.00205
-0.0018461800662929206,-0.00215
-0.0019828805425031195,-0.0022
-0.0020860250678764528,-0.001982
-0.0020976062274988706,-0.001634
-0.001996995810571992,-0.00135
-0.0017995624116522496,-0.000834
-0.0014604196486938976,-5e-05
-0.0009819297178674004,0.00075
-0.00039072967288997836,0.001268
0.00026371436589392943,0.00145
0.00084007019214896,0.001532
0.0012424601047151009,0.00175
0.0014957076366431824,0.0018
0.0016293793325526523,0.001734
0.0017014643037100026,0.001866
0.0017862232884810624,0.001868
0.0018156307807148297,0.001532
0.0017466006252189598,0.001218
0.0016143075411087849,0.001016
0.0014004963223758532,0.000734
0.0011177807068289832,0.0002
0.0007825135045560365,-0.000568
-0.0009997158929071672,-0.001182
-0.00022210268467453772,-0.0014
-0.0010561801209839617,-0.000984
-0.0010410974420255984,-0.000266
-0.0009685570887401989,-0.000418
-0.0007782307121452876,-0.001066
-0.0006921021885036793,-0.001334
-0.0011380301670087809,-0.001082
-0.0009833983488988687,-0.00065
-0.0010390837252140378,-0.00015
-0.0008151554808732999,0.0005
-0.0003601075916296488,0.001182
0.00020342138160980746,0.001584
0.0007625930610949277,0.001734
0.0012381541716269741,0.001816
0.0015729536052517567,0.001934
0.0017638420300587648,0.00205
0.0018805348837968544,0.001932
0.0019309478628747971,0.001668
0.0018925274021191418,0.001532
0.0017904015694064754,0.001484
0.0016496824958168045,0.001184
0.0014626162197581454,0.0005
-0.0007903582987633512,-0.000334
-0.0006666938065763369,-0.00105
5.409427318390261e-05,-0.001516
-0.0014814625317835157,-0.00175
-0.0011759056997744093,-0.0019
-0.001561973334630297,-0.001834
-0.0017536003747323147,-0.001766
-0.00181397763863499,-0.00175
-0.00181397763863499,-0.001618
-0.0017439404669432744,-0.0014
-0.0016371337919476633,-0.001082
-0.0004409793786979978,-0.000834
-0.0012409193880566869,-0.000634
-0.0012281026533290408,-0.000332
0.0001892980465238534,0.000266
-0.0003938000703203931,0.000416
2.7813597266172226e-05,-0.0001
-0.0006506609158455854,-0.000716
-4.432229477921745e-05,-0.0006
-0.00030617388227532715,0.0002
-0.0003132195637123278,0.0008
-9.432367847219272e-05,0.0012
0.0014743174576201492,0.0015
0.0009129320426921212,0.001684
0.0012877072737448325,0.001766
0.0015321099624654529,0.001916
0.0017127765890613891,0.001934
0.0018224130710855636,0.0017
0.0018265446461516895,0.001366
0.0017233239081768843,0.000984
0.0014871243304687225,0.000616
0.0011564219158857962,0.000268
0.0007983457652189381,-0.000168
-0.0009851258345322308,-0.000716
-1.2349165671600248e-05,-0.001
-0.000416146378243258,-0.001316
-0.0008104667490870971,-0.001584
-0.0011620987534928574,-0.0018
-0.0014324224840625223,-0.00185
-0.001642727765337684,-0.00165
-0.0017236794336265198,-0.001566
-0.0017193239544579329,-0.001484
-0.0016408726275416083,-0.001334
-0.001511391520182634,-0.000782
-0.0012990800960190395,-0.000318
-0.0009909757434079392,-8.2e-05
-0.0006408681488216811,1.6e-05
-5.443542494479011e-05,3.4e-05
-9.09769610520472e-05,-0.00015
-4.7354388671314786e-05,-0.000534
-0.0003170196218515545,-0.000334
0.0002908213381489515,0.000334
0.0006860153728598185,0.000784
4.945392377642924e-05,0.001116
0.00046152835445083576,0.001384
0.0008947801102813155,0.001632
0.0012211859802849921,0.001684
0.0014484037530091347,0.001816
0.0016251182118430306,0.001968
0.0017717747677945736,0.001982
0.0018594770106510462,0.002
0.0022319336744863094,0.002068
0.002003546914064436,0.002066
0.0020280428749399958,0.00175
0.0019677639142479148,0.001334
0.0017970390084973932,0.00095
0.0015145504528542872,0.000632
0.0011561190378557233,0.000384
0.00021214833591483648,0.000184
4.299892798127695e-06,0.0
4.888052207605036e-05,-8.4e-05
-0.00015917864967267842,-0.000234
-3.724397052248705e-05,-0.00055
-0.00022220077092379223,-0.000816
-0.00042802662893418465,-0.001034
-0.0006659159015551025,-0.001116
-0.0008844384160535548,-0.0012
-0.0010450414047042502,-0.001266
-0.0011561659259379075,-0.0013
-0.0012222422514139991,-0.001334
-0.0012762291754677957,-0.001384
-0.0013220822583477382,-0.00145
-0.0013684010586049976,-0.001532
-0.0014268411338777143,-0.001568
-0.0014852766332385415,-0.0016
-0.0015388883325173897,-0.001632
-0.0015839222482740586,-0.001418
-0.0009202463467003709,-0.001316
-0.0012600624787617895,-0.001166
-0.001387200955918379,-0.001118
-0.00125745973163699,-0.00105
-0.001164923984609531,-0.000882
-0.0010566665088598147,-0.000584
-0.0009136108010902351,-0.000834
-0.0008416384920394084,-0.001182
-0.000876372424607719,-0.000884
-0.0008762693088001376,-0.000984
-0.0009743045129685867,-0.001216
-0.0009262125468541018,-0.00105
-0.0010364959681454285,-0.000634
6.600091919416668e-05,3.4e-05
-0.000728461122058031,0.000784
-0.00023373601363724857,0.00115
0.00031643155329339064,0.001182
0.0007760374847017766,0.00085
0.0009871254047001273,0.000468
0.0009053722417753159,-5e-05
0.0006011335485230323,-0.000168
0.0002648537876782015,1.8e-05
6.102672052539341e-05,-0.000334
-8.075409775803545e-05,-0.00085
-0.000341512939743523,-0.0011
-0.0005773131507967669,-0.001316
-0.0009090760724076276,-0.001118
-0.001100101222306096,-0.0006
-0.0017414383898800465,-0.000816
-0.0006116543438928965,-0.000766
-0.0008296397410095472,-0.000634
-0.0007062220324844417,-0.000884
-0.000777270638493827,-0.000282
-0.0006470944658978268,0.000332
-0.0003783249674699791,0.0007
-4.846349503931813e-05,0.001184
0.00047022491444456346,0.001266
0.000861108972696884,0.0011
0.00105711019009021,0.000968
0.0011267675610950874,0.000782
0.0010245999140151539,0.000568
0.0008495330201466167,0.0003
0.0006483295826475439,-0.000234
0.0003445772575473551,-0.000734
-3.742040940097215e-05,-0.000766
-0.0003692810326478036,-0.00065
-0.0006012879310871062,-0.000516
-0.0006688975026263489,-0.000684
-0.0006562357966377217,-0.000984
-0.000712740576761262,-0.00125
-0.0008654779673488739,-0.001332
-0.0011733566801667965,-0.0014
-0.0012454147481180372,-0.001334
-0.0013303198464894343,-0.001016
-0.0004522505597374103,-0.00075
-0.0011314638123422172,-0.000118
0.0008476800125164207,0.000634
-0.000328279915376471,0.00115
0.00021107189209032106,0.001216
0.0007072595566250634,0.001034
0.0010029003875693763,0.000984
0.001093723323439533,0.001016
0.0010602575496249061,0.00105
0.0010203898383916114,0.000984
0.0010078213863314932,0.000916
0.0009902727642348234,0.001016
0.000990272843129856,0.0011
0.0010023589309607827,0.00125
0.0010674645319560154,0.001234
0.0011475982165470666,0.000884
0.0011133647940654405,0.000266
0.0008986129098590628,-0.000384
0.0004847027051881393,-0.000466
9.948083987432307e-05,1.6e-05
-0.0001493866715990999,0.0004
0.0001185373679358672,0.000268
4.6300854213750225e-05,-0.00015
-0.0006712293242092701,-0.00075
-0.0011308408571649691,-0.00125
-0.0004848185475287983,-0.001484
-0.000921193560461521,-0.0016
-0.00127908714802299,-0.00125
-0.0011724410244186782,-0.00105
-0.0013512658464790448,-0.0013
-0.0013048812477646139,-0.001134
-0.00023162799753799734,-0.000516
-0.0010072790863103734,0.000384
-0.0006578706595028352,0.00105
-7.47102944778835e-05,0.001316
0.0005409651592191117,0.0015
0.0010520079694382577,0.00165
0.0013734512629976479,0.001766
0.0015538199819505637,0.001868
0.0016926040759711884,0.001966
0.00180958631668878,0.002016
0.0019016235260053687,0.002034
0.001969400512803745,0.002066
0.0020196007908738533,0.001968
0.0012966903410493729,0.00165
0.0019254035933553018,0.001416
0.0017686003472637028,0.001166
0.0006153198221212268,0.0008
0.00012045823515596064,0.000184
0.0008800068576407293,-0.000584
0.0003750459865881082,-0.001166
-0.0015600183157229756,-0.0014
-0.0007566597846026146,-0.001566
-0.001442811855322793,-0.0014
-0.0013865322416222348,-0.000868
-0.0013150262022139534,-0.000732
-0.001150174163793621,-0.000984
-0.001002192092399709,-0.00135
-0.00098919389909713,-0.00165
-0.0011876689491320204,-0.001566
-0.0013938821028573458,-0.0012
-0.0014458952309860673,-0.00095
-0.0013485008911672618,-0.000584
-0.0010838834805140106,0.0001
0.0005306084505023287,0.000816
-0.000171243613358632,0.000734
0.00025251963414108647,-5e-05
-0.00025890031405754804,-0.000284
0.0002921206012692297,0.000168
0.0001326440167224307,0.000782
0.0001441747525571509,0.00125
0.0004645144130914229,0.001618
0.0009410559916408518,0.00185
0.0013649894551733606,0.002032
0.0016802566877923584,0.002134
0.0019036358227063426,0.002184
0.00204683062241836,0.002216
0.0021397722843884406,0.002084
0.002153256392196677,0.0017
0.0020409015029299415,0.001332
0.001824424894416342,0.000934
0.0015019143088562158,0.000834
0.0011914811326734324,0.000566
0.0009096799105541595,0.000184
-0.0001660502689440504,-0.000234
0.0003275129326081749,-0.000666
-4.890942948721591e-05,-0.0011
-0.0004658767574993225,-0.001384
-0.0008568146616113784,-0.001584
-0.0011920480968103811,-0.001616
-0.001426096995930424,-0.001734
-0.0015826230048775385,-0.001916
-0.0017157261831822403,-0.0021
-0.001846051782969946,-0.002166
-0.0019831790813064003,-0.002234
-0.002106936985211989,-0.002234
-0.0021848802281185012,-0.002166
-0.0022008446379609735,-0.002116
-0.0021887345660401426,-0.001984
-0.002127270601958717,-0.001434
-0.0013100182611259336,-0.0014
-0.001040052161738952,-0.000816
-0.0014187458723747917,-0.000284
0.00032305431790824853,0.000384
0.0007173680615693511,0.000916
3.3726104111109465e-05,0.00085
0.0004546136782154335,0.000618
0.0006868062561139123,0.0009
0.0008180314170630902,0.001282
0.0013032040727292058,0.001384
0.00103841340858441,0.001284
0.0012079106287329613,0.0009
0.0012079107076279937,0.000216
-0.0004765166599355498,-0.0003
-2.1355344289746897e-05,-1.6e-05
0.00018900204222349398,0.000282
3.9843404277783686e-05,-0.000116
-4.27251585324956e-05,-0.000484
-9.028624490369229e-05,-0.000116
-0.0001152179529060682,0.0
-0.00018352173169885737,-0.000166
-0.00019594588474438748,-0.000284
-0.00014402853518521777,-0.00035
-0.00020329716609008498,-0.00035
-0.0002893639740924579,-0.00035
-0.00033421053387050855,-0.000666
-0.0005670993209839854,-0.0009
-0.0005722470640697361,-0.001134
-0.000769690719343714,-0.001166
-0.0009714991634001231,-0.000884
-0.0009190976350260126,-0.00045
-0.0009156003760218262,-0.000666
-0.0007980743907396965,-0.001184
-0.0008027328268333888,-0.001366
-0.0010175662885034537,-0.00105
-0.001072872416397013,-0.000284
0.0009722312848696292,0.000616
0.0008619170945155963,0.00125
0.00011133272287009788,0.001568
0.0007699641450938027,0.001366
0.001191176282267545,0.001
9.63949691556437e-05,0.0002
0.0010205438414952067,-0.0007
0.0004467977051278424,-0.001216
-0.00020004156257068977,-0.001284
-0.0007647076301909569,-0.0011
-0.0010806110723526761,-0.001084
-0.0011730530131863978,-0.001432
-0.001228546990152529,-0.0016
-0.0013094611044058568,-0.00125
-0.0013462968795371194,-0.00085
-0.0012899169902501526,-0.000218
-0.0009922333302272573,0.0004
-0.0004950485113757421,0.0007
-6.7725245340495085e-06,0.000468
-6.678609712935144e-05,-6.8e-05
-0.00038454706366188176,-0.000466
-5.862627976602055e-05,-0.00025
-8.757471139084474e-05,0.000234
-0.00014386319092068919,0.000566
0.0003919995034540304,0.0009
0.0003519655012158161,0.000934
0.00042843930441677615,0.000416
0.0006985489138680202,0.000366
0.0006563856727667908,0.00095
0.0006596531499885893,0.0011
0.0007000183338498144,0.000734
0.0007806574989146026,0.000334
0.0007723527711001811,0.000416
0.0006385189064512441,0.001
0.001289196101904641,0.0015
0.0008007777045982028,0.001766
0.0011577263663544665,0.001668
0.0014761874276823497,0.001382
0.0015753231386602508,0.0009
0.00023181442179090884,0.0004
0.00107553415257335,-0.000532
-0.0004165561590424762,-0.000434
-1.7057512735278117e-05,0.0
-0.0001507053428973927,0.00035
-0.00016275805812953828,0.0004
7.072120899340128e-05,0.00025
0.0002461784064499887,1.6e-05
0.00025033877820300623,-0.0003
8.49481184643137e-05,-0.00065
-0.00017939311519645312,-0.00095
-0.0004800078834697438,-0.001216
-0.0007874660857640173,-0.001484
-0.001082676859885739,-0.001616
-0.0013228483291140855,-0.001734
-0.0015172778785633944,-0.001782
-0.001656858181252812,-0.001784
-0.0017306930442327767,-0.001634
-0.001735009233675139,-0.00135
-0.0016418837462791479,-0.0012
-0.0014976932912559766,-0.001066
-0.0010047897113473908,-0.001034
-0.0011655971170274999,-0.000782
-0.0010242475932324858,-0.000318
0.0004098056783845561,0.00025
-0.0004188347264784062,0.000568
-8.337164756332261e-05,0.000532
0.0002492069106181037,0.0005
0.00045939956923425797,0.00045
0.0005114234270874101,0.000368
0.0004609644916529897,0.0003
0.000402601062904424,0.000266
0.0003442539851513604,0.000234
0.0002907665849963413,0.0002
0.0002490780947536594,0.000132
0.00020676659016245492,-5e-05
6.0767508430383525e-05,-0.000416
-3.942644873967473e-05,-0.00075
-0.0008273409764452768,-0.00065
2.080573829270049e-05,5e-05
0.0010639935449976781,0.000734
0.0007902917658180545,0.0008
0.00021890597158788914,0.000332
0.00021969916252168582,0.0002
0.0005101551894386938,0.000568
0.0004693136768182697,0.0003
0.00034665338032968603,0.000432
0.0003715649799606332,0.000318
0.0004018435916966277,-1.8e-05
0.0002538540055508626,-0.000282
0.00010551984535030628,-0.000584
-0.00014974199510208006,-0.000934
-0.00046297227632242254,-0.00115
-0.0007457221717609483,-0.001282
-0.0009940465747610332,-0.001234
-0.0011533070066423224,-0.001184
-0.0014696991246358393,-0.001282
-0.0012628372959526447,-0.0013
-0.0012511194112387668,-0.00115
-0.0015173783908349007,-0.001368
-0.001276958875624124,-0.001666
-0.0013756543523202314,-0.001834
-0.0015110483267909128,-0.001616
-0.0016251387489843335,-0.0015
-0.0016569785750725284,-0.001534
-0.001624224039976606,-0.001332
-0.0014980640979091004,-0.000834
-0.0013069356744129855,-0.000384
-0.0010320933097473593,-0.00015
-0.0006862078617246284,8.4e-05
-0.00032941241412163424,0.000584
0.0009995112147598237,0.001016
0.0003723103802284448,0.001184
0.0003769904730085801,0.000566
-0.00023456691639661827,-0.0003
0.0006022334241722239,-0.00085
0.00013061532957843824,-0.000734
-0.0003432907998551869,-0.000282
-0.0005477961917052953,-0.000218
-0.0007718501552804489,-0.00065
-0.00047655772480000746,-0.001066
-0.0005623926011303546,-0.001284
-0.0013215344112415058,-0.0015
-0.0011327922469007918,-0.00145
-0.001329204744098955,-0.0009
-0.001289337269550758,-6.6e-05
-0.000993314428858695,0.000316
-0.0005421529878149451,0.000234
0.0002581312800184049,0.000266
-0.00017111884086460743,0.0003
0.0002782137738764321,6.8e-05
0.00021478924851164625,5e-05
0.00016820201776791388,0.0002
0.00015196950288097805,0.0004
0.00017603171859117378,0.000466
0.00027491984709496133,0.000616
0.00041679416092293655,0.001
0.0006147307523604715,0.0011
0.000788994494797349,0.000418
-1.140958007391268e-05,-0.000368
0.0005230176438377197,-0.000616
-0.0007310337312803851,-0.000434
-0.0003684738970169985,-0.000332
-0.0003134803117950032,-0.000318
-0.00023380279828232715,-0.000232
-0.0002208300091802388,-0.000234
-0.00018785166860064647,-0.000166
-0.0001630393386444425,-0.000134
-5.4363038752398366e-05,-6.6e-05
-0.0001515001314555991,3.2e-05
-8.538105473372844e-05,6.8e-05
4.971471130662095e-05,8.2e-05
0.00020266002482165665,0.0001
0.00020730999942310472,0.00015
9.922918937509199e-05,0.000334
0.00016402329305794254,0.000566
0.0002829649708046797,0.000818
0.0010307327404776927,0.00085
0.0007193573209208118,0.000816
0.000759666686546487,0.000766
0.0008117531870555072,0.000634
0.0007644630311571283,0.000584
0.0006976594512707184,0.000532
0.0006268438222925405,0.000584
0.0006642862607768235,0.0006
0.0005743613476150034,0.000916
0.0006542539684340076,0.001334
0.0011354575333535947,0.001234
0.00101386056439036,0.000466
0.0009791104583403707,-0.000466
0.0006240854152684616,-0.000684
0.00011849734843059124,-6.6e-05
-0.00019835009251970045,0.000382
0.0007559191724989582,0.00075
8.223861156761554e-05,0.00105
0.0005186574704146945,0.0007
0.0006494365194021513,0.000568
0.0007626257236384156,0.000482
0.00033186225796422045,0.000384
0.00021543374203278863,0.000316
0.0002873125999175248,0.000284
0.0003580366712103941,0.00035
0.0003325725104950179,0.000634
0.00039254368194124785,0.000632
0.0004710394267609148,0.000768
0.0006400021330637396,0.00075
0.0006944289363716834,0.000682
0.0007325764203146136,0.001
0.0007970280603847945,0.001018
0.0008588151785196661,0.000666
-0.00017961007653604687,-0.000166
-0.0007047448018944222,-0.0007
0.00018772783813793885,-0.001068
-0.000333163754578243,-0.001432
-0.0008531058061298137,-0.001684
-0.0012302256397607242,-0.001916
-0.0015327985827426392,-0.00205
-0.0017763331894197869,-0.002168
-0.001958959253044869,-0.002266
-0.0021032461177978522,-0.002284
-0.002194309604622344,-0.0023
-0.0022557748310242914,-0.001982
-0.0022112496304376953,-0.0015
-0.0020245338061137545,-0.001368
-0.0017967704742393245,-0.001132
-0.0015031936951373577,-0.000268
-0.0010788962888195596,0.000418
0.00045668076751653405,0.000516
-0.00013285355677615691,0.000684
0.00032851651687010314,0.0009
0.0007991274572017363,0.000732
0.0007046070267347062,0.0005
0.0007004664576348663,0.000734
0.0007129691901328456,0.00135
0.0008211771986971347,0.001434
0.0009946475726863922,0.00165
0.001283563391053624,0.0012
0.0014044658470450608,0.000382
-0.00038017320195070397,-0.000416
0.0006844012199407572,-0.000716
-0.0009383038417571787,-0.0007
-0.00037356128540282573,-0.00055
-0.0006364011120770269,-0.0004
-0.00025066087188258625,-0.000284
-0.00048738279387769884,-0.000584
-0.0011725660730453169,-0.001
-0.0014985625567249382,-0.00135
-0.0008145365493427133,-0.001566
-0.0011342230872116545,-0.00175
-0.0014234192985246742,-0.001866
-0.001637842584920358,-0.001984
-0.001795325117242467,-0.001984
-0.0015628517519230376,-0.001532
-0.0018460891792153888,-0.001168
-0.0016754834049640622,-0.001132
-0.0014625218857320123,-0.001218
-0.0012664320692170996,-0.000766
-0.0010754317712538936,-0.00015
-0.0008269283554248858,0.0005
-0.00042454684517971466,0.00115
0.0001657617352389539,0.00125
0.0006735455001429085,0.001084
0.0009887496167358427,0.0007
0.0010408343026591135,0.00015
0.0007855123047443853,-0.000218
0.00041660887593892345,0.0001
0.0001748129284041267,0.000618
0.00015509923923777167,0.000966
0.00035516887622364366,0.000966
0.0006537105000020834,0.000368
-0.00018768740914281584,-0.0002
-0.000333731956602881,1.6e-05
0.00027656301366225385,0.000734
0.0012826215421546893,0.0011
0.0004020116381160222,0.0006
0.0006028297128284601,0.0003
0.0006763771217572213,0.0001
-0.0011316009319088406,-0.0004
-0.0005253622314012346,-0.000518
-0.0004897794277298841,-0.000282
-0.00028075348857927444,-0.000418
-0.000406578540957238,-0.000766
-0.0005003882060757588,-0.001034
-0.0006323102468477119,-0.001266
-0.0008788296892924418,-0.0015
-0.0011482519652198527,-0.0015
-0.0011855185072289997,-0.00125
-0.0004881079181221375,-0.000434
-0.0011818500460041156,0.000418
-0.0007101499005764473,0.000732
-0.00010465483506029898,0.0008
0.00036682520308835146,0.000434
0.0006360526871803235,0.000334
0.0005701466171845386,0.000582
0.0005331514346399491,0.00055
0.0004725625348123793,0.000584
-0.0002785630271709776,0.000866
0.0007729919786541407,0.001184
0.0007896671538451223,0.001216
0.0009561067970060529,0.0012
0.001112902548069557,0.001084
0.0011697222771631548,0.001184
0.0011697222771631548,0.001132
0.0003813172738328242,0.000484
0.0009639731051244298,-0.0003
0.0006100966159368138,-0.000716
-0.0005384445662560595,-0.000484
0.000107623645496254,0.0001
0.0007775997641369168,0.000566
-0.00014593485613367935,0.000968
0.0002740838753297484,0.0011
0.0006738272737517665,0.001066
0.0007634067844609532,0.000666
0.0009457602657484727,-3.2e-05
-0.00041952718817935697,-0.00075
-0.001084272433024628,-0.001168
-0.00033835315424119567,-0.00145
-0.0016893474712492019,-0.0016
-0.0012500249793468232,-0.001866
-0.0015272596780853591,-0.001966
-0.0017255991075592453,-0.0019
-0.0018364530977261874,-0.001884
-0.0019049377729668025,-0.001616
-0.0018448173912902065,-0.001234
-0.0016651901278534732,-0.000916
-0.001421628223495053,-0.0003
-0.0010284572743808654,0.000516
-0.0005000545589829799,0.00115
9.302641260429224e-05,0.001166
0.00032864466212677046,0.000518
0.0008295516697203564,0.0
0.0006964638759470078,-3.4e-05
0.00040042612409378717,0.000116
0.0001952998875085521,0.000184
0.00019515541098014079,0.0002
0.0002620501738004545,0.000266
-0.00013536826690647662,-5e-05
-0.00035885513298744836,-0.000366
6.343360433379977e-06,8.4e-05
0.00030337746286022906,0.000366
0.00018458643517820254,-6.6e-05
-0.0004507179448345199,-0.000484
-0.00036851259503047876,-0.000166
0.0002621626386693967,0.000266
-0.00011913386840063795,6.6e-05
-0.0003214527337321995,-0.000316
-4.300153769350085e-05,-3.4e-05
0.0003195319505599437,0.0004
0.00023308723535151474,0.000234
6.425920780024282e-05,-0.0004
-0.000622504738276046,-0.00075
-0.0001405685935314415,-0.00055
-0.00037563141216268064,0.000216
0.00042522460797177344,0.000834
-7.81408773176611e-05,0.000934
0.000707135770318946,0.00045
-0.00037536218286400287,-0.00045
-0.0008378516093706225,-0.0009
-9.41073497599344e-06,-0.000684
-0.0004087377796563914,3.4e-05
0.0008989963397173994,0.00075
-0.00021607664263859527,0.00095
3.9555611224486975e-05,0.000282
0.0004949774025185559,-0.000366
-2.593218812693326e-05,-3.4e-05
0.00019595376953857141,0.0003
0.00015315607430909544,0.000218
2.3067819748658614e-05,0.000132
0.00013299115486578074,0.0001
8.269694239750737e-05,5e-05
0.00012348332711391654,6.8e-05
8.672175276079508e-05,3.2e-05
6.187511086182832e-05,-0.0004
-6.734211973333491e-05,-0.000732
-0.0005271412354908709,-0.000734
-0.0002768814387228189,-0.000484
-0.0005911825424966055,0.000134
-0.00046278710968095837,0.000716
0.00034463368721940763,0.00045
-0.00027134121257374314,-0.000232
-0.0005212773621943957,-0.000384
-0.0006374260374452679,-0.000284
-0.0002087177873697701,-0.0002
-9.237634196866886e-05,-0.000132
-0.0001545468406524818,-6.8e-05
8.319720100627571e-05,0.0001
-7.77601594760694e-05,0.000368
0.0010835364757278939,0.00075
0.00027983800563590545,0.001132
0.0005778270091586417,0.001268
0.0008707941268963498,0.001332
0.0011149016693000901,0.00145
0.00129265367670744,0.00155
0.0013973103831702257,0.001684
0.001500790054641957,0.0017
0.0015934588975893777,0.001616
0.0016360224520859158,0.00135
0.001584010901857846,0.00095
0.0013967538576104095,0.00115
0.0012603900265042278,0.00145
0.0012202382931536465,0.001184
0.0011790872753204128,0.000484
0.0010581707760131769,0.0
-0.0004637364536079881,-0.00025
0.0003409418730648801,-0.000634
-0.00011006231045518056,-0.0011
-0.0005063013887675963,-0.001116
-0.0002627401944644693,-0.000584
6.084646756517705e-05,0.0001
0.0008405490849967179,0.000684
-0.00024588381710741067,0.000932
0.00026850362967539674,0.000634
0.0005799809224430961,0.000116
0.0005841400713231086,-0.0001
0.00038536435231905747,0.000334
0.001575369844519538,0.000916
0.00030711203812241474,0.000568
0.0004203443584939838,0.000216
0.0005018742090290789,-0.0006
0.00026105124434544854,-0.00095
-0.00020660856812127208,-0.000484
-0.0004649990108143587,3.4e-05
5.739135083573699e-05,0.00015
-0.0003233776541845917,-0.0001
-0.00010591894058168393,0.0003
0.00071015216409956,0.00035
0.0001706604658781253,-8.4e-05
0.00011130943897360784,-0.000682
-0.0008392180713349003,-0.00075
-0.000504410905996925,-5e-05
-0.000399573924384695,0.000632
-0.00022635528472064075,0.001
0.00019140649654578377,0.001268
0.0007002322182831375,0.00145
0.0015283285235539149,0.0016
0.0013239546497231167,0.00165
0.0014883099650183282,0.001766
0.001613686794992449,0.001666
0.0016690045204557974,0.00145
0.0016301572375738867,0.001018
0.00021657527425918217,0.0003
0.0010955604731681804,-0.000418
0.0005698666976089463,-0.001016
-0.0008062901249573682,-0.001084
-0.0007259645676470837,-0.000616
0.001164786603924978,-0.000334
-0.0007700688632348678,-0.0008
-0.0007152700304007951,-0.00105
-0.0007064840428876384,-0.000732
-0.0007353716957517392,-0.000634
-0.0008078139036166096,-0.0011
-0.0008839550261889399,-0.001484
-0.0009958112988497727,-0.0017
-0.0012395532416725394,-0.001566
-0.0012897326125590142,-0.0011
-0.0003341451693360164,-0.0004
0.0002286446560669602,0.000234
-0.0007249629952084863,0.000132
0.0005632603037133487,0.000218
0.0006953774913483874,0.00075
0.0006224335505238272,0.00095
0.0005039164858424332,0.00025
-0.0002722667696484502,-0.000468
0.00035693332417976905,-0.001116
-0.00011517701624603846,-0.001184
-0.0006438716827119847,-0.001116
-0.0009782338011711787,-0.000434
0.0002911448866775603,0.000268
-0.0006311022061088539,1.6e-05
-0.000329533675786709,-0.000434
-0.00015347520942495373,-0.00065
-0.0005645639896645253,-0.000232
0.000328328510007466,0.00035
-0.0002507270450911623,0.000166
-0.0005640399294106155,-0.000466
-5.3465242867280286e-05,-0.000968
-0.0002424648416993013,-0.000882
-0.0005486169761767367,-0.000134
-0.0006208116114293725,0.000716
-0.0003338336917473923,0.0011
0.00018096002500568345,0.001068
0.0006751604420122957,0.0006
1.2312585718516335e-05,0.0
0.0006809445129833167,-0.000518
0.0002726312599898937,-0.000332
0.00013561046008554278,8.2e-05
-0.00019804614940668774,-0.00015
-0.00023500421183844856,-0.00075
-0.0013157411489991893,-0.001
-0.0004653468984605182,-0.00085
-0.0007593256477534776,-0.00045
-0.00017259954283606045,-0.000166
-7.135534238871249e-05,-6.6e-05
-0.00039054304669041144,-5e-05
-5.9387301250282904e-05,-8.4e-05
-9.260864839209935e-05,-3.4e-05
-2.3223233495463152e-05,-0.000116
-0.0001678879314904096,-0.00025
-0.0008576672013334331,-0.000516
-0.00023353189246420712,-0.000634
-0.0003841060404297621,-0.00055
-0.0004910632865950512,-0.000384
-0.0005232323416542007,-0.000366
-0.00046026676841768834,-0.00055
-0.0004646759751034617,-0.000866
-0.0005464745421195227,-0.001118
-0.0007321634292518917,-0.001282
-0.0009608520420684148,-0.001318
-0.0011504230776214095,-0.001116
-0.001210791268595338,-0.001134
-0.001214698781768938,-0.001332
-0.0012274881399202788,-0.001268
-0.0012147472233189419,-0.001116
-0.0012147471444239092,-0.001166
-0.001222596569005314,-0.001218
-0.0011934092728074761,-0.001132
-0.00115897001318585,-0.0011
-0.0011303529702834973,-0.00105
-0.0011265166204292838,-0.000884
-0.0010438689456250855,-0.000784
-0.0009576449589940559,-0.00065
-0.0008456203243336984,-0.0005
-0.0006063989090876748,-0.000366
-0.0005788934971943678,-0.000284
-0.00025433302145024336,-0.00025
-5.163845304259844e-05,-0.000232
-0.0002211942675456586,-0.000234
-0.0002505191566803152,-0.0002
-0.0002295417564677381,-0.0002
-0.0002169127919176315,-0.000166
-0.00019223434683171502,-0.000184
-0.00018328636809291442,-0.000184
-0.00019646941245682724,-0.000182
-0.00028675655243697815,-0.000184
-0.0002041794492394221,-0.0002
-0.00023768741217272096,-0.000216
-0.0002041794492394221,-0.000218
-0.0002504254293816107,-0.000232
-0.00026268741368767353,-0.00025
-0.00025417945226932723,-0.00025
-0.00022561410533707214,-0.00025
-0.000213396460039319,-0.00025
-0.0003041794158517161,-0.000268
-0.00025042540965785254,-0.00025
-0.00022536221322180377,-0.000232
-0.0002503198481042611,-0.000234
-0.0002463630649828151,-0.000266
-0.00024584458655246046,-0.00025
-0.0004177843574621583,-0.000234
-0.0001759646132131598,-0.000266
-0.0002587177706759171,-0.00025
-0.0002041794492394221,-0.000218
-0.00019633302266925534,-0.0002
-0.00022945274314723022,-0.0002
-0.00016285164736193578,-0.000182
-0.00018342471053254264,-0.000168
-0.00015885512086782783,-0.000166
-0.00014587369275967203,-0.0002
-0.00020470013673068902,-0.000216
-0.00023768741217272096,-0.000184
-0.000200319845074356,-0.000216
-0.00022916704451050152,-0.000234
-0.0002087177873697701,-0.000216
-0.00015871776461610682,-0.0002
-0.0002168028122422156,-0.000218
-0.00026655614995276075,-0.000266
-0.0002252291173018421,-0.00025
-0.0002842762701265003,-0.000234
-0.00024244657749925914,-0.000232
-0.00022536221322180377,-0.000218
-0.000187687428866574,-0.000166
-0.00013819211736008024,-0.00015
-0.00010468283293498566,-0.000134
-0.00016778384921867904,-0.00015
-0.000150285286020181,-0.00015
-0.00012135534541861762,-0.000132
-0.00014171777857599529,-0.000118
-0.00014220505402096474,-0.000132
-0.00013328636506300927,-0.00015
-0.00017919426026683635,-0.00015
-0.00018380279525242202,-0.00015
-0.00015443542114272133,-0.000134
-0.00043700192507801594,-0.000134
-0.000297060835404612,-0.000132
-0.000150285286020181,-0.000134
-0.00013355615648879412,-0.000134
-0.0001041794530414909,-0.000116
-0.00020923437231934287,-0.000116
-0.00012520653740083498,-0.000118
-0.00017134122623769103,-0.000116
-7.953259555424346e-05,-0.0001
-0.00011268742432171627,-0.0001
-8.803015269016835e-05,-0.0001
-0.00012135534541861762,-0.000116
-0.00014196331964114097,-0.000134
-0.00013355615648879412,-0.000116
-0.00011680279632052624,-0.000118
-0.00012119426148584832,-0.000116
-0.00015436305467408774,-0.000134
-0.00013783738556984445,-0.000132
-9.570010093433374e-05,-0.000118
-0.0001461794504584341,-0.000132
-0.0001041794530414909,-0.000134
-0.0001291942572369312,-0.000134
-0.00012970010260019408,-0.00015
-0.00014171777857599529,-0.00015
-0.00011296197903509313,-0.00015
-0.00026353938142074197,-0.00015
-0.00017961007653604687,-0.00015
-0.00010896329278946831,-0.000166
-0.00016728637659074868,-0.000166
-0.00019570012671790216,-0.000168
-0.00015417944620951696,-0.000166
-0.00016268740762786328,-0.000166
-0.00018330305439230498,-0.000168
-0.00018785164887688834,-0.000166
-0.00010122590901620556,-0.000166
-0.0001793553244758475,-0.000168
-0.00017145274436624223,-0.0002
-0.000150285286020181,-0.0002
-0.00018391279465159604,-0.0002
-0.00014196329991738284,-0.00015
-0.00023803013219424657,-0.000132
-0.000150285286020181,-0.00015
-0.0001296737911068288,-0.00015
-2.7411341783371918e-05,-0.00015
-0.00011283737419301279,-0.00015
-0.0001708446017313609,-0.00015
-0.00017536221019189864,-0.00015
-0.00011680279632052624,-0.000134
-0.00014195255046919387,-0.00015
-0.00019617945348833924,-0.00015
-0.00015863040809128311,-0.00015
-0.00015092190976182356,-0.00015
-0.00018391279465159604,-0.000166
-0.00015417944620951696,-0.000168
-0.00015871778433986498,-0.000166
-0.00016268740762786328,-0.000134
-0.00014643542539163846,-0.000166
-0.00018783738859974957,-0.000166
-0.00020863041112118827,-0.000168
-0.000154955260512388,-0.000182
-0.00015077715710079821,-0.000184
-0.0002840136877343174,-0.0002
-0.0001793412219887739,-0.000184
-0.00018785164887688834,-0.000182
-0.00018350899015109575,-0.000184
-0.00015446940517800496,-0.000166
-0.00018330305439230498,-0.000168
-0.00017520653056886102,-0.000132
-8.803015269016835e-05,-0.000118
0.00016124433387787668,-8.2e-05
-3.843933381579753e-05,-3.4e-05
-3.8124892732512185e-05,-6.6e-05
-7.575182725048246e-05,-8.4e-05
-4.662255341816733e-05,-0.000116
-0.00015436305467408774,-0.000168
-0.00017188061185167928,-0.00015
-0.00016700884358989196,-0.000166
-0.00020436305770399286,-0.000166
-0.0002041794492394221,-0.0002
-0.00017095527173831187,-0.00025
-0.00021285167011559904,-0.000234
-5.1764906987004857e-05,-0.000234
-0.0001757377899944936,-0.0002
-0.00015917139132968111,-0.000166
-0.0002092009405492873,-0.000134
-9.617945729040803e-05,-0.000116
-1.6912779798010927e-05,-5e-05
-3.330305516446863e-05,-3.4e-05
1.5991160300389136e-05,0.0
-5.1046824124223914e-05,-3.2e-05
6.070114538063528e-05,-6.8e-05
-3.490857893934159e-05,-5e-05
-3.8124892732512185e-05,-6.6e-05
-0.00031590440111852624,-6.6e-05
-9.636303616934157e-05,-8.4e-05
-6.268741142993207e-05,-8.4e-05
-7.569752774430959e-05,-8.2e-05
-8.402898125101729e-05,-0.0001
-0.00010048865466050779,-0.0001
-8.003475257473324e-05,-0.0001
-0.00010436304178230352,-8.4e-05
-3.7851649649051975e-05,-3.4e-05
-0.00045398021498416815,-5e-05
-6.765291685230298e-05,0.0
-4.275141578552599e-05,3.4e-05
0.0001988533986709677,0.000134
2.782981620494988e-05,0.00035
0.00012611496954439822,0.000582
0.00026977153202022456,0.00075
0.0013061323407584284,0.0009
0.0006404326238090099,0.000818
0.000759599310188664,0.000732
0.0007983614653304215,0.00075
0.0007983614653304215,0.000584
0.0007188830039849436,0.000434
0.0002832139240799845,0.000266
0.0005040575501606854,0.000166
0.0001246377981256531,0.000118
0.00024300019895755402,0.000116
7.887118420141788e-05,0.000216
0.00015298175573461094,0.000284
0.00020828222290958254,0.000216
0.00034556456970881373,0.0003
0.00018656066502595697,0.00015
0.00023602238697232998,3.4e-05
9.582053935437152e-05,0.0001
0.00025789003873253474,0.0002
0.00044933911136481124,0.0003
0.0003373125832236718,0.000316
0.00022684872899283553,0.000368
0.00038993576719181447,0.00055
0.00038103569746154777,0.000766
0.0004956245784708059,0.00095
0.0005868911411091575,0.000916
0.0007915883267834669,0.000784
0.0008200446605044552,0.00065
0.0008220601130067324,0.000534
0.000717449323452908,0.000532
0.0006103404804825172,0.00065
0.0005900483625229261,0.000734
0.0006103949969500297,0.0008
0.0009489386310309726,0.00065
0.000874729568911483,0.000484
0.0006640668142437034,0.001032
0.00014079905107441146,0.000184
0.00023321390132632121,0.0002
0.0004664945995141371,0.000134
4.1282236408899776e-05,1.6e-05
-0.0001880393401593951,-0.000134
5.085083429234325e-05,-0.000382
-0.0011024084286388525,-0.000668
-0.0006849562709277864,-0.000916
-0.0005322997083010523,-0.00105
-0.0007603174372080351,-0.001216
-0.0009674719664620997,-0.001368
-0.001141723006798732,-0.0015
-0.001287669665247124,-0.0016
-0.001424574637381769,-0.00165
-0.0015321723139740228,-0.001482
-0.0015597262463123661,-0.001268
-0.0015036498662157327,-0.001166
-0.0009962293636274116,-0.000934
-0.0012173880767444771,-0.000882
-0.0010664605382042403,-0.000868
-0.000563888332605514,-0.000716
-0.000600598388502361,-0.000616
-0.0006268411248467486,-0.0005
-2.2504780812216997e-05,-3.4e-05
-0.00047297533805566765,0.000334
0.00021669693039941983,0.000316
0.00023714833742978904,0.000266
0.00021680428681500246,0.000268
0.0002952617872676264,0.000232
0.00026975648279276,0.000168
0.00023249611431991246,0.000166
0.00020742228677822358,0.00015
0.0001782200695573491,0.000116
0.00014948083797328867,0.0001
0.00013234707554355942,0.0
9.011474211754851e-05,-0.000166
9.716584119002465e-06,-0.00045
-0.0005068038317825791,-0.0008
-0.00036152908287915084,-0.001166
-0.0006548020372106535,-0.001284
-0.0009331130219836397,-0.00135
-0.001155270625108195,-0.001484
-0.0013238493492874549,-0.001532
-0.0014149742164472937,-0.001568
-0.001485549767841332,-0.001516
-0.0015257518362226988,-0.00145
-0.0015175615851005504,-0.001216
-0.0014408366392871315,-0.000984
-0.0012966980971953976,-0.000784
-0.0004088497317076218,-0.00055
-7.522910821212664e-05,-0.0001
0.0006973546008648309,0.00055
-0.00023360863760714889,0.00085
0.00017393651307283768,0.001068
0.0005810942891428587,0.00095
0.0008497390939717145,0.0007
0.0008886507552002101,0.000466
0.0007902402473617801,0.000284
0.00032185955125862194,0.0002
0.00040774332278541034,0.000232
0.0001997147154653968,0.0002
0.00017080574121874147,0.00015
0.0001288057339399192,0.000134
0.0001834438378688692,0.000134
0.00012064465425606704,8.2e-05
7.530597538334758e-06,3.4e-05
2.8179272198065658e-05,-3.4e-05
-2.611796620489996e-05,-1.6e-05
5.3377450176173175e-05,-1.6e-05
-8.768741294488463e-05,-5e-05
-0.00011321684943784136,-6.8e-05
-5.4955274176335855e-05,-3.2e-05
-0.00013406169613380575,-6.8e-05
-7.973446821885639e-05,-6.6e-05
-6.680280315250017e-05,-5e-05
-5.436304861427745e-05,-3.4e-05
0.00012387530722140897,0.0
-2.173445957598932e-05,0.0
-2.154175352797423e-05,0.0
-0.0001214367059209653,0.0
-5.189309674642558e-08,1.8e-05
-7.596459729147044e-05,-1.8e-05
-3.198304892656565e-07,-1.6e-05
-0.00011268742432171627,-5e-05
-7.134122017788075e-05,-6.6e-05
-4.643542426276771e-05,-5e-05
-4.633301357953991e-05,-5e-05
-6.725743577773983e-05,-3.4e-05
-5.028528982224979e-05,-6.6e-05
-9.630083729803166e-05,-8.4e-05
-5.099007887204107e-05,-0.000116
-7.573779379656237e-05,-0.000284
-0.00013964437767228835,-0.0006
-0.0010000506445304023,-0.000916
-0.00048659632874542964,-0.0011
-0.0007327148266345902,-0.001218
-0.0009642846860409184,-0.0011
-0.0005868389764779382,-0.0009
-0.001082334218759246,-0.000966
-0.0010490427240715872,-0.00095
-0.0009808350492903591,-0.000916
-0.0009336529006915815,-0.00105
-0.0009717240142429748,-0.00135
-0.0010707386213458664,-0.001384
-0.0011799128573741573,-0.000934
-0.001184268731017907,-0.00045
-0.0010388875921630452,-0.000382
-0.0007975386934684814,-0.000518
-0.0005763318938290586,-0.000666
-0.0005066082115492981,-0.000816
-0.0005995210768324872,-0.00095
-0.0007415102815516564,-0.001068
-0.0008787204985673517,-0.001066
-0.0009775664280905884,-0.000984
-0.0010182763437966698,-0.000882
-0.0010018874786789193,-0.000718
-0.00010475874968008532,-5e-05
0.0005827136491340703,0.000568
-0.00028477583347279406,0.000866
0.00015141882541545187,0.000684
0.000508466244028747,0.000432
0.00019951134379516487,0.000218
8.344383673999846e-05,8.2e-05
3.731258415163169e-05,5e-05
9.515540985127006e-05,6.8e-05
0.00010285018537600032,6.6e-05
4.9339126573086454e-05,3.4e-05
5.415541436868199e-05,0.0001
0.00015811657975877663,0.000166
0.0001747708872136409,0.000166
0.0001491099820107694,0.000218
0.0006648492162817949,0.000232
0.00021644383513490462,0.000234
0.00020363694256257295,0.000184
-0.0001940014180476737,8.2e-05
3.269694676401154e-05,3.4e-05
3.344383864103286e-05,5e-05
0.00011561597363635804,0.000116
6.231258628295171e-05,8.4e-05
6.61972026388153e-05,6.6e-05
7.838991957174308e-05,0.0002
0.0001152237864294051,0.000584
0.0002283225868202123,0.000984
0.00044962195005660894,0.001132
0.0007159891341899257,0.001068
0.0009367120311470216,0.001282
0.0011137963498936507,0.001534
0.0016148743230228364,0.0018
0.0014142052810269413,0.001616
0.0015533827456800078,0.001284
0.0015539010860440555,0.000966
0.0014085868501768212,0.000684
0.001128861356364716,0.000484
0.00023694161272067246,0.000266
0.0001373125908278094,0.000134
3.965237328213614e-06,6.6e-05
7.064465615710144e-05,5e-05
-1.2837373064142047e-05,-1.6e-05
5.717648021450658e-05,-6.8e-05
-0.00023793877174651943,-0.000116
-0.0002206737970157313,-0.000234
-0.00011049987216774582,-0.0005
-0.00023365228628392353,-0.000766
-0.00041022514825809743,-0.000884
-0.0006800680924992225,-0.000716
-0.0007199490580979906,-0.0007
-0.000768287886769417,-0.000716
-0.0007558687830059719,-0.000534
-0.0006684044086727267,-0.000434
-0.0005989159519326021,-0.000382
-0.0005196613157945524,-0.000368
-0.00043111635564758137,-0.000266
-0.0003640109233665221,-0.000284
-0.00032625688895106616,-0.000582
-0.00037811372602024736,-0.001118
-0.0005710396150436223,-0.001366
-0.0011432418939659535,-0.0012
-0.0010737812871723293,-0.001216
-0.0012272196601244105,-0.001034
-0.0012069161023850953,-0.000766
-0.0004815688611368465,-0.000668
-0.0006462764822000419,-0.000866
-0.0008368547706339799,-0.000984
-0.000823908726947936,-0.000716
-0.0008115974726940272,-0.000166
-0.0006907670478673355,0.0004
-0.00037968594622949265,0.000516
-3.6864023374537804e-06,0.0004
0.0004033774294725231,0.00035
0.00041498746467686477,0.0003
0.00014878668989101656,0.000284
0.0003323715648470378,0.00025
0.0002951051609041979,0.0
0.00020548133091045958,-0.000568
-0.0010505190868162484,-0.0011
-0.0003674582418150856,-0.001466
-0.0007972291093606392,-0.001566
-0.0011846960265143578,-0.00145
-0.0013998718137307855,-0.0013
-0.0014478573504463207,-0.001334
-0.0014150947680570752,-0.001484
-0.0013939075070578365,-0.001666
-0.00144958720293066,-0.0018
-0.0015753872258595376,-0.001884
-0.0017122481745660033,-0.001732
-0.0017725056758092226,-0.0014
-0.0014549943528835321,-0.00135
-0.0015970486460045795,-0.001268
-0.0014418752134960086,-0.001066
-0.0012741591276029735,-0.000684
-0.001098378470374689,-0.000366
-0.00040537618066072557,-0.0002
-0.0005871977516385937,3.4e-05
-0.000310481590501687,0.0004
0.0009883306052178127,0.000766
0.00024090703484818592,0.000966
0.0005326618909627929,0.001
0.0007770856841046285,0.0007
0.0008548325572750504,0.0001
0.0006825556284436237,-0.000266
0.00037121129352957904,-0.000266
5.720990705362263e-05,-0.000268
-0.00017893722025069217,-0.000616
-0.0009926180224061152,-0.001034
-0.0005538287425814256,-0.001182
-0.0007838976634404443,-0.001168
-0.0011972956421123448,-0.0012
-0.0011476286155674418,-0.00095
-0.0011275214275642171,-0.000382
-0.0009331314045262308,0.000232
-0.000588692496925846,0.0005
0.0007159911854607727,0.0008
0.0002766980030629974,0.000984
0.0006218830604340034,0.001034
0.0008243114616564226,0.001066
0.0009684464534716904,0.001184
0.0010651742880552638,0.00125
0.0011313314020447167,0.00125
0.0011856360363947111,0.001132
0.0012027706173604034,0.001218
0.0012113018528133606,0.0013
0.001223483324738676,0.001382
0.0012556927740545063,0.0014
0.0013232049102285131,0.001234
0.001327349108499852,0.0011
0.00127598007941711,0.00105
0.0011926363926354948,0.001016
0.0010979429453620178,0.000768
0.000980326861952682,0.000366
0.0007932257931846555,0.0
0.0005278933174036196,-0.000316
0.00019445570079807182,-0.000668
-0.00020503477001137518,-0.000282
-0.0003223799081550744,0.00015
-0.0002861945436723977,0.000282
-0.00013878347507678029,-1.6e-05
2.8279196609124172e-05,-0.000366
6.481927230757118e-06,-0.0006
-0.00018332826135521415,-0.000768
-0.00044449600643268247,-0.000766
-0.0006290753138268525,-0.000566
-0.0006773012437066576,-0.000184
-0.0005769022654670925,-0.000234
-0.00044344725476460245,6.8e-05
-0.000234597507945501,8.2e-05
-7.055063278015921e-05,0.000134
0.00012784723818911022,5e-05
7.530597538334758e-06,0.0
6.529107593135077e-05,-5e-05
-5.031983598464055e-05,-6.6e-05
-1.762843663854004e-05,0.000466
0.0011057781688375583,0.001066
0.00034250866924063556,0.001334
0.0011324011397914628,0.0011
0.0009835539054702835,0.000766
0.0010614946237357534,0.000484
0.00027080574727855175,0.000266
8.716262313378915e-05,0.000118
0.00040244887438657803,3.2e-05
0.0001153240620158137,1.8e-05
-2.945273102760968e-05,-1.8e-05
1.2148349682648505e-05,-3.2e-05
-4.6546838841588636e-05,-8.4e-05
-9.662255151713293e-05,-0.000116
-6.348032623111471e-05,-0.000168
-0.00014636305892300487,-0.000166
0.0005581408839442941,8.4e-05
0.0004167136485421891,0.0004
3.172167595690034e-05,0.000166
-1.7057512735278117e-05,0.0
-4.633301851047945e-05,0.0
-0.00012586158313258484,-3.4e-05
6.216262654977612e-05,6.8e-05
9.179495976451616e-05,8.2e-05
2.7813597266172226e-05,5e-05
0.00010762364056531448,8.4e-05
7.065877836793318e-05,-5e-05
4.0147081120061454e-05,-0.000134
-1.4625933314599568e-05,-0.000532
-0.00016369079465221003,-0.001
-0.00043833817024481583,-0.00115
-0.0007139262113108676,-0.00125
-0.0009898230080869195,-0.001384
-0.0011994804033545379,-0.001366
-0.0012898458269307658,-0.001268
-0.001318456242650382,-0.0013
-0.001330674400765847,-0.001182
-0.0012806428002753935,-0.001134
-0.0012226428014944057,-0.001084
-0.0011769856938753907,-0.001082
-0.0011215220914968028,-0.000818
-0.0010325719659100194,-0.000216
-0.0008087803677657091,0.000466
-0.00042728951264479393,0.000718
2.2607962176612875e-05,0.000866
0.0004482134370399662,0.001084
0.0007779248905661772,0.001316
0.0009903956038005497,0.001534
0.001193800488841206,0.001416
0.0013333971228023677,0.001116
0.001341697748075095,0.001068
0.0012786218006880037,0.0009
0.0007070569541813991,0.0007
0.0009419553950122587,0.000516
0.0002911312772844403,0.000316
0.00018319720213514644,0.0002
0.0001563149229329109,0.000118
0.000157548959585004,6.6e-05
-2.5614098148391113e-05,-1.6e-05
-0.0001901366462579736,-3.4e-05
-0.00013391277189793278,-0.0001
-0.00012546874504161312,-5e-05
4.0554147437064956e-05,-5e-05
-6.750898272724067e-05,-6.6e-05
-2.9194261038999995e-05,-5e-05
-4.363050515311845e-06,-5e-05
-8.469401360240283e-06,-3.4e-05
-7.935534800167444e-05,-5e-05
3.820546303932482e-06,-1.6e-05
-3.7851649649051975e-05,1.6e-05
-1.700883943111607e-05,1.6e-05
9.494604215856208e-05,5e-05
1.5991159067654254e-05,5e-05
3.25752940137948e-05,5e-05
9.515540985127006e-05,8.4e-05
5.803669494394935e-05,6.6e-05
4.113127939320299e-05,3.4e-05
4.971471130662095e-05,1.6e-05
6.458407042423796e-05,5e-05
-3.7851649649051975e-05,-1.6e-05
-5.191563236081274e-07,-1.6e-05
3.2722539264755696e-05,-1.8e-05
-7.179471510109148e-07,-8.2e-05
-3.370367920896805e-05,-0.000334
-0.00011573893625370725,-0.000584
-0.0004674847171583264,-0.0006
-0.0004052504614263101,-0.000782
-0.0005789528262588676,-0.000834
-0.000702720513148496,-0.001034
-0.0008163339359749406,-0.001016
-0.0006676528545923739,-0.000716
-0.0009032716859657174,-0.000584
-0.0008422939519700793,-0.000666
-0.0007495451883546557,-0.000768
-0.0006851826996712897,-0.00085
-0.0007194980151967333,-0.000932
-0.0008064438913758657,-0.001084
-0.000911395112995271,-0.001184
-0.0011217861531708465,-0.001066
-0.001068725456799534,-0.0009
-0.001061028615211138,-0.000784
-0.0005740401903702041,-0.000682
0.00014751588815374142,-0.00055
-0.000732197906381129,-0.000334
-0.0011336098361234136,-0.0001
-0.00042197900910683167,-6.6e-05
-0.00026734630342780313,-0.000284
-0.000198852081888246,-0.00085
-0.0012017994439421811,-0.0011
-0.0005803198404883736,-0.000584
-5.5751897044049734e-05,1.8e-05
0.00044865591983018864,0.00035
-0.0004111608433444909,0.000582
8.062713121778283e-05,0.001018
0.00048297738916817343,0.001282
0.00079897739884977,0.001384
0.0010588138494237328,0.001484
0.0012876959917551736,0.00165
0.001446633032897919,0.001816
0.001579422051182889,0.001916
0.0017124218769949114,0.001884
0.0018139531567420582,0.001616
0.0018051087080097601,0.001668
0.0017677564859952318,0.0017
0.0017144958696113626,0.001766
0.0016861517246267025,0.001734
0.0017160892336893392,0.001766
0.0017408212485023773,0.001716
0.0017449651311935857,0.00135
0.001637303076254747,0.000884
0.0014202402776490816,0.0005
-3.38028009555252e-05,0.0
0.0006711937575642609,-0.00045
-0.0010100875916801402,-0.0009
-0.00022539540830676164,-0.00115
-0.0006358967361337458,-0.001316
-0.0009620957433619987,-0.00145
-0.00120908776705188,-0.001434
-0.0013404756884532697,-0.0013
-0.0013766738339312243,-0.001384
-0.00139344975807881,-0.001332
-0.001363766133231014,-0.001368
-0.0013468089082985606,-0.001316
-0.0013506763427956103,-0.001434
-0.0013636263312332832,-0.001466
-0.0013974429512577913,-0.001484
-0.0014266232257977296,-0.0014
-0.0014467958966779954,-0.00125
-0.0014022836348767424,-0.001132
-0.001319861520970689,-0.000984
-0.0011952910771245637,-0.00075
-0.0010336277392359989,-0.0002
-0.0007752850083138648,0.000466
-0.00038085655127539176,0.0012
0.00016089963161865754,0.001418
0.0007051787001407777,0.001732
0.0011924411274298603,0.001818
0.001535867890657282,0.001682
0.0016587973967207854,0.001434
0.001662959425269487,0.001366
0.0015704603644321777,0.001218
0.0014208420889575983,0.001266
0.0013189090757045566,0.001384
0.0010624420741820013,0.001416
0.0013189762153772817,0.001384
0.0013610800485189787,0.0014
0.0013956669996415937,0.001416
0.0014036669559451603,0.001216
0.001352003963971027,0.000934
0.0005110740404356315,0.000534
6.999788454189335e-05,0.000132
0.0006938432985448454,5e-05
0.00040376133270105517,6.8e-05
0.0001911023561951896,6.6e-05
7.774118051166004e-05,8.4e-05
5.324125022977342e-05,0.0001
7.91554134181648e-05,8.2e-05
-7.161007472515372e-05,-6.6e-05
-0.0002770011422110002,-0.000466
-9.314919770781815e-05,-0.001034
-0.00038171417972704776,-0.001516
-0.0007841614884293903,-0.001668
-0.0015141113475357815,-0.001482
-0.0014308608357876426,-0.001468
-0.001535474071087477,-0.001232
-0.0014663370917174943,-0.001118
-0.0007055885842678605,-0.000832
-0.0011681731187362548,-0.000168
0.0010504202069075942,0.000618
0.001303210226541747,0.001216
0.0015559070711424232,0.001484
0.0007717667387981803,0.001582
0.0012156969372883024,0.00175
0.001503199982307132,0.00195
0.0016871114038030002,0.001718
0.0014424667440174582,0.0013
0.001673636605608608,0.001066
0.0014999275741457974,0.000834
0.0012214008114587063,0.000616
0.00040293916756654365,0.00045
0.0003451554200698562,0.00035
0.0005579548494574715,5e-05
-0.00018978404463361744,-0.000434
9.547697121124571e-05,-0.000832
-0.00022771369939159547,-0.000884
-0.000847124931500023,-0.0006
-0.0006919945756792407,-0.0001
-0.0006116869275413518,0.000534
-0.000275858564625425,0.000882
0.00016483756868919608,0.001184
0.0013911231191352069,0.00145
0.001004029296590557,0.001416
0.0012273702463087728,0.00105
0.0012708987659487915,0.000768
0.0004071686119205846,0.00045
0.0009121729146886407,-0.000134
-0.00029381929492477407,-0.000634
9.913780920360672e-05,-0.0009
-0.00031727362440894433,-0.000882
-0.00026278189048918756,-0.0007
-0.000781841501101356,-0.000534
-0.0007576993055518826,-0.000716
-0.00045086717478864415,-0.001
-0.0007416528448755276,-0.001284
-0.0011892316230423237,-0.0016
-0.0011581422465040253,-0.001684
-0.001398720892995515,-0.001782
-0.0015921293829331792,-0.001968
-0.0017618982386789018,-0.0021
-0.0018875007084462002,-0.00215
-0.002003529897170231,-0.00215
-0.0020938465636163245,-0.001832
-0.002061275064995987,-0.001534
-0.001922851994644446,-0.001316
-0.0017157888258381084,-0.0008
-0.001379845098660792,-0.000468
-0.0010399066004038427,-0.000282
-0.0007262378600399392,0.000332
-0.00031470772126435955,0.000984
0.0001273809290990488,0.001084
0.0005158534226142683,0.001232
0.0012493390415007446,0.00125
0.001134783059720072,0.00135
0.0011308776767123517,0.001584
0.0013505234986846716,0.001416
0.001396985335635998,0.00145
0.0014478839925345004,0.001284
0.0014308526062714222,0.000984
0.001278944875846417,0.000716
0.001101519809454077,0.00065
0.0005719372582914804,0.000684
0.0007552199258252057,0.000682
0.0008791702547152557,0.00035
0.0005880262039428796,-0.000216
-0.0004973022663239259,-0.000584
-0.0003667861350325404,-0.000316
-0.0001999395512935644,0.000134
0.00039179492863455163,0.0004
0.00046850942085615373,0.000216
0.00010197029373233826,-0.000266
0.00011496670696574462,-0.000534
-0.0008631080394652167,-0.0008
-0.0003553084462453509,-0.0011
-0.0006826769145415305,-0.001366
-0.0009577535974539179,-0.00165
-0.0012368087201741944,-0.001734
-0.001468694159710841,-0.001416
-0.0015453291651871192,-0.0012
-0.001505176485096147,-0.001268
-0.0014095992556677139,-0.00115
-0.001260982947106895,-0.0006
-0.0010610891277011265,-0.000416
-0.0008673997714474792,-0.000716
-0.0007271965135808133,-0.000934
-0.0006711585553650463,-0.00095
-0.0007593543655453366,-0.0008
-0.0006729794527169824,-0.00055
-0.0008124728130804973,-1.6e-05
-0.000587804257201549,0.00065
-0.0001927894720047029,0.001216
0.0003084526619635228,0.001516
0.0008270036757481671,0.0016
0.001236269290403616,0.001668
0.0014957204176384604,0.001766
0.0016352265589972533,0.001884
0.001726847360331887,0.00195
0.0018143124447204254,0.002
0.0018978267814575103,0.001932
0.001576682815651727,0.001734
0.0019014886154996575,0.001566
0.001278644680247452,0.0012
0.0007993541226303374,0.00095
0.001354897833766045,0.000684
0.0003699694857167769,0.0004
0.0008011060657237989,0.000184
-0.00035513467993609447,6.6e-05
8.344383673999846e-05,8.4e-05
-7.546875187358703e-05,-3.4e-05
-0.0001463330196393502,-0.000116
-7.742186743824735e-05,-0.0002
-6.91004829100726e-05,-0.000468
-0.000538439319736393,-0.000716
-0.0009546146007926753,-0.000934
-0.0005862992555600615,-0.00115
-0.0008232800913283422,-0.001382
-0.0010516387651186175,-0.001584
-0.0012685511897921862,-0.00165
-0.001446338463279099,-0.001766
-0.0015989575902128743,-0.00175
-0.000863238768534201,-0.0016
-0.0016932126966853393,-0.001684
-0.001701622591578189,-0.00175
-0.0016975290439177665,-0.0018
-0.0016458445924947716,-0.001684
-0.0017307115056704003,-0.001582
-0.0017060233564954767,-0.001418
-0.0016244791865119683,-0.000932
-0.001411155223500248,-0.000134
-0.0010304547388157146,0.00085
-0.0004298023194324526,0.001166
0.0002169667119633256,0.001468
0.0008225741141439883,0.001582
0.0012594460474394133,0.0016
0.0014496898998302464,0.00155
0.0015487438755543953,0.001268
0.001334179367050394,0.001182
0.0013955735879230195,0.00125
0.001279170042269399,0.00125
0.0012366832526395609,0.00085
0.001128890310841673,0.000484
0.0009505917975436445,6.6e-05
0.0006516351267225619,-0.000382
0.00024308343321692544,-0.000518
-9.727973727664153e-05,-0.000716
-0.00039462898098019015,-0.000834
-0.0006168277278642355,-0.00115
-0.0008101836737102017,-0.001382
-0.0010270011087645447,-0.001268
-0.0011635714870660199,-0.001182
-0.0012477285816335302,-0.0012
-0.001259945871903637,-0.001018
-0.0011692770969271404,-0.000466
7.864465190818431e-05,8.4e-05
-0.0006624630604542583,0.000666
-0.0001990314891923319,0.001016
0.0003109869873713176,0.001218
0.0014966488543818564,0.001182
0.0010150846208208319,0.001
0.0011015942074697994,0.0008
0.0006992292257339537,0.000784
0.0009374614550614948,0.001
0.0008934168830133734,0.00125
0.0009538234958681682,0.001366
0.0010944123137590503,0.001568
0.0012909088341669106,0.00175
0.002103471101997937,0.0016
0.0015676062577335797,0.00125
0.0015374855544052933,0.000632
0.0012973280495977132,0.00015
-0.0003677639995138477,-0.000466
0.0003758743055351609,-0.000934
-0.000169252697211487,-0.0012
-0.0004079768370671617,-0.001416
-0.0010127885631205013,-0.0014
-0.0012423304257143722,-0.00115
-0.001294425446886911,-0.0008
-0.0011976850679931575,-0.000584
-0.0009912867476263678,-0.0005
-0.000764727117264004,-0.000382
-0.0005702870747753623,-0.0001
-0.00039603678394153967,0.00045
-0.00014209091263258026,0.000916
0.00020858902596752627,0.000666
0.0004737060394145873,0.00015
0.0005385159023801958,-0.000332
0.0003380739202880645,-0.0007
-6.673192582760651e-05,-0.0011
-0.0005069346002990797,-0.001184
-0.0008374371737644821,-0.001184
-0.0010469695204054618,-0.000866
-0.0010867280409136665,-0.00055
-0.0009525194643074928,-0.000234
0.00030814487271767183,0.0002
0.0004958205142842172,0.000484
0.00012438589614850569,0.000384
0.0006952551251528565,0.0005
0.0003890381389586406,0.000882
0.0005577948897789165,0.00115
0.0007214370728746414,0.001334
0.0014315443579170797,0.001484
0.0012069329614892354,0.001582
0.0013834553109188003,0.001584
0.001493472855950334,0.00135
0.0014976296774268855,0.001084
0.0013948980886540733,0.000882
0.0009322161188204433,0.000868
0.0010411591135082437,0.000832
0.0009140592949176178,0.000668
-3.0040642017573897e-05,3.2e-05
0.0005916564405244788,-0.000482
-0.0005878373536677162,-0.000618
-0.00011253040348312481,-0.000832
-0.00048288999790490743,-0.000718
-0.000446622582588348,-0.000466
-0.0006618348982048599,-0.000316
-0.0005880393643986361,-0.000234
-0.00043806570624980236,-0.0002
-0.00019654684793130405,-0.000166
-0.00018328636809291442,-0.000168
-0.000280210532965062,-0.000166
-0.00012973446138688248,-0.000134
-0.00015885512086782783,-0.000182
-0.00018342471053254264,-0.000184
-0.0001966873797080864,-0.000234
-0.00018437845285763872,-0.000432
-0.0002605444668127478,-0.000684
-0.00046758116633565484,-0.000616
-0.00046154360562495575,-0.000434
-0.0003546225722796206,-0.000334
-0.00021268741065776843,-0.000216
-0.00040363658463986275,-8.4e-05
-5.436304861427745e-05,-5e-05
-0.0004736648411928967,0.0
0.0001080146542086578,0.0002
1.3770112274149123e-05,0.00045
0.00014511872176008617,0.0006
0.0003067930852294538,0.00095
0.0005432660539492617,0.001318
0.0008211846148301971,0.0015
0.0010834125316317113,0.00165
0.001348016845709554,0.00175
0.0015504585801924793,0.001866
0.0016881667037587842,0.00185
0.001776848822919895,0.001884
0.0018362114967035968,0.001966
0.0018903912402170179,0.002
0.0019235004873794177,0.001916
0.0019403912826944393,0.001684
0.0018884381147904784,0.001366
0.0017354062090462472,0.0011
0.0015088193598976434,0.000768
0.0012211374598399558,0.000482
0.000442936700575948,0.000268
0.0006467525103937949,0.000116
-4.212685312198904e-05,1.6e-05
0.00031239686132727236,-1.6e-05
-3.768741484591903e-05,-3.4e-05
1.906161690207829e-05,-3.2e-05
-6.698912363381585e-05,0.0
-0.00034617177031237816,-3.4e-05
-2.5362201102183214e-05,-8.4e-05
-0.0001756220509816994,-0.000132
-0.00013794983071502845,-0.000184
-0.0001798445920203896,-0.0002
-0.0002291942632967415,-0.000216
-0.00022546876096330245,-0.000234
-0.0002291942632967415,-0.000234
-0.0002631079439350807,-0.00025
-0.00023391277795774306,-0.00025
-0.0002587177706759171,-0.00025
-0.0002169127919176315,-0.00025
-0.0006591435519584737,-0.00025
-0.00016048008240635258,-0.00025
-0.0001967382275565839,-0.00025
-0.0002463330059754023,-0.000266
-0.0002587177706759171,-0.00025
-0.00018794983374493358,-0.000216
-0.00023512578908365365,-0.00025
-0.0001430875344078833,-0.000268
-0.0002464694154867324,-0.000282
-6.795622880505507e-05,-0.000268
-0.00022110387356208058,-0.00025
-0.0002672863629268008,-0.000232
-0.0002082050485530356,-0.0002
-0.0002504254293816107,-0.000234
-0.00023768741217272096,-0.000234
3.2060333500615505e-05,-0.000216
-0.000200285269326328,-0.000184
-0.0002503198481042611,-0.000232
-0.0003336529037802363,-0.00025
-0.0002427145050298993,-0.00025
-0.0003256975626175934,-0.000268
-0.00023768741217272096,-0.000266
-0.0002670575278848038,-0.000266
-0.00026268741368767353,-0.000234
-0.00020040012077000567,-0.000234
-0.0001797001154919783,-0.000216
-0.0002417177649120474,-0.000234
-0.00020487368607860588,-0.000232
-0.00027119425085180563,-0.00025
-0.0002254581495814205,-0.00025
-0.00023803013219424657,-0.00025
-0.00028768741520262614,-0.000268
-0.00035917864206854084,-0.000266
-0.00026330389947225015,-0.00025
-0.00023824679767746814,-0.000266
-0.00022520653359876618,-0.000268
-0.00026268741368767353,-0.000182
-0.00024237071992543394,-0.000184
-0.00021728637962065383,-0.000216
-0.0004753621889238132,-0.000434
-0.0009091787148450135,-0.000766
-0.00040575716477305227,-0.001134
-0.0009981420159022377,-0.00145
-0.000955473688802434,-0.001666
-0.0012624152075283441,-0.001918
-0.001549140268630907,-0.00205
-0.0017767290846932712,-0.002082
-0.0019330621163906963,-0.002034
-0.0020225363416789053,-0.001816
-0.0019981058636803863,-0.001634
-0.0006461082779905823,-0.00145
-0.0017388670429782137,-0.001
-0.001482519094059821,-0.000216
-0.0010885619559459782,0.000632
-0.0005281585869359842,0.001118
0.0007382667245394137,0.001032
0.0006284090602914025,0.001084
0.0010443443426585777,0.00085
0.0002645474382666951,0.000616
0.001136119699362035,0.000584
0.00037882679433938547,0.00055
0.0002596939342049499,0.000584
0.0005829189340088423,0.0005
0.000553645681673009,0.000416
0.0005109315560067929,0.000166
0.0004126229411029393,-0.000266
0.00019661400261871342,-0.00055
-6.777927710885822e-05,-0.000316
-0.00024791092635075154,8.2e-05
0.00015765252903902278,0.0001
-0.00025983508212730873,-0.00025
-0.00010067567533523761,-0.000366
-0.00011355288310535581,-0.000416
-0.0002379957536838,-0.000718
-0.00044178446305795583,-0.000982
-0.0006266590745590712,-0.00115
-0.0008233886508931716,-0.0014
-0.0010686582382317762,-0.001584
-0.0012847155985422477,-0.001416
-0.001391341367228154,-0.001184
-0.001399522308736458,-0.000666
-0.001221079812003972,0.000232
-0.0007741968880245277,0.00085
0.0006720305971748323,0.0007
0.0002643384453253918,0.0007
0.0006147345787695516,0.00085
0.0008068289535970545,0.001034
0.0008175932340521434,0.001216
0.0009451930893592584,0.00115
0.0009366961732454732,0.000918
0.0010766790772861444,0.000632
0.0009733245333360841,0.000518
0.0007983746408008623,0.000516
0.0006419354952846178,0.000516
0.00018671545707987805,0.000184
0.00042992777754893825,0.0
0.00010653322245815341,-6.6e-05
0.00015290042481790048,-0.000184
-0.0003921938857996223,-0.000384
-0.00016211873223302987,-0.0006
-0.0003135359722404881,-0.000916
-0.0005277293979587515,-0.001234
-0.0007914750579495147,-0.001216
-0.0009979203997557218,-0.00125
-0.0011574205936410202,-0.00115
-0.0012134445085409881,-0.0007
-0.000990799413010124,0.0
0.0009235607814812384,0.000734
-0.0002967071292497997,0.001216
0.0002944621861124327,0.001316
0.0008036003321788014,0.001518
0.001188857004994804,0.001432
0.0013676621032970256,0.001184
0.0013593869611198215,0.001016
0.0012825649744163297,0.000968
0.0011454994508903853,0.000982
0.0010353578828676364,0.000934
0.00011248870274933255,0.000666
0.0003363105571386371,0.0003
-0.00029735503498110115,-0.00015
0.0004274066867828587,-0.000632
3.393505637216153e-05,-0.000768
-0.0003229549346000305,-0.000966
-0.0006364630446776018,-0.001016
-0.0008493252350636342,-0.000884
-0.0005246656671585897,-0.00025
-0.00031701958240403817,-0.000316
-0.0004918551165895359,-0.0005
-0.0004936140418933808,-0.000218
-0.0003237086582937792,0.000418
0.000549511384728259,0.000516
0.0009561769346900161,0.000466
0.0007559937283047459,0.000568
0.0004906127320786736,0.000382
0.0004812991340351412,-0.0002
0.00029660217442363675,-0.000516
-0.0003724587667700428,-0.000566
-0.00015834749050445284,-0.000168
-0.00036695678498801,0.000268
-0.0002537758844539247,0.000416
0.00016522377959743114,0.000334
0.00020689964663490033,0.000266
0.00031947928812569687,0.0003
0.0005935541027431147,0.00045
0.0003357819012490796,0.000584
0.00045779496261413876,0.0005
0.00016599115213181617,0.00015
-0.0002531180576722764,-0.000434
0.00019006684903070392,-0.00085
-0.00017140134425251666,-0.001066
-0.0005614954068198599,-0.001068
-0.0008609082092718011,-0.0009
-0.0009734209674987283,-0.00085
-0.0009734210463937609,-0.00075
-0.0008948538226745769,-0.00055
-0.0007658241526920227,-0.000816
-0.0007443832441630407,-0.001084
-0.0006292689616843191,-0.0009
-0.0008422663387086765,-0.000366
0.0002652051269820364,0.000266
0.0010558563902324557,0.000834
-5.7680831281224415e-05,0.001134
0.0004527890727969662,0.001166
0.0008410439935360894,0.00105
0.0009731589326626996,0.001
0.000978493025815403,0.0009
0.001026624597236243,0.000984
0.000982159830244603,0.001216
0.0010221075410409334,0.001466
0.0011360393842188689,0.001684
0.0013309830925954985,0.001684
0.0015077157761819206,0.001566
0.001597739584267079,0.0016
0.0016322118220123234,0.001434
0.0015687675926131508,0.00125
0.0014590910319124259,0.001432
0.0014259295562384583,0.001368
0.0013182616630672088,0.00105
0.0012713947001235864,0.000632
-0.0003656263386061047,5e-05
0.0007627683658573194,-0.000366
0.0003280788664006262,-0.000716
-0.00011245066032894504,-0.000968
-0.0005094917855425644,-0.001216
-0.0008242979950386835,-0.001366
-0.0010726317076526128,-0.001518
-0.0012720333009501174,-0.001682
-0.0014497981682477777,-0.001618
-0.0015489569165751923,-0.001416
-0.0015610027679395034,-0.001266
-0.0014995892966789283,-0.0012
-0.0006613860643645149,-0.001118
-0.0012527092250402775,-0.001116
-0.0011765511400359425,-0.001084
-0.001130564487865843,-0.0007
-0.0010088722137032522,-0.0002
0.0001530459664292516,0.000234
-0.00044986181538848294,0.00055
0.0007791553374942879,0.0008
0.0008456669268651209,0.000816
0.000594143724769098,0.000534
0.00015739134703366818,0.000116
0.0005594779969564524,1.8e-05
0.0003630205690372351,0.0001
3.731258415163169e-05,5e-05
4.537744949415077e-05,1.6e-05
7.865346696100028e-06,3.4e-05
8.696985791449963e-05,0.0001
4.922283529506419e-05,8.2e-05
0.00019515541098014079,0.000118
0.000191623655122959,0.000182
0.00014582054238427663,0.00015
0.0002118751224170135,0.000118
-8.830390859134032e-05,-3.4e-05
-0.0003677639995138477,-0.0004
-0.0007325253996613666,-0.000666
-0.0006433645454425633,-0.000434
0.000982019633771709,0.0004
0.00022845824682873284,0.000284
0.0004153866735417173,0.000366
0.00046511342362628316,0.000384
0.00035739134929140963,0.000316
0.00022705811640930167,0.0003
0.00047243358088162803,0.0003
0.00021621614407088004,0.000366
0.0003198268010204517,0.000384
7.164395050163312e-05,0.0003
0.000336555447319764,0.000234
0.00023716261743068594,0.000232
0.00012744374926874027,0.0002
0.00016619719637127672,0.000184
-8.615531085970602e-05,0.0002
0.0002334438408987743,0.000234
0.00016105266825810374,0.000266
0.0002334438408987743,0.00025
0.00026621389859235667,0.000234
0.0002120612160751105,0.000216
0.0005239545223496018,0.0002
0.0001870380292824586,0.00015
0.00019922284438477958,0.000134
5.715027720181109e-05,0.0001
8.696985298356009e-05,0.00015
0.00016621390239442545,0.00015
0.00017064465728597217,0.000166
0.0002113874919443974,0.000134
0.0001497147124354917,0.000132
0.0002206587628029509,0.00015
0.0001747708872136409,0.000184
0.00017080574121874147,0.00015
0.00016669694709327284,0.000166
0.0001571560721846369,0.000134
0.0002785472631791459,0.000134
0.00037332386581696175,0.000132
0.00016621391225630453,0.000168
0.00017880573696982434,0.000166
0.00018716263412453895,0.000166
0.00021231257564890895,0.000218
0.00019582055527606084,0.0002
0.0002450211543883537,0.0002
0.00022064464059211916,0.000216
0.0002331971953031725,0.000234
0.0002499481097254304,0.000232
0.00027327080284774173,0.000218
0.00020828222290958254,0.000216
0.00018271362489482914,0.000184
0.0002042998777975808,0.000182
0.00020814486665786156,0.0002
0.0002161971895393028,0.000218
0.00021231257564890895,0.000216
0.00023702748996363532,0.000216
0.00021231257564890895,0.000218
0.0002620501343529382,0.000216
5.182216774423478e-05,0.0002
0.00014922918254311804,0.000166
0.00019948085086507288,0.000168
0.0001621626326095864,0.000166
0.00016621390239442545,0.000184
0.00018126852430682764,0.000166
0.00017880573696982434,0.0002
0.00017479346105483772,0.000184
0.0001623125824808829,0.000166
0.00022932619080589863,0.000166
0.00014114487758784484,0.000168
0.00017080574121874147,0.000182
0.0005702666165290921,0.00015
0.00013299115486578074,0.00015
0.00027015541552499853,0.000168
0.00017065876963492485,0.000166
0.00018319720213514644,0.000166
0.0002035305920586557,0.000168
0.00018319720213514644,0.000166
0.00031937303624057035,0.000166
0.00018294247966058427,0.000168
0.00023319717557941435,0.000216
0.00017846739562260694,0.000234
0.00023299118064934915,0.0002
0.00017864465303705503,0.000166
0.0001286991566127833,0.000166
0.00018731259385771455,0.0002
0.0001997147154653968,0.000184
9.928204411598075e-05,0.000184
0.00018714834426176297,0.0002
0.00020415540126916948,0.0002
0.00016669694709327284,0.000182
6.231258628295171e-05,0.000184
0.0002581448696877667,0.0002
0.00019128223686947098,0.000216
0.0001621626227477073,0.000168
0.00022896522630808905,0.000182
0.0003128892846731176,0.0002
0.00017479346105483772,0.000184
0.00018731258399583547,0.0002
0.00017080574121874147,0.0002
0.00020828222290958254,0.000216
0.0001997147154653968,0.0002
0.00017463779129367918,0.000184
0.0001748188356696911,0.0002
0.0001997147154653968,0.000184
0.00021231257564890895,0.000232
0.00019968015944112698,0.000218
0.00011522346098739571,0.000216
0.0002331971953031725,0.000216
0.00023714833742978904,0.000234
0.0002042998777975808,0.000216
0.000253820573780807,0.000234
0.00019128223686947098,0.000234
0.00022929985958877521,0.000232
0.00022029986929974653,0.000234
0.0002160872098638869,0.000234
0.0002286446560669602,0.00025
0.00021214833591483648,0.000232
0.00018671545707987805,0.000234
-0.00020436568096382613,0.000234
0.00023731257716386154,0.00025
0.0005833988524920238,0.000232
0.00020779494746461308,0.000234
0.00023714833742978904,0.000216
0.00030804743735243605,0.000234
0.00022477087051978788,0.000234
0.00020404473126221852,0.000232
0.000253820573780807,0.000268
0.00024162365815286413,0.00025
0.00024971471849530194,0.00025
0.0002788057430296346,0.000266
0.0002243175988338602,0.000266
0.00024128223989937613,0.00025
0.0003494808599547883,0.00025
0.00046305233034765866,0.000218
0.00023714833742978904,0.00025
0.0002698563441802476,0.000216
0.00018694161955264642,0.0002
0.00019128223686947098,0.0002
0.0004908046047979071,0.000216
1.4008187896836994e-05,0.000234
0.00015277058331803267,0.000216
0.0002161971895393028,0.000184
0.00022883295878596942,0.000184
0.0001082822316425909,0.00015
9.515540985127006e-05,0.00015
0.00025636223642663174,0.000132
0.00015353058902875058,0.0002
0.00015736959172843438,6.8e-05
6.181502736357945e-05,6.6e-05
-5.031983598464055e-05,-1.6e-05
-3.7837374579094613e-05,-5e-05
1.5723722165497946e-05,-6.6e-05
-1.7551730943114573e-05,-0.000118
-8.38027990544908e-05,-0.000116
-0.00015885512086782783,-0.00015
-0.00014662254468515902,-0.000166
-5.111947658735061e-05,-0.000168
-0.00022967380702851813,-0.000216
-0.0004605255441245492,-0.000184
-0.00025040010407615266,-0.000216
-0.0002679667339640087,-0.000184
-0.0002087177873697701,-0.000216
-0.00020162259929982585,-0.000234
-0.00021294983525988614,-0.000182
-0.00019610387204712802,-0.000168
-0.00019584460324631347,-0.00015
-0.00015484459050543704,-0.000132
-0.00010040010484831632,-0.000118
-0.00014220505402096474,-0.000132
-0.00013328636506300927,-0.0001
-0.0001041794530414909,-0.000118
-3.824680035066621e-05,-0.000132
-0.00011834707782635931,-0.000118
-7.576560429554667e-05,-0.00015
-0.00030752089661407415,-0.000166
-0.00011698912666372099,-0.00015
-0.00014643542539163846,-0.000116
-0.0002734046924271032,-0.000134
-0.0003152840889248695,-0.000116
-0.00020051915365041007,-0.000134
-0.0002091179824225299,-0.000184
-0.00018843933797457342,-0.0002
-0.00022970011852188344,-0.000216
-0.00021310794090517558,-0.00025
-0.00021310794090517558,-0.000316
-0.0002466053319041088,-0.000334
-0.000508942991695941,-0.0004
-0.00045522943893003276,-0.000434
-0.00035506083418559997,-0.0003
-0.00025066087188258625,-0.0003
0.00020024384472514973,-0.000366
-0.0002526583757649516,-0.000334
-0.00042131053149578514,-0.000332
-0.00043310892859041054,-0.000318
-0.0003272471399524884,-0.00025
-0.00020436305770399286,-0.00015
-4.171776265430591e-05,-1.6e-05
-0.0001863191917640631,8.4e-05
0.00017064465728597217,0.0002
2.6306556989370183e-05,0.000282
0.0002792998823424385,0.0003
0.0003202998753595568,0.0003
0.0002895581497823203,0.000234
3.731258415163169e-05,5e-05
1.0932871854234895e-05,-0.000134
-0.0003193738496237283,-0.000316
-0.000434477244587954,-0.000384
-0.00037156453102326985,-0.00045
-0.00032392392339017253,-0.0005
-0.0007977053986723219,-0.000532
-0.0004678865690067703,-0.000618
-0.0005265166629654549,-0.000666
-0.0005806427578567216,-0.000784
-0.0005641830055521986,-0.000916
-0.0015005893701119067,-0.001
-0.0007941614338088485,-0.000866
-0.0008934443629175432,-0.000834
-0.0009055544348383741,-0.0008
-0.0006541795554036009,-0.000684
-0.0004142181047519811,-0.000532
-0.0007154293983666058,-0.00045
-0.0006198521689381726,-0.000368
-0.00024662255074496927,-0.000266
-0.00022145274739614738,-0.000216
0.0001633854858908113,-0.00025
-0.00038133031594603196,-0.0002
-0.00023365291744418415,-0.000168
-0.00011303014434324185,-0.000116
-0.00015871778433986498,-0.0002
-0.00034254528124482645,-0.0003
-0.00019766488916174704,-0.000516
-0.0010523045602985562,-0.000734
-0.00044260280178338724,-0.0007
-0.0005667840564337976,-0.000766
-0.0006728280531494621,-0.000918
-0.0007815660785426207,-0.001
-0.0008489504047638487,-0.001166
-0.0009660809681426897,-0.001116
-0.0009754686880693306,-0.001134
-0.0011055544469579946,-0.001216
-0.001158943031084708,-0.00105
-0.0011259060517721507,-0.000934
-0.0009762292361833974,-0.0009
-0.0010280627992179678,-0.000916
-0.0009514632176113177,-0.000934
-0.0009213552952783091,-0.00085
-0.0005223114393864158,-0.000684
-0.0008484458710305025,-0.000616
-0.0006675238612141063,-0.00065
-0.000598934728950356,-0.0007
-0.0006633039237114913,-0.000716
-0.0010770765748931122,-0.0007
-0.0006921179675101952,-0.0007
-0.0007041794400909571,-0.000768
-0.0007216939795335525,-0.000732
-0.0007256975079618019,-0.000818
-0.0007555884689552167,-0.00075
-0.0007677970807717395,-0.0008
-0.0007758735652569083,-0.000832
-0.0008007707862681679,-0.001
-0.000847828044030372,-0.001168
-0.0009536456120025332,-0.001366
-0.0010964113805273829,-0.001516
-0.0012673466204347617,-0.00155
-0.0015057233854619885,-0.00135
-0.001447694984469272,-0.001118
-0.0013877390200405717,-0.000932
-0.0006512561788663982,-0.000734
-0.0010391451844444174,-0.000666
-0.0008668877426860379,-0.000618
-0.00021966981827864024,-0.0005
-0.0005002852875057587,-0.00045
-0.0005606583699717071,-0.0004
-0.0004940061896528174,-0.000366
-0.00043025884553847424,-0.000384
-0.00040077715252656576,-0.000382
-0.0006952467867122351,-0.000334
-0.0003669991121729889,-0.00035
-0.0003630301397690094,-0.000316
-0.0002384853170847143,-0.00035
-0.00033785161851908747,-0.000434
-0.000363581142676545,-0.000534
-0.0004105892093859358,-0.000582
-0.0004772265574387006,-0.000534
-0.0005223379086698463,-0.0005
-0.0005382259481207817,-0.000434
-0.0005138369294618833,-0.000416
-0.0004721905297190826,-0.00035
-0.0004263254153466718,-0.000316
-0.0003801905194103552,-0.000268
-0.0004758615550325255,-0.0002
-0.00028489762767933873,-0.000166
-0.00023894732639550013,-0.00015
-0.00013783738556984445,-0.0001
4.031492906913957e-05,-5e-05
-0.00011762843283647123,-3.4e-05
-5.191538581383571e-07,-1.6e-05
-5.0777165833806545e-05,-1.6e-05
-2.9355349902708834e-05,1.6e-05
-1.2949837933084204e-05,6.6e-05
5.7890046336672336e-05,0.0001
0.0001621626326095864,0.000184
0.0006413083192231267,0.0002
0.0002033854054749512,0.0002
0.00020828222290958254,0.000184
0.00020828222290958254,0.000216
0.00021231257564890895,0.0002
0.00024823230055689033,0.000184
3.2074500089903073e-05,8.2e-05
4.1794960432815675e-05,5e-05
0.00012740585992934394,-8.2e-05
-0.00010896330265134739,-0.000134
-5.896329962144225e-05,-0.000116
-7.919425420702606e-05,-8.4e-05
-0.0001461794504584341,-0.000134
-0.00014196329991738284,-0.00015
-0.00012161008761693794,-0.000116
-7.568237989805431e-05,-5e-05
2.0644653127196302e-05,1.6e-05
-6.765291685230298e-05,-3.2e-05
-2.9955272661383282e-05,-5e-05
-0.00010493777237088741,-0.000134
0.0001328342720934963,-0.000166
-0.00010886872723104265,-0.0001
-0.00011356682780236424,-3.4e-05
5.32551530137958e-05,-1.6e-05
4.5530598312471405e-05,5e-05
-2.63254354858865e-05,8.2e-05
1.9325641594075525e-05,8.4e-05
4.899635477669575e-05,6.6e-05
7.01554157327268e-05,5e-05
7.015541326725703e-05,6.8e-05
6.669694842987187e-05,5e-05
0.00010315607621012985,0.0
4.136959786466302e-05,-1.8e-05
1.2312585718516335e-05,0.0
7.369599897007341e-06,3.4e-05
-4.70010735278007e-06,3.4e-05
1.1941616344387745e-05,3.2e-05
-0.00010104682715412904,8.4e-05
6.599116086482451e-05,0.000134
6.995936157676661e-05,0.000132
9.446298266689609e-05,0.00015
-0.00011129794473168336,0.000184
0.00014948083797328867,0.000184
0.00016194161803769383,0.000182
0.00012438589614850569,0.000184
0.0001834438378688692,0.0002
0.00013194179176119825,0.000216
0.00012397183529377006,0.000218
0.00020415540126916948,0.000132
0.0001906292719942054,1.8e-05
0.00014397488185398968,0.0
-2.9610077308210526e-05,1.6e-05
4.019189966224106e-05,0.0
8.282237910129453e-06,6.6e-05
1.9826798866574335e-05,8.4e-05
4.064136959378631e-05,0.000116
6.5448269352826e-05,0.000134
9.933912960299159e-05,8.4e-05
0.00010396523845708436,3.2e-05
9.053802876015643e-05,0.0
-4.70010735278007e-06,1.8e-05
8.202588590508338e-05,5e-05
2.4541866492656354e-05,0.000132
0.0004499969381464596,0.0002
9.823509224083149e-05,0.000218
0.00016231257261900382,0.000166
0.0001747708872136409,0.00015
0.00019548203641502014,0.000134
0.00012854726395130953,0.000166
0.0002330872156277566,0.00025
0.0004149167352801572,0.000284
0.0002952617675438683,0.000316
0.0002526126908320141,0.000316
0.00034957456752973464,0.000334
0.00039088203421257364,0.00035
0.00027463779735348943,0.000366
0.00034103670489404067,0.000384
0.0010919392700678115,0.0004
0.000321225728290636,0.0006
0.0004351541000871381,0.000866
0.0005576695650196639,0.001
0.0007107315692188243,0.001134
0.0008951044477602501,0.001216
0.0010506983907924699,0.0012
0.0011353885790951201,0.001318
0.00121536471030611,0.001432
0.0006144300833913109,0.0015
0.001359669089756326,0.001518
0.0014400541339211754,0.001582
0.0015066745195419357,0.001434
0.0015071919131655924,0.00125
0.0014429065049290566,0.001266
0.00137963679134195,0.001084
0.0012554280812202018,0.000866
0.0007491274147243149,0.00075
0.0009865720349416143,0.00065
0.0008334940544983566,0.000584
4.659262530251778e-05,0.00065
0.0006570286278347979,0.000616
0.0005082822608127715,0.000534
0.0004819704518673606,0.000616
0.0006029391796861643,0.00065
0.0006029391796861643,0.000634
0.0005219272355924376,0.0006
0.0006245312510975686,0.000534
0.00044064708783545686,0.000466
0.0005472186950814973,0.000384
0.000228346235606228,0.0003
0.0004188234200559152,0.00025
0.00034795796886466333,0.000216
0.00015296676567842083,0.0001
0.00021467435762045228,3.4e-05
0.00014784087651669475,0.000132
0.00011887534439355893,0.000318
0.00047361290382862717,0.000432
0.00022514708148264347,0.000484
0.0006684338909820794,0.000434
0.00041549065719465717,0.000332
0.00024089003296866502,0.000268
0.00037740348850413407,0.000182
0.0001319383006560066,0.000168
0.0002358464707734357,0.000132
0.0001862609230734291,0.000168
6.169610296384485e-05,0.000166
0.00015811656989689755,0.000166
0.0001576236435952196,0.000184
0.0003648742078276917,0.000134
0.00016205015787876516,0.000116
0.00014933912277101765,0.000134
0.0001745661743278551,0.000132
0.00014053803672100108,0.000118
0.0001247934580249326,8.2e-05
0.00011598039965372207,6.8e-05
-7.178620788538757e-05,0.0
7.699661357263005e-05,-3.4e-05
-5.9254994280647004e-05,-6.6e-05
0.00020534413244880373,-0.000134
-5.9727092293723966e-05,-0.000166
-7.143671275293923e-05,-0.00015
-6.312488438558568e-05,-0.000134
-0.0001463330196393502,-0.000134
-0.00017084458200760275,-0.0002
-0.0003890902341129753,-0.00025
-0.0001842774672159369,-0.00025
-0.00020968166770655265,-0.00025
-0.00029235285323045976,-0.0002
-0.0004313854666037102,-0.000166
5.4415655562980155e-06,-0.00015
-0.00018005393998933944,-0.00015
-0.00023942081493352632,-0.000166
-0.0009583386041204954,-0.000218
-0.0001716940053758705,-0.000282
-0.00031727749026554076,-0.000284
-0.00023871801798330767,-0.000266
-0.0001514526760935025,-0.000218
-8.416861559680403e-05,-0.000132
-8.330305819437377e-05,-6.8e-05
-5.4955274176335855e-05,1.8e-05
0.0001247934580249326,0.000116
0.0002536670045998909,0.000184
0.00022813081271976955,0.0002
0.00017932620749975164,0.000166
0.00017789572221653548,0.000116
0.00016571623252891363,6.8e-05
1.657529295793372e-05,6.6e-05
0.00024045472962640736,-1.6e-05
5.7322502592462485e-05,-1.8e-05
1.1696101166674597e-05,-8.2e-05
-8.342469461085328e-05,-0.000118
-0.0002753622162517089,-0.000266
-0.00028768741520262614,-0.000284
-0.0001896987393796408,-0.000316
-0.0003464694018227845,-0.000316
-0.00037984456469249383,-0.00035
-0.00044668325286840164,-0.000334
-0.0003293553335655629,-0.000334
-0.0004267023363648206,-0.000282
-0.00040107119431298977,-0.000334
0.0001007936630783259,-0.0004
-0.0003385393465180834,-0.00035
-0.0001718529788665183,-0.0003
-0.00034689480383845347,-0.000266
0.00022082039900094827,-0.000218
-0.00018768740914281584,-0.000182
0.00018429503637536998,-0.000184
-0.0002417177649120474,-0.000216
-0.00020042542635170557,-0.000184
-6.728376699486326e-05,-0.000166
-0.00018794983374493358,-0.000168
-0.00018399908609347993,-0.000116
0.00025929444920748336,-6.6e-05
-6.709875814346421e-05,-3.4e-05
-9.726100956828296e-05,1.6e-05
-5.119183319410513e-05,6.8e-05
7.87706817917906e-05,0.0001
7.5380333951553795e-06,0.000116
7.405147186831444e-05,0.000134
0.00010389612147760512,0.000182
0.0001407449981152154,0.0002
0.0001571502733997423,0.00025
2.0112238012609943e-05,0.000384
0.000921371602117221,0.000466
0.0003223808699101495,0.000518
0.0004019904547997745,0.000482
0.00046128192581657354,0.000418
0.0004701075975311177,0.000416
0.00034932350381230835,0.0004
0.00042822009456875386,0.000434
0.0002617740609101842,0.000482
0.00043223597006960196,0.000468
0.0004166969622427985,0.000482
0.0004911313091278191,0.000518
0.00048703803760001037,0.0005
0.0004915305968877041,0.000482
0.0004951263563400661,0.000484
-0.0005231244921446645,0.000466
0.0004826969567748694,0.000484
0.0005831971967887504,0.0005
0.0006528071518790475,0.00055
0.0004992228231166942,0.000584
0.0004903321418953044,0.000632
0.0005653038822947406,0.000584
0.0005867740214332933,0.000534
0.0005826392116708315,0.000482
0.0005566126871632282,0.000418
0.0005738890819499822,0.00045
0.0005176022888014592,0.000432
0.0004318622443002726,0.000418
0.0004536669772719952,0.000416
0.0003814704090910611,0.000384
0.00041206120847097293,0.000432
0.0003323715648470378,0.0004
0.0003701944549021775,0.00025
-0.00012429465875240142,6.8e-05
-5.189309674642558e-08,-0.000134
-0.00025544632897873157,-0.0003
-0.0004175989146880801,-0.0004
-0.00042954176858735866,-0.000466
-0.00028965549123783935,-0.0005
-0.0004183918097655046,-0.00055
-0.0003048893133548669,-0.000418
-0.0003565079268731741,-0.00025
-0.0004733038569713289,-0.00015
-9.617944742852895e-05,-0.0001
-0.00023251294339468403,-8.2e-05
-0.00014711934670531246,-8.4e-05
-0.00012561408941538278,-0.0001
-9.171776568421105e-05,-0.000266
-0.00028525421350284017,-0.00035
-0.00020278135036707985,-0.000368
-0.0004756140613153234,-0.000432
-0.00035546994437704127,-0.000518
-0.0004186322818248071,-0.000616
-0.0004858113231712631,-0.000566
-0.0005346827327601176,-0.000434
-0.0003217344678935411,-0.000416
-0.0005212500645131232,-0.000368
-0.0006578980360791403,-0.0004
-0.0005471503569685991,-0.000516
-0.0004263723973385729,-0.000534
-0.00045627823004562904,-0.000416
-0.00046796672635987107,-0.000316
-0.00044766376033330033,-0.000234
-0.0003777816962756363,-0.000134
-0.00027757506412550017,0.0
-0.0001739239143004571,6.8e-05
4.5021164457961045e-05,0.000116
-7.790365967845253e-05,0.000116
7.382034887037265e-05,0.000134
-0.00036471407534438734,0.000116
0.00020998951141460405,0.0
9.017647748054201e-05,-0.000132
2.6859170156848072e-05,-0.000334
-9.164591203328922e-05,-0.000466
-0.00052145274585182,-0.00045
-0.0003488074955607958,-0.000334
-0.00017575183331029276,-0.0002
-0.00015871776461610682,-0.000134
-0.0001461794504584341,-0.000116
-0.00028252537239222046,-0.000116
6.155544544810435e-05,-5e-05
-0.00010479592896418844,-0.000134
-0.00016293876720166174,-0.000184
-0.00013400883646197745,-0.000182
-0.00012536219730011443,-0.000168
-7.576560429554667e-05,-0.000182
-4.234747321871868e-05,-0.0001
-8.330305819437377e-05,-0.000118
-0.00010871777144808076,-8.2e-05
-7.583769463156623e-05,0.0
4.1144869062564816e-05,0.0
-5.533995649331467e-05,1.6e-05
7.453125721612838e-05,5e-05
-7.770956803642776e-05,0.0
6.044016061286212e-05,-8.4e-05
-0.0003019740630060199,-0.000166
-0.0003046146008514249,-0.000266
-0.00033378386953431834,-0.000284
-0.00016187046928926017,-0.000316
-0.0002593908241988533,-0.000318
-0.00029654685399111433,-0.0003
-0.0003048445798713943,-0.000282
-0.00038626413515094316,-0.00025
-0.0002753621965279508,-0.000268
-0.00023024348833501694,-0.000282
-0.0005350445848270438,-0.000284
-0.00027134121257374314,-0.000316
-0.0002879387945001827,-0.000368
6.661946118052992e-05,-0.00035
-0.00033446899399723916,-0.000316
-0.0003380583629519622,-0.000334
-0.00034247979836778543,-0.00035
-0.00033785165796660374,-0.000416
-0.00035493775793477586,-0.000384
-0.0004393232930691204,-0.00035
-0.000375682378353727,-0.000332
-0.00037130082437687273,-0.0003
-0.00013841343765022405,-0.000284
-0.0003000518841560098,-0.000266
-0.00029610389783069643,-0.000268
-0.0002505983672930251,-0.000266
-0.00027119425085180563,-0.000266
-0.00026655614995276075,-0.000318
-0.0002800539657729079,-0.000316
-2.2918955078561962e-05,-0.0003
-0.0003005191399864622,-0.000284
-0.00026382304851038174,-0.0003
-0.0003002852753861383,-0.0003
-0.00029617942010063325,-0.0003
-0.00029617942010063325,-0.0003
-0.0003000518841560098,-0.0003
-0.00018501943554983128,-0.000266
-0.0002918687138630354,-0.000266
-0.0002834246968685948,-0.0003
-0.00028342471659235295,-0.000318
-0.00028805837964581516,-0.00035
-0.0004403824194339846,-0.000366
-0.0003341451693360164,-0.000316
-0.0003380301185302987,-0.000284
-0.00032978621878599615,-0.000316
-0.0003212293029999342,-0.00035
-0.00019196332267104612,-0.000284
-0.00044497797618671094,-0.00025
-0.00030092191885153896,-0.000266
-0.00028844455110653395,-0.000284
-0.00027135533478457493,-0.000316
-0.00018794983374493358,-0.000234
-0.00027573781577806204,-0.000216
-0.000263485338323425,-0.000168
2.8043079493983345e-05,-6.6e-05
-2.1532601704195e-05,6.6e-05
0.00014472011446985705,0.000184
7.024371025652814e-07,0.0003
0.00011762694884553639,0.000384
0.00040429990964095945,0.000382
0.000495636964990921,0.0005
0.00038973324364318274,0.0005
0.00044004839288072693,0.000484
0.0004652784325869233,0.000434
0.00032064464665192946,0.000382
0.00029545314716914817,0.000284
0.00011479412408197686,0.000216
0.0003269016736195067,0.000168
0.0002605065924880356,0.000116
0.00019446420173783226,0.000116
0.0002859315620959779,0.0001
0.0005735632060179124,6.8e-05
3.70612313578751e-05,3.2e-05
-0.00022355348542864312,3.4e-05
5.780611188388677e-05,1.6e-05
3.702749695140548e-05,1.8e-05
-0.00019391461378807804,0.0
0.00017564614870507845,-3.4e-05
-5.191538581383571e-07,-0.00015
-4.3121625794966e-05,-0.00025
-0.00017536221019189864,-0.0002
-0.00016048692655042885,-5e-05
-0.0001643343808804777,3.4e-05
-0.00011932399556727561,0.000132
-2.4019905672572397e-05,0.000134
7.481884440269946e-05,0.0001
9.899634547925204e-05,0.0
9.014707428808753e-05,8.4e-05
7.82759113187261e-05,0.0002
9.423753024942095e-05,0.000216
0.00012280908030361262,0.000284
0.00019421534708131822,0.000266
0.00024064137554973241,0.000184
-0.000224951268720855,0.00015
0.00021961825566577548,0.000166
0.00012839802413530622,0.0002
0.00017453125341405958,0.0003
0.0002025536743177394,0.000466
0.00028010906924409067,0.000468
0.0003556699188517983,0.0003
0.00038142883140889166,0.000182
0.00019515539125638265,0.000168
0.0002765166036593389,0.000116
0.0001417949627944213,0.000116
0.00021669693039941983,0.0002
9.357500921333415e-05,0.000218
0.00018319720213514644,0.000182
0.00017804307841363595,0.000168
0.00034506220558886346,0.000182
9.933912960299159e-05,0.00015
7.838991957174308e-05,0.00015
0.00017880573696982434,0.000184
0.00024059670123753425,0.000184
0.00018731258399583547,0.000182
0.00024520405279763124,0.00015
0.0001446126890211209,0.0001
0.00033556576830732793,8.4e-05
6.571623633098245e-05,0.000116
9.497451340344423e-05,0.000118
0.00010415541000217783,0.000116
0.00010814486552899082,0.000116
-4.546841424645444e-06,0.0
-5.417945987346483e-05,-5e-05
-0.00011268742432171627,-0.0001
-0.0005375797189089226,-0.000132
-7.174352567276203e-05,-0.000168
-0.00011357657133888783,-0.0002
-0.00015093317202772427,-0.000182
-0.00016330391313619804,-0.000184
-0.00018044194575956568,-0.000166
-0.00018330305439230498,-0.000168
-0.00014171775885223712,-0.00015
-5.896329962144225e-05,-0.0001
-1.7303053800423823e-05,1.8e-05
9.94016144687946e-05,0.000132
0.0002786446590968653,0.000218
0.00022915540278412204,0.000266
0.00020828222290958254,0.000216
0.00014128223383956585,0.000134
0.00020732250428576857,1.6e-05
-9.654684187149379e-05,-6.6e-05
-0.000121452731474458,-0.000166
-0.0002668027955483626,-0.000268
-0.0001236429561976571,-0.000332
-0.00038768740153867823,-0.00035
-0.0002716053136953032,-0.00035
-0.000325837719642971,-0.000368
-0.00035031983444031327,-0.00035
-0.00035470012609664626,-0.000366
-0.00037283245309185583,-0.000416
-0.000542461980210043,-0.000468
-0.0007051840894358251,-0.0006
-0.000567378451609252,-0.00065
-0.000535855822999543,-0.000716
-0.0006107559267093969,-0.000684
-0.0006635668019600463,-0.000632
-0.0006713008031087872,-0.000618
-0.0006634803330043391,-0.000582
-0.0006299094710063162,-0.0006
-0.0007214527185239243,-0.0007
-0.0012851630122720065,-0.00075
-0.0006597261917740737,-0.000784
-0.0007102216161610621,-0.00075
-0.0006045468481978699,-0.000634
-0.0007309107339245935,-0.000566
-0.0006020007082589463,-0.000484
-0.000610916714785794,-0.00045
-0.00054234750351777,-0.000466
-0.00037459796613092104,-0.00035
-0.0003088686999031469,-0.0003
-0.0003932126968028383,-0.000284
-0.0003517676766306969,-0.000266
-0.00014220093175551244,-0.000166
-4.2178662503696124e-05,-8.4e-05
-0.0004513188488501621,-5e-05
9.56369506135589e-05,6.6e-05
0.00015803669853828984,0.0001
6.092454506018855e-06,0.000134
-4.812588347115209e-05,0.0002
0.0001237708304745155,0.00025
0.0008560608740372814,0.0003
0.000219476067093309,0.00035
0.00027361289170900666,0.000366
0.00031537155908316805,0.0004
0.000353105179408944,0.000468
0.0003948750301539736,0.000582
0.00045195314047926955,0.000618
0.0005148336254231449,0.00065
0.0005777952144605122,0.000682
0.0006320777582013843,0.000734
0.0006699366046676222,0.000784
7.966070998006436e-06,0.000816
0.000752738992630709,0.000816
0.0007866668546511544,0.00085
0.0008159190025657727,0.000868
0.0007286412149845781,0.0009
0.0008577449674027245,0.000882
0.0008745417987339437,0.000868
0.000879170018030158,0.00085
0.0008745417987339437,0.000932
0.000882242506178936,0.001
0.0003179393557085347,0.00105
0.0009561367771184332,0.001
0.0009944583035032338,0.00085
0.0009731396033797176,0.0007
0.0005946456944138854,0.000634
0.0006231851046041801,0.000616
0.0006977163345892081,0.00055
0.0006236745693863036,0.000518
0.0006702138023645904,0.000566
0.0004745312420078532,0.0005
0.00033539498028555134,0.000516
0.0006626378279661063,0.0005
0.0005198268131400722,0.000468
0.0004955645787985292,0.000382
0.0005562347405096558,0.000368
0.0004281134284847063,0.000332
0.0003862609549168078,0.000318
0.00034935417425622367,0.000232
0.00031126093064819197,0.000184
0.0002649838066918926,0.0001
0.00020654240992738012,3.4e-05
8.319720100627571e-05,8.2e-05
9.865591341367129e-05,5e-05
6.585477600819214e-05,-5e-05
2.7789484663656377e-05,-5e-05
6.53383276578516e-06,1.8e-05
-9.079782641671058e-06,-1.8e-05
-4.646939843617227e-05,-6.6e-05
-2.9799395800764234e-05,-6.6e-05
-3.3878540186801557e-05,1.6e-05
-5.034760357224384e-06,-1.6e-05
-3.386655800372854e-05,-3.4e-05
-2.5737800628536312e-05,-0.000184
-5.640702167083219e-05,-0.000266
-0.0005814532859739277,-0.000284
-0.00019444790476079953,-0.000166
0.0002574544395339049,-0.00015
-0.0002179667309341036,-0.00015
-0.00019260864459003056,-0.00015
-0.0002055788498798019,-0.000116
-0.0001418687244970781,-6.8e-05
-3.378609493237647e-05,3.4e-05
0.00019179496582432643,0.000166
0.0002866363708695273,0.0003
-9.702045021914365e-06,0.0004
0.0002215770220871443,0.00045
0.00032630911275355985,0.000568
0.00042710688565905636,0.000716
0.0005304807588920986,0.000916
0.0009474133533661121,0.00115
0.0008320785198238143,0.001334
0.0010232059176845058,0.001316
0.0011748357798047658,0.00105
0.0012095712113786956,0.000834
0.0006706446481375073,0.000666
0.0009604644852355519,0.000568
0.00040429990964095945,0.0004
0.00022843548561183363,0.000282
0.00020709968499000577,0.000184
-1.2938767973825382e-05,3.4e-05
4.054896008867285e-05,-5e-05
-0.0001459552702233593,-0.000118
-0.00020470011700693085,-0.0002
-8.563690146250485e-05,-0.000266
-0.0004708300243297645,-0.00035
-0.0004155621605270064,-0.000234
-0.00019269000509237823,-0.0002
-0.00015484459050543704,-0.000166
-0.0009490189706069707,-0.0002
-0.00020548782473596325,-0.00015
-0.0002378516519067935,-0.00025
-0.00019245103203869475,-0.000284
-0.00044673149718082403,-0.00035
-0.00026029166740460473,-0.00045
-0.0003353918291933222,-0.000582
-0.0004192862821973753,-0.000684
-0.0005196488503794049,-0.000634
-0.0005896626296939604,-0.000466
-0.0004628516063700921,-0.000466
-0.0005649331000744487,-0.000484
-0.0005142496688248231,-0.000516
-0.0007847088621654272,-0.000518
-0.0004965468858344929,-0.0005
-0.0005048445525434985,-0.000582
-0.0005297799193030103,-0.000718
-0.0005816224763712946,-0.00065
-0.0007799709787739273,-0.000566
-0.00063049589778348,-0.000534
-0.000618787953843707,-0.0006
-0.000550519174859746,-0.000616
-0.0005047382020395813,-0.000534
-0.0004422050524766374,-0.000382
0.00015420693641929694,-0.0003
-0.0003440978565909595,-0.000218
-0.00036139511911383076,-0.00015
-0.00020082027626600808,-0.000216
-0.00022935534722951076,-0.0002
-0.00019668284324371308,-0.000284
-0.0006204187141671263,-0.00035
-0.0002639776038792051,-0.000316
-0.0001879387687166143,-0.000234
-0.00012119426148584832,-0.000132
3.666982053955919e-06,-5e-05
7.453125721612838e-05,3.2e-05
0.00016160352323745325,0.00015
-2.5847367572105964e-06,0.000218
8.493091934721136e-05,0.000282
0.00016820361539232362,0.000368
0.0002525044468473149,0.000432
0.0003229774544227579,0.000568
0.00040991159496579413,0.00075
0.0005258704487682799,0.000782
0.0008770855323743736,0.000818
0.0007271117558829909,0.000932
0.0006505196298569197,0.000934
0.0008334437983626035,0.000816
0.0012273499702854,0.000768
0.0008607011642734803,0.000682
0.0005943126390338508,0.000684
0.000736083620092905,0.0007
0.0007065131307218282,0.00075
0.0007033171718470631,0.000834
0.0007405503412574289,0.000782
0.0006616667879051172,0.000718
0.0005858644406026835,0.000716
0.0007612819045484881,0.000784
0.0007491797221309152,0.0008
0.0007535580808589499,0.000782
0.0007696991366793679,0.000668
0.0007571919071645316,0.000582
0.00011549100390475205,0.00065
0.000668715901276035,0.000718
0.0006532910940088905,0.000832
0.0006932103236984596,0.000884
0.000538881856988816,0.000766
0.0007984328653349059,0.000618
0.0007725242889010091,0.000466
0.0006796066110208327,0.000316
0.0007140584938476715,0.000184
0.00039197224522027413,0.000134
0.0002718067082806467,0.000132
0.00018964362649031,0.00015
0.00014948083797328867,0.000218
0.00015762927472816996,0.00025
0.00018630180056218438,0.000282
0.00022378746366244191,0.000318
0.00026607776521364064,0.000282
8.99155814696805e-05,0.000218
0.0002741048219608983,0.0002
0.0001869698541124308,0.00025
0.00026094140273633966,0.00035
0.0002530616232911499,0.000416
0.00030191035055813787,0.00045
0.0003646081737778335,0.000466
0.00041939469898682373,0.000434
0.00044103667150633465,0.000316
0.0004150332632432772,0.000218
8.282237910129453e-06,8.2e-05
-0.0001591346459682572,-6.6e-05
-0.00016384836775602953,-0.000234
-4.174523438553699e-06,-0.000416
-0.0011069815792023262,-0.000584
-0.00032981351646726867,-0.000782
-0.0005090259892702148,-0.000984
-0.0006967777448194414,-0.001084
-0.0008632666184807017,-0.00115
-0.0010034481013183754,-0.001182
-0.0011018783329149505,-0.001134
-0.0011383790408428477,-0.001116
-0.0011461038112727767,-0.001084
-0.0011298806257234433,-0.0011
-0.0011089632646306593,-0.001166
-0.0004801325770687358,-0.0013
-0.001164611402490451,-0.001418
-0.001249042736191208,-0.001266
-0.001468030652486847,-0.0011
-0.0012738198000678488,-0.001066
-0.001215989583396972,-0.001034
-0.0011187176097736974,-0.001066
-0.001067081126530511,-0.001118
-0.0010717484777628846,-0.00095
-0.0008141921725255035,-0.00085
-0.0011946824019482124,-0.000816
-0.0009364105187653347,-0.0008
-0.0008554462272712861,-0.000716
-0.000796724023362065,-0.000618
-0.0008719241648808188,-0.000566
-0.0006772333939786392,-0.0005
-0.0004393976910848429,-0.00035
0.00039997054472815655,-0.0002
-0.00040750685935808526,-0.0001
-0.00029125822410093477,-5e-05
-0.00020945103780256448,-0.000116
-0.00011784014765639846,-0.000134
-0.00010077716393277213,-0.000166
-0.00019684392717648236,-0.0002
-0.00031029165071075175,-0.0002
-0.0001756823859578646,-0.0002
-0.00019186872752698325,-0.000184
-0.00027562203731775153,-0.000216
-0.00020028528905008614,-0.000268
-0.0002177838719723423,-0.000316
-0.00024724878006606945,-0.000466
-0.00031881341875979945,-0.0005
-0.0004970608475242325,-0.000434
-0.0004307188430259293,-0.000284
-0.00042304551215724206,-0.000166
-6.348532620380444e-05,-6.6e-05
-0.00013923702289532199,5e-05
-0.0001195569134272086,0.000116
0.00019128223686947098,0.000184
0.0001497147124354917,0.00015
0.0002527201064188711,0.000216
0.0002873125999175248,0.000284
0.00017380739149014217,0.000232
0.00010320407890651499,0.000168
0.00017361291523483358,0.0001
0.0001942885025002776,5e-05
-7.518115975607642e-05,-8.4e-05
-0.00010871777144808076,-0.0001
-0.00010031982915266662,-8.4e-05
-0.00011825420851113411,-6.6e-05
-8.38027990544908e-05,-5e-05
2.8235554096023953e-05,-0.000116
-7.961008033811565e-05,-0.00025
-0.0006588940858654571,-0.0003
-0.00018148911952699408,-0.0004
-0.0004548445889611097,-0.00045
-0.0005261246729960833,-0.000434
-0.0004091179748183923,-0.000416
-0.0004309009327611229,-0.000434
-0.0007804254930566182,-0.000466
-0.000437949809446943,-0.000584
-0.00047662316822953216,-0.000616
-0.0005859760226115831,-0.0006
-0.0005679667324196814,-0.00045
-0.0005068658432781867,-0.0003
-0.00010960864429408999,-0.000184
-5.896329962144225e-05,-1.6e-05
-0.0002414401530161581,-5e-05
-7.103476228570455e-05,-0.000168
-0.00025084463813722217,-0.000316
-0.0004465468433570716,-0.00045
-0.0002497406204988202,-0.000584
-0.00038333275076793356,-0.0007
-0.000516067528718005,-0.000766
-0.0014920986867056954,-0.000766
-0.000705843888593288,-0.000618
-0.00023844452835287066,-0.000366
-0.0006330524913142204,-0.0001
0.0002233947241902609,5e-05
0.00012064465425606704,0.0001
-8.349595654903077e-05,0.000184
0.0004747934496486313,0.000416
0.00018401968284978827,0.0005
0.00029594592554264,0.0005
0.0003967926133683359,0.000416
-0.00030750428920971613,0.0003
0.00042696625526348334,0.00025
0.00036407421219733505,0.000234
-0.0001680614413908102,0.000316
0.0002741564587597216,0.000484
0.0003185446975697595,0.000584
0.0004010943255722197,0.00065
0.0005990668536970947,0.000582
0.0005735302673418104,0.000534
0.0003871483662432626,0.000416
0.00046206121150087806,0.000434
0.00042880573239559186,0.000434
0.00032436135218923584,0.000382
0.00041597100960051776,0.0003
0.00026572254032945124,0.000284
-4.477427455898663e-05,0.0003
0.000328547266209051,0.000234
0.0002788267882795752,0.000232
0.00020779494746461308,0.000218
0.00024521026578144686,0.000182
0.00021598040571353233,0.000234
0.0002159803859897742,0.000234
0.0005099469854477164,0.000232
0.00026175319317406695,0.000218
0.00014042743574720364,0.0002
8.607406399083325e-05,0.0002
0.00027064466334578244,0.000216
0.00017880573696982434,0.000184
0.0001997147154653968,0.000232
0.00034948084023103015,0.000334
0.00024010721673165257,0.00045
0.0002974666864668853,0.000534
0.0006824529465587214,0.000582
0.0004726656111724445,0.00065
0.0005521933819132846,0.000718
0.0006192751062370537,0.000832
0.0006932103236984596,0.000984
0.0007928622448745289,0.001016
0.0008845232037807458,0.000984
0.0009522229523422267,0.000816
0.0009480538232405929,0.0006
0.0002694252617222329,0.000434
0.0007033195386980406,0.000266
0.0001997147154653968,0.0002
0.00037114612623266835,0.000218
0.000277208158067415,0.000316
0.00035345314595013614,0.00035
0.0006812823415128223,0.000434
0.0003275804470323049,0.000516
0.0004020744780094718,0.0006
0.00047269290885371704,0.000634
0.0005440744913481043,0.000632
0.0007977418237445417,0.000684
0.0006367531961745974,0.000684
0.0005986812936728784,0.000716
0.0005396117543827257,0.0008
0.0007198224860329009,0.00085
0.0007608644709311097,0.000834
0.0007987158618167689,0.000832
-0.0002586045365804073,0.000818
0.0008332138982376666,0.000782
0.0008159803829011196,0.00075
0.0007947053906256524,0.000718
0.000766077775788934,0.000716
0.000740828604037337,0.000684
0.0007164188754323864,0.000682
0.000699574628186587,0.0006
0.0006694355028681931,0.000484
0.0006015721260091421,0.000316
9.128223574060026e-05,0.000134
0.00011767666257794058,-6.6e-05
0.0002119171340218621,-0.0002
-0.0005006533722802587,-0.000368
-0.0006368795315545893,-0.000482
-0.0002829353504290201,-0.0005
-0.00039046355994508755,-0.000468
-0.00017820615915505188,-0.00045
-0.00047545816473094617,-0.0005
-0.00022878596177938417,-0.00055
-0.0004929430001937754,-0.000566
-0.000517628427490075,-0.000616
-0.0007291942935957928,-0.000684
-0.0006052956803995987,-0.000766
-0.0006598631535506317,-0.0008
-0.0011016887481516617,-0.000784
-0.0007596086442353405,-0.000784
-6.0721485284356635e-05,-0.000732
-0.0007756386158498864,-0.000668
-0.0007431840396678316,-0.00065
-0.0007098198037601345,-0.000632
-0.0006714366603548892,-0.000668
-0.0006548736739002358,-0.000766
-0.0006508611514382724,-0.0008
-0.0007182058723531454,-0.000884
-0.0007814194915720879,-0.000882
-0.0006074829268353178,-0.00085
-0.0008548439425925739,-0.000834
-0.0008630302489630933,-0.000816
-0.0008461037930933458,-0.000784
-0.0008216101201737307,-0.000734
-0.0008219458974323893,-0.000782
-0.000779727666493452,-0.000818
-0.0007802434822164571,-0.0008
-0.0007842773852322496,-0.000782
-0.0007595452915241791,-0.0008
-0.0008003198222619432,-0.000834
-0.0008044694642905299,-0.0007
-0.0007802231272980516,-0.000584
-0.0004979254976337881,-0.00055
-0.00044245104718822046,-0.0005
-0.0005257378112038294,-0.000466
-0.0003519609300130005,-0.000434
-0.0004885668110791364,-0.000432
-0.000190785498729666,-0.000384
-0.00031680277885450957,-0.000334
-0.00041074135845626543,-0.000366
-0.0003798806197223827,-0.000434
-0.0003803992362190444,-0.000432
-0.0005010467823602167,-0.00045
-0.00042130082740677785,-0.000468
-0.0005884958510571414,-0.00055
-0.00047612029129187003,-0.0005
-0.0004929430001937754,-0.000382
-0.00022990950593834958,-0.0003
-0.0003422343559214304,-0.000268
-0.0002587177706759171,-0.000266
-0.00024635432735795694,-0.00025
-0.00022546876096330245,-0.000234
-0.00016375385150699923,-0.0001
-5.910183929865194e-05,-1.6e-05
9.582053935437152e-05,8.4e-05
0.00017064465728597217,0.000166
0.00023731257716386154,0.000216
0.00029531715185673917,0.00025
0.00026214835866849976,0.000284
0.000482255026249875,0.000316
0.00026562153496399125,0.00035
0.00032009662203187373,0.0004
0.0003364331797430238,0.000434
0.0005314331008303664,0.000484
0.0009750861805185529,0.000566
0.0004694504808047626,0.00065
0.0005314630020477141,0.000734
0.0009482400155174807,0.00075
0.0006731766658655991,0.00075
0.0007199694674785966,0.000716
0.0007371483874525986,0.000684
0.0007243176094091535,0.000532
0.00033815131631502503,0.000434
0.0005886614667452102,0.000366
0.000197882279714946,0.000284
0.00024455366187280353,0.0002
0.0003188234534436212,0.000134
0.0002614331949219243,0.00015
-0.00019070650507829572,0.000166
0.0001618920620953548,0.0002
0.0001618920620953548,0.000234
0.00018669608834937976,0.000216
9.948083494338355e-05,0.000166
0.0002033774568004188,0.000134
0.000186514659360084,0.000116
-0.0001652145338639352,5e-05
9.113127995763836e-05,5e-05
8.655544203211738e-05,1.8e-05
-5.0770809852744345e-05,-0.000134
-0.00028785163521294045,-0.00025
-0.00028863819896400046,-0.000234
-0.00015264608180381707,-0.0002
-0.00020560531916323234,-0.000216
-0.00022546876096330245,-0.000234
-0.00021394732488054757,-0.000266
-0.0003421099384550525,-0.000334
-0.0002636169352377677,-0.000382
-0.0005552956773696935,-0.000418
-0.0003514123334039586,-0.000382
-0.0005545035317950785,-0.000284
-0.0003677370963077381,-8.4e-05
7.413842405609617e-05,0.0001
0.00035492777300408056,0.000284
0.00010796498978564897,0.00035
0.0002664438381648098,0.000284
0.0002521889456120293,0.000416
0.00038731258625357694,0.000384
0.00035366699093594304,0.000316
0.0002161971895393028,0.0002
0.00012004471670457399,8.4e-05
-0.0001294527272255409,-6.8e-05
0.0001294759472416825,-0.000316
-0.00016416236998569614,-0.000334
-0.0003754581586711359,-0.00035
-4.118724926761815e-06,-0.00035
-0.00033785161851908747,-0.000282
-0.00032969399049291066,-0.000284
-0.0005530808965676041,-0.000234
-0.00028852447177453704,-0.0001
-0.00022685774745938178,-8.2e-05
-0.00017713492240268674,-0.0001
-0.0001305150389773455,-0.000118
-0.00010031982915266662,-0.000166
-0.00011727744856028295,-0.000166
0.000563304051008914,-0.000184
-0.00015910993209930163,-0.000184
-0.00027178620028124996,-0.000182
-0.00017919426026683635,-0.000184
-0.0001835561496568202,-0.0002
0.0007232394298939213,-0.0002
-0.00021005346054758377,-0.000234
-0.00020495526354229312,-0.00025
-0.00022154176071665526,-0.000282
-0.00024223434986162017,-0.000284
-0.00026303013370919913,-0.0003
-0.00027945272645337724,-0.000284
-0.00028768743492638425,-0.000266
-0.0005365825251446333,-0.000334
-0.00045896330413692523,-0.000382
-0.000977720904564379,-0.000468
-0.0003643242944359281,-0.00055
-0.00010693780089429532,-0.000682
-0.0005232417696105939,-0.000734
-0.0005442217733592461,-0.000684
-0.0006641921239882718,-0.000582
-0.0006269614397714324,-0.000484
-0.00047919427844626714,-0.000434
-0.00047545816473094617,-0.000416
-0.00048059951731905783,-0.000384
-0.00043039919980143325,-0.00035
-0.0005036558016401061,-0.000366
-0.00037961008865566745,-0.000416
-0.00037961008865566745,-0.000518
-0.000584405340855473,-0.0005
-0.00045153620466491874,-0.000616
-0.000583912799167079,-0.000616
-0.00014049561562630544,-0.000584
-0.0005801775532971163,-0.0006
-0.0006002852935655691,-0.0006
-0.0006002852935655691,-0.000616
-0.000488303893383065,-0.0006
-0.0006041794734786631,-0.000584
-0.0006002852935655691,-0.000616
-0.000604333003212063,-0.000584
-0.0003053472990189912,-0.000534
-0.0005802293478860049,-0.000532
-0.000567378451609252,-0.00055
-0.000634484672840637,-0.000534
-0.00025335377630586594,-0.0005
-0.0005294527021553866,-0.0005
-0.000521541778896086,-0.0005
-0.0005502852905356639,-0.00055
-0.0004884853519579981,-0.00055
-0.0005256220721910353,-0.000666
-0.0005680125309860938,-0.0007
-0.0006181764384461829,-0.000834
-0.0003709788537489156,-0.000834
-0.0008417177026521183,-0.0009
-0.000987962032058433,-0.000982
-0.0008890097520312791,-0.000918
-0.0009098081394149333,-0.00085
-0.0009136723392156471,-0.000782
-0.0008848527727646626,-0.000768
-0.0005991104676354269,-0.000766
-0.0007923528440819948,-0.0008
-0.0007793411597288448,-0.000816
-0.0007880301063519286,-0.0009
-0.0008217240446007756,-0.000934
-0.0008638918616138946,-0.000984
-0.0009100182368866926,-0.001
-0.0009554878899082984,-0.000982
-0.0009434444053949647,-0.00095
-0.0009794526505295003,-0.000918
-0.0009632783010053336,-0.000882
-0.0009339221694377756,-0.000834
-0.0008970706152999972,-0.00085
-0.0008717993529392779,-0.000816
-0.000846103950883411,-0.000768
-0.0008177639873354776,-0.000732
-0.0007926180102864947,-0.000668
-0.0007473399144039921,-0.00065
-0.0007056831794119234,-0.00065
-0.0006758376619572744,-0.000632
-0.0006758615671521459,-0.00055
-0.0004346284469178927,-0.000434
-0.0003721042519411466,-0.000316
-0.0002672837593907257,-0.000218
-0.00038259133469926727,-0.000116
-0.0002739193050008615,1.6e-05
-0.00016155248286044827,0.000168
-4.109005898228439e-05,0.000232
0.0002915306044918417,0.0003
0.0004119698480232458,0.0004
0.0003912822292653334,0.000384
0.00022054726439815786,0.00025
0.0003319773460929959,0.000166
0.0002975982439337117,3.4e-05
-9.233406062922058e-06,-0.000134
-0.0002176529259420184,-0.000266
-5.406377017006599e-05,-0.000284
-0.0005511918339075192,-0.000416
-0.0003483765708928463,-0.000566
-0.0003859879630893984,-0.00065
-0.0004824806904758847,-0.000718
-0.0005902951311701507,-0.000766
-0.0006768660587069488,-0.000766
-0.0007261796355058955,-0.000768
-0.0007550255528977616,-0.000732
-0.000602035382625765,-0.0007
-0.0007421939070089582,-0.0006
-0.00070155168324083,-0.000518
-0.00035115833084656874,-0.0004
-0.00039738371938525407,-0.000316
-0.0005572292368281531,-0.000316
-0.00032561405222560796,-0.000368
-0.00035089000884076565,-0.000416
-0.00035503318147668084,-0.000484
-0.00039753582900806746,-0.0005
-0.00044331774856862314,-0.0005
-0.0004758615550325255,-0.000516
-0.0005002852875057587,-0.000516
-0.0005082050470087082,-0.000584
-0.00026866148362090424,-0.000634
-0.0006129582026488225,-0.00075
-0.0006231193305798407,-0.00085
-0.0007070632902168375,-0.000916
-0.0007901417318989203,-0.000884
-0.0004534506320779779,-0.000832
-0.0005696265261150899,-0.000784
-0.0008552487530047395,-0.000766
-0.0008176376763883177,-0.000718
-0.000776013051674509,-0.00065
-0.0007307867898284111,-0.0005
-0.0006609890645605746,-0.000282
-0.0005416480201589197,-5e-05
-0.00037611965407179917,0.000132
0.0002784392756033026,0.000284
0.000520220065429965,0.0004
0.0005577949686739491,0.000534
0.0003338299986955452,0.00065
0.00046358278109920727,0.000782
0.0005879997741069655,0.0008
0.0006228339822616847,0.00085
0.0007686669529681296,0.000834
0.0008158313501845768,0.000734
0.0008033946528288665,0.000632
0.0007603301937704809,0.00055
0.0006848517105767864,0.000418
0.0005806315303292633,0.000416
0.0005017254918926664,0.000384
0.0004404172666055526,0.000366
0.00039545313350520026,0.000334
0.0003742622433344629,0.000316
0.000349339105305001,0.0003
0.0003283899297903292,0.000334
0.00032064464665192946,0.000316
0.0003161971955991131,0.00035
0.00032453123291813777,0.000366
0.0002781944643172082,0.00035
0.0003450447303391471,0.000368
0.00035828223199929794,0.00035
0.00035828223199929794,0.000332
0.0003496801488070842,0.000268
0.00043927845625778305,0.000266
0.0003030675040009822,0.000184
0.00026119660844297634,0.0002
0.00022855804904494596,0.000216
0.0001948961224555681,0.0002
0.00034957456752973464,0.000266
0.00024305248664039611,0.000384
0.00026471211192344676,0.000484
0.0007676544141200037,0.00055
0.0007221588046326793,0.00055
0.0004903149033306858,0.000516
0.0003449391687855556,0.000416
0.00029582056133587115,0.0003
0.00017865877524788677,0.0002
0.00035504856129895985,0.000184
0.0001576236435952196,0.000184
0.00021694247146456555,0.000232
0.00021621389556245152,0.000218
0.0001952998875085521,0.0002
0.0004098056783845561,0.000232
0.00018271362489482914,0.000168
0.00017045823818586577,0.000132
0.00021231257564890895,0.000184
0.00027064466334578244,0.00025
0.000270547267428063,0.0003
-0.00025123534606231426,0.000334
0.00026559881319460836,0.000416
0.0004644288514285904,0.000566
0.0004014555464788852,0.000784
0.0009578981876158043,0.000966
0.0006778093821786705,0.000818
0.0007799537552239929,0.0006
0.0003868751132979233,0.000416
0.00027038993100934124,0.0003
0.0002370501525617438,0.000234
0.00029506220255895834,0.000216
0.0002417949589923525,0.00025
0.000232991160925591,0.000266
0.00023731257716386154,0.00025
0.00024179493926859434,0.00025
0.00021621389556245152,0.000218
0.00025415538457531647,0.000216
0.00023714833742978904,0.00025
0.00026694249421822883,0.00025
0.00023714833742978904,0.000234
0.00023731257716386154,0.000266
0.00025779495049451826,0.000284
0.00029948085692488313,0.000282
0.0002575305929641023,0.000268
0.00027431764131128164,0.000232
0.000157530586904292,0.000218
0.00017080574121874147,0.00015
3.3197200133656616e-05,5e-05
-0.00013330305136239986,-0.000118
-0.00015820504552313045,-0.00015
-0.0001298445791286054,-0.000166
-0.00013378608619936814,-0.000166
-6.268742129181113e-05,-8.4e-05
0.0002033946756412793,-3.4e-05
-0.00011389805873477042,3.4e-05
3.714834934849875e-05,6.6e-05
0.000140882028924927,8.4e-05
0.0001036369512955813,0.000116
0.0005239623724053435,0.0001
2.3971843410410947e-05,0.000134
0.0001411448677259658,0.000184
0.0002989287889344077,0.00025
0.00024128223989937613,0.00025
0.0002788961172894545,0.00025
0.0002724455213594433,0.00025
0.0003288790592685643,0.000316
0.0002951554170399511,0.000334
0.00028655544428985883,0.00035
0.0003029817451005682,0.000316
0.00027021379784910736,0.0003
0.000270547267428063,0.000266
0.00021996523601906036,0.00025
0.0002619698586572885,0.0003
0.000412613237013932,0.000284
0.00018677407608908467,0.000284
0.00023696985714233596,0.000232
0.00024128223989937613,0.000234
0.0003421655350201889,0.000216
0.00024086533882346762,0.000168
0.00039306462584137063,0.000166
0.0001743858991784108,0.00015
0.0001701699853224573,0.00015
0.00015828223960343555,0.000116
0.00016608722655773992,0.000168
0.00021621389556245152,0.0002
0.00022477087051978788,0.000216
0.00025363692586871997,0.000234
0.00026231255895505597,0.000266
0.00014103669277442014,0.000234
0.0001082822316425909,0.000166
-0.00015240176361167637,8.4e-05
1.3458209391990054e-05,-5e-05
0.00010587599232018899,-0.000234
-1.2252174090922756e-05,-0.000366
-0.00014576231269742787,-0.000368
-0.00024617943679448623,-0.000232
-0.0003016622698372655,-8.4e-05
0.000330786346681175,6.6e-05
-0.00015852109902364414,0.0002
-0.00023450188716601456,0.0004
0.00014108617968360568,0.000534
0.0002955380185004456,0.000584
0.00045155412885199847,0.0005
0.0003495745872534928,0.000366
0.0004939962638933965,0.000416
0.0004644404489983796,0.0005
0.0004440783905924067,0.0006
0.0004682979032738079,0.000684
0.0006258800011270324,0.00085
0.0009825752914861669,0.00095
0.000767602185608436,0.001066
0.0008840241138046475,0.001084
0.000985154054521062,0.001084
0.001044612664664381,0.001016
0.0010618078370150943,0.000834
0.0010019635090574939,0.000666
0.0008959552517915879,0.0005
0.0007492414180463923,0.000334
0.0005788811651364534,0.00015
0.0004077465574817461,-1.8e-05
0.00023668064767665747,-0.0002
-3.761276188841542e-06,-0.00035
-0.0003392854962887045,-0.0005
-0.0005929430062535856,-0.000632
-0.00042451082959734206,-0.0007
-0.0005381248835840473,-0.000568
-0.0003752065624122397,-0.000382
-0.0002505191566803152,-0.000168
-0.0004594670094724294,6.8e-05
-0.00026839109062049596,0.00025
0.00013966231172124713,0.00045
0.00014434758198789548,0.00055
0.0005204582100858064,0.000466
0.00034113130003810357,0.000334
0.00044809020299907697,0.000116
0.00036243706137627674,0.0
0.00022448848547442751,1.6e-05
-0.00022679682077047218,-3.2e-05
2.3627619452326825e-05,-3.4e-05
-2.5468743912742358e-05,-6.6e-05
-2.9727734456484317e-05,-0.0001
-5.868999736670761e-05,-0.000118
-8.030082607210779e-05,-0.0001
-0.00014648783141702943,-0.0001
-9.68439211166721e-05,-0.000116
-0.00010871776158620168,-0.000116
-8.005396351516636e-05,-0.0001
-0.0002461732238106706,-0.000134
-0.00011680279632052624,-0.000234
-0.0010060780672294148,-0.000332
-0.00020225058403540092,-0.0004
-0.0002774935852806036,-0.00045
-0.0003560080084992338,-0.000568
-0.0004396380448015965,-0.00075
-0.0005453401498935775,-0.001016
-0.0007012924341637736,-0.0012
-0.0009353135622323486,-0.001184
-0.0010419872990980632,-0.001166
-0.0011433218935289892,-0.001116
-0.0011672837350339856,-0.001068
-0.0006480732376720087,-0.001116
-0.0011681322511093786,-0.001166
-0.0011173607730033943,-0.001218
-0.0012391355713700632,-0.001266
-0.0011928928259242104,-0.00135
-0.0007135215586887671,-0.001266
-0.0012761797082823684,-0.001218
-0.0012761796293873358,-0.001182
-0.0012555611226779631,-0.001268
-0.001234390271845501,-0.001282
-0.0012384909200588558,-0.001068
-0.0012021154185476624,-0.000782
-0.0006421099566344833,-0.000584
-0.0009356137578313137,-0.000384
-0.000710765439620633,-0.000182
-0.0004885447204700142,8.2e-05
-0.00027311427981217785,0.00035
-4.035062022037207e-05,0.000568
0.0001975119069845013,0.0006
0.000603394640709246,0.000466
0.00033297098958081907,0.00035
9.895318003455196e-05,0.000234
-5.920094132145094e-05,0.0
0.00025822672328406796,-0.000218
8.607736278938298e-05,-0.000382
-9.724503332418561e-05,-0.000618
-0.001069168689092566,-0.000816
-0.0009589632949884603,-0.001016
-0.0007138272769400128,-0.001118
-0.0008967585065511125,-0.001016
-0.00099421683024134,-0.000816
-0.0004630301458288197,-0.000534
-0.000876525559865956,-0.000334
-0.00025417945226932723,-0.000266
-0.0002379498367748387,-0.000216
-0.000292193879739812,-0.00025
-0.00020005189781995767,-0.000184
-8.768741294488463e-05,-0.0001
-2.9355349902708834e-05,-3.4e-05
7.828852959299929e-05,0.0
-8.124224104836328e-05,3.4e-05
3.3087223848261653e-05,1.6e-05
2.8458242413705324e-05,6.8e-05
0.00010429989146152867,0.000116
0.00012436135979337345,0.000116
0.00012678638599540837,0.000134
0.00017453125341405958,0.000184
0.00013680787958063987,0.000216
0.0003151000615523037,0.000216
0.00026231257867881413,0.00025
0.00022479345422286376,0.000268
0.0002664438381648098,0.000266
0.000249480853894978,0.00025
0.00022838992373051895,0.00025
0.00023731257716386154,0.000234
0.00024566696940129173,0.00025
0.00018298038872373876,0.000232
0.00011568949394484313,0.00025
0.0001492228314929954,0.00025
0.00021621389556245152,0.000234
0.00027805407060673294,0.000234
0.00019104743539063515,0.000216
0.0002722936089742114,0.000234
0.00020828222290958254,0.000232
0.00035641729149542436,0.000234
0.00046035881448787646,0.000266
0.00022479345422286376,0.000234
0.00022826554571165727,0.000216
7.355729803893381e-05,0.0002
0.00019113128108650909,0.000218
0.00019900992641560554,0.0002
0.00020828222290958254,0.0002
0.00020415540126916948,0.0002
0.0002042998777975808,0.000232
0.00024951134682507,0.00025
0.0003072485857000518,0.00025
0.00022479345422286376,0.000234
0.00024128223989937613,0.000234
0.00024179493926859434,0.000232
0.0005307073059781509,0.000218
0.00022932619080589863,0.000232
0.00024104742855866123,0.000218
0.00018285476810811396,0.000216
0.00021231257564890895,0.0002
0.0002708329660647917,0.000234
0.00026694249421822883,0.000216
0.00026619719256920795,0.000216
0.00015828222974155647,0.0002
0.0002161971895393028,0.000218
0.00021231257564890895,0.00025
0.00028344384392867947,0.00025
0.00024971471849530194,0.000266
0.0002042998777975808,0.000266
0.00025779495049451826,0.000268
0.00017891308352352788,0.00025
0.0002747934769765271,0.000266
0.0003206587885865193,0.000266
0.0002767027762124685,0.00025
0.000232991160925591,0.00025
0.00020363694256257295,0.000218
0.00024487117493141996,0.0002
0.00022038992797943609,0.000216
0.000258036684874342,0.00025
0.00027080574727855175,0.000266
0.00028714834045969416,0.00025
0.00026669693342932496,0.00025
0.000253820573780807,0.000268
0.0002410474482824194,0.000266
0.00032864466212677046,0.0003
0.0002829911639554961,0.000266
0.00026231255895505597,0.000268
0.00035345314595013614,0.00025
0.00011533272074563932,0.00025
0.0002542999005512441,0.000282
0.0002621626386693967,0.000268
0.0002334438408987743,0.00025
0.00022477087051978788,0.00025
0.0002417949589923525,0.000266
0.0002573819547227224,0.00025
0.0003568122400285176,0.00025
0.00028714834045969416,0.00025
0.000253820573780807,0.000266
0.00034470532390898985,0.000284
0.0003826215665114294,0.000266
0.00026996521932520735,0.000268
0.00018266754033392362,0.000266
0.00022880572027597133,0.00025
0.00019428852222403575,0.000234
0.00022080572452488846,0.000232
0.00039385653473088787,0.000218
0.00015312453601982177,0.000232
0.0001541554081011434,0.0002
0.0002246377943235843,0.000218
0.00028705015559164895,0.00025
7.3216451774432e-05,0.00025
0.00019948085086507288,0.000232
0.00023716263715444408,0.00025
0.00044339381839471396,0.000218
0.00026214835866849976,0.000216
0.00018687510117830277,0.000216
0.00024101464767262444,0.000234
0.0001950622162229062,0.000266
0.00025779495049451826,0.000268
0.00022838992373051895,0.000266
0.0002582822259394877,0.00025
0.0003496801685308424,0.000284
5.370533300063426e-05,0.00025
0.0002368378460290722,0.000232
0.00021216261591573338,0.000234
0.00024115608674228143,0.000216
0.00024971471849530194,0.000234
0.0002793261938358038,0.000266
0.00016559880713479805,0.00025
0.00022880572027597133,0.000234
0.00023731257716386154,0.00025
0.00019582055527606084,0.000234
0.00024582053858220786,0.000232
0.0002036669818462276,0.000218
0.000469531939925901,0.000432
0.0004860223823980975,0.000484
0.0003385725566177254,0.000366
0.00037252422521425165,0.00035
0.00040667062647494243,0.000284
0.00019563694681149009,0.0002
0.00029837739155170925,0.000134
-3.0258816368293574e-05,6.6e-05
-0.00010945104160463326,-6.6e-05
-0.0001794527401173251,-0.000218
-2.4336945360993327e-05,-0.000282
-0.0001283560566870479,-0.000334
-0.00022749431202974987,-0.000416
-0.0005799459569289791,-0.00055
-0.00039800951478367506,-0.000518
-0.0004566175575807537,-0.000482
-0.0004927355457056074,-0.000568
-0.000937018247201295,-0.000682
-0.0005643715252325475,-0.000768
-0.0005396917389310772,-0.00075
-0.0009493690278665262,-0.000716
-0.000729818353303497,-0.0007
-0.0007341687042949661,-0.000616
-0.0006967240961972872,-0.000518
-0.0006394534819924971,-0.000366
0.00022507514893668905,-0.000234
-0.0002020006840197052,-5e-05
-0.00029626772336584787,0.0001
0.0004067666022820755,0.000268
1.6405565088157422e-05,0.000432
0.0001830240669861506,0.000518
0.00046935722687625357,0.0006
0.0004514503424366401,0.000566
0.00043731258928348207,0.000466
-7.601237956265126e-06,0.000484
0.0005276182498725311,0.000566
0.0005193596756521687,0.000618
0.0005319704943447821,0.000682
0.00045828785933017954,0.000784
0.0011222772503158222,0.000966
0.0007592374186742215,0.0012
0.0009031174217441922,0.001434
0.001089934941765128,0.00155
0.0012819361021116382,0.001566
0.0014338725503285025,0.001668
0.0017112584908444933,0.0018
0.0016435255274742963,0.001866
0.001722117603128743,0.001916
0.0018101930194893167,0.00195
0.0018815988622062222,0.001718
0.0018603022526918283,0.001482
0.0017618721788853185,0.001518
0.0010615866153437412,0.001316
0.0015049550812018969,0.001066
0.001341074950687912,0.000834
0.0006288057445152125,0.000634
0.0005119416096613926,0.000466
0.0003288329648457797,0.000334
0.00024545314413924304,0.000266
0.0005937970205484272,0.0002
0.0005554794783627718,0.0002
0.0002688766256656747,0.00025
0.00015616222159735318,0.000216
0.00024537744435548293,0.0002
0.00024103667911047226,0.00025
0.00022453124658208562,0.000234
0.0002326969416253437,0.000234
0.00021671363642256856,0.00025
-9.503634716336288e-05,0.000266
0.00025366696515237463,0.000284
0.00027064466334578244,0.000266
0.00025366696515237463,0.00025
0.00030337746286022906,0.00025
0.0003933432436489253,0.00025
0.0002282137905702851,0.00025
0.00026619719256920795,0.000266
0.00026619719256920795,0.000268
0.0002542998808274859,0.000266
0.00029537744738538806,0.000234
0.00026231257867881413,0.000266
0.0002621483192209835,0.000266
0.0003061849425945724,0.000268
0.0002286446560669602,0.00025
0.00026231259840257224,0.000266
0.00025366696515237463,0.000266
0.00014906681656606932,0.00025
0.00037910931745105284,0.000268
0.0003570569724195794,0.00025
0.0003329803978134542,0.0003
0.00036657530307265574,0.0003
0.00026214835866849976,0.000282
0.0002499481097254304,0.00025
0.0001747708872136409,0.000268
0.00027904473580707623,0.000316
0.0003246378003833946,0.000284
0.00022857451838299695,0.00025
0.0002788961172894545,0.000216
0.00024114488364765512,0.000234
0.0002038205510271437,0.0002
0.00035995498420380776,0.000216
0.0001743858991784108,0.000234
0.00022064464059211916,0.000266
0.00021621389556245152,0.00025
0.0003535121791582638,0.000266
0.00028714834045969416,0.000284
0.00024971471849530194,0.000266
0.0008508978253152104,0.0003
0.00025415538457531647,0.00025
0.00044339381839471396,0.000234
0.00026231259840257224,0.000234
0.00023321390132632121,0.000232
0.00024971471849530194,0.00025
0.0005687910427347567,0.00025
0.0003621483450045519,0.000284
0.00020813127698849973,0.000266
0.00026214835866849976,0.000268
0.0002491099880705797,0.000282
0.00030654774140188954,0.000284
0.0002747934769765271,0.000284
0.0001401849420026913,0.000266
0.00023731257716386154,0.00025
0.0002664438381648098,0.000284
0.00027064466334578244,0.0003
0.00029951134985497515,0.000282
0.0002785472631791459,0.000268
0.0007076787259331585,0.00025
0.0001913532325369135,0.00025
0.0001663470870712988,0.000266
0.0002621626386693967,0.000266
0.00023249098614279477,0.000268
0.00028257250746511277,0.00025
0.0002793261938358038,0.000266
0.000258036684874342,0.000266
0.0002664438381648098,0.000268
0.00026694249421822883,0.000266
0.00027477089327345117,0.000266
0.0002746377776297313,0.000268
0.0003355791607391083,0.000266
0.0002664438381648098,0.000266
0.00027839803322502165,0.000284
0.00030789816795079555,0.0003
0.00028714834045969416,0.0003
0.00022064464059211916,0.00025
0.0002829911836792543,0.000266
0.00027032620354677507,0.000268
0.00032453125264189593,0.000266
0.00026189204843140695,0.000234
0.0002581448696877667,0.00025
0.0002444731100445398,0.00025
0.0002906822264827556,0.000282
0.000253820573780807,0.00025
0.0003334438469585846,0.0003
0.00026619719256920795,0.000268
0.00017904472974726595,0.0002
0.00020828222290958254,0.0002
0.00022737752294869998,0.000182
-1.9181948863184932e-05,0.000184
0.00011142343243380622,0.0002
0.00017083296000498143,0.000184
0.0002704673862075762,0.0002
0.00019179496582432643,0.000232
0.0005287396638656169,0.000234
0.00022838992373051895,0.000234
0.00022477087051978788,0.0002
0.0002246377943235843,0.000216
0.00022064466031587732,0.000216
0.0002689147911376851,0.000218
0.00021231257564890895,0.000232
0.00014054316489811876,0.000234
0.0002331971953031725,0.000234
0.00020828222290958254,0.000232
0.00037848932083752644,0.000218
0.0002499481097254304,0.00025
0.0002527217632145553,0.000266
0.0005110770384468696,0.000266
0.0002747934769765271,0.000284
0.0002911312772844403,0.000284
0.00025353059508856086,0.000266
0.00024103669883423042,0.00025
0.00027064466334578244,0.00025
0.00021216261591573338,0.000216
0.00020814486665786156,0.0002
0.0004767199874491914,0.0002
0.0004387687943473192,0.000218
0.0002479754972258439,0.000232
0.000278458249858638,0.000268
0.00022887905320875403,0.00025
0.0003274792641530216,0.000216
0.0002246377943235843,0.000234
0.00022080572452488846,0.000266
0.0002991099911004848,0.00025
0.000270547267428063,0.00025
0.0002665752772890873,0.000266
0.00022865877827779192,0.000268
0.00022883295878596942,0.00025
0.0003404172999932586,0.000232
0.0005416328873273486,0.000234
0.00021231257564890895,0.0002
0.00022854726014924072,0.000166
4.074500561548885e-05,0.00015
0.00018669608834937976,0.000168
0.0001748188356696911,0.000182
0.00010429989146152867,0.00015
8.308722133085981e-05,8.4e-05
-0.00015890030799773776,-5e-05
-0.00023400883265990865,-0.000184
-0.000820498094689522,-0.0004
-0.00014193215610327207,-0.000716
-0.0008744594567527627,-0.000934
-0.0005656348713892438,-0.001116
-0.0007981139171510189,-0.001168
-0.0008505268853048533,-0.00105
-0.0003101066024118364,-0.000816
-0.0005507708105661585,-0.0006
-0.00045885513904725866,-0.000434
-0.0007307383482784072,-0.00025
-0.0001339990830635748,-0.000132
-0.00035841884345728345,-6.8e-05
-0.00022445265211495225,-6.6e-05
-0.0004442217672994359,-0.000134
-0.00010082027020619779,-0.0003
-0.0001443620047641734,-0.00055
-0.00026712561429792,-0.0008
-0.00045225825200308683,-0.001116
-0.0006989930384392425,-0.001266
-0.0009398891585418323,-0.001268
-0.0011172278348734977,-0.001266
-0.0012306186159180027,-0.001066
-0.0012186552887577698,-0.000868
-0.0011211048156694896,-0.00085
-0.0010166937883381564,-0.000932
-0.0009311024609733824,-0.000834
-0.00073945356694734,-0.000566
-0.0007989126504608543,-0.000368
-0.00014674485170941545,-0.0001
-5.461459556377827e-05,0.0
-2.934122769187709e-05,-1.6e-05
0.00022015541249509335,0.0002
0.0004997146941973113,0.000566
0.0006279742303193403,0.000584
0.00032721739181613193,0.000634
0.0004917174597723687,0.000866
0.0006595215136267303,0.00105
0.0007788612168128313,0.00115
0.0012327225642140022,0.001166
0.001055038169849573,0.0011
0.0011153714892191014,0.00105
0.001115371568114134,0.001018
0.0010821134460252564,0.000916
0.0010193305147891657,0.000866
0.0009606515453577981,0.00085
0.0009108727245517297,0.000818
0.0008616208436682602,0.00075
0.0006283898887984857,0.000716
0.0007821815931539744,0.000684
6.761713670981891e-06,0.0006
0.0005319874567767867,0.000532
0.0006312120824564051,0.000468
0.00034526177057377344,0.000416
0.0005022884868451541,0.000384
5.187216007472277e-05,0.00035
0.0004034211373205721,0.000332
0.0005598368904596568,0.000268
0.0002849409955144253,0.000216
0.00014064136948992216,0.0002
0.00034470435744484075,0.000216
0.00025731000245300987,0.000218
0.00020814486665786156,0.000182
0.00021982679496064137,0.0002
0.0001997147154653968,0.000218
0.0004347443192879199,0.000216
0.00018714834426176297,0.0002
0.00017083296000498143,0.00015
0.00024515608461782285,0.000134
0.00017415644283803227,0.0001
0.00014922918254311804,5e-05
8.282237910129453e-06,0.0
6.231258628295171e-05,3.4e-05
-0.0001282790058258549,5e-05
3.2991159900584415e-05,5e-05
7.904472861839522e-05,8.2e-05
5.356456946969372e-05,0.000134
0.0005659191057587959,0.0002
0.0001614707231738637,0.0002
0.0002648384623181229,0.000216
0.0001997147154653968,0.000234
0.00024758471040571924,0.0002
0.00015345315355427374,0.000234
0.00021694247146456555,0.000216
0.0003195121676305244,0.000234
0.00023731257716386154,0.00025
0.0002038205510271437,0.000216
8.35459811524913e-05,0.00025
0.0002042998777975808,0.000216
0.00024057983742432036,0.000268
0.00022915540278412204,0.000232
0.0002038205510271437,0.000234
0.00022083294331112842,0.000216
0.0002161971895393028,0.000218
0.00020363694256257295,0.000216
0.0002334438408987743,0.000234
0.00022367456487082057,0.000232
0.0002492820581366357,0.000268
0.0002825725271888709,0.000266
0.00024556458337276165,0.00025
0.0003120501571066015,0.000284
0.00026669693342932496,0.000316
0.00019515539125638265,0.0003
0.0002868920499463595,0.000266
0.00022463777459982617,0.000268
0.00028696987989599925,0.000266
0.0002621626386693967,0.000234
0.00019152023359712627,0.0002
0.00017929989600638636,0.000182
0.00021231257564890895,0.0002
0.0005914679602916463,0.000268
0.00025415538457531647,0.000266
0.00025731000245300987,0.000284
0.00027080572755479364,0.0003
0.0002791554058140272,0.000382
0.00030689823258412416,0.000518
0.0003687019975708701,0.00065
0.00045919325872406246,0.000732
0.0005672032802040933,0.000818
0.0006767582242120968,0.000932
0.0007804073227662927,0.00105
0.0008800313939958615,0.001184
0.001391036807969565,0.001284
0.0011091959016489045,0.00135
0.001214195485923281,0.0012
0.0012528389829360388,0.000982
0.0012005589529121008,0.000718
0.0010565965834281172,0.000482
0.0001437577528624517,0.000268
0.00017880573696982434,0.0002
0.00032806502032240847,0.000166
0.0002326215376979558,0.000216
0.0002571470842107331,0.0002
0.00028048435319031343,0.000184
0.0002036669818462276,0.000184
0.00019566698609514474,0.000182
0.0004866632861952575,0.000168
-0.00014052007308640508,0.000166
0.00022054726439815786,0.000166
0.00017032619748696482,0.000184
0.00024086533882346762,0.000184
0.00014045472356659708,0.000166
0.00018714834426176297,0.000184
0.00018731258399583547,0.000182
0.0001748188356696911,0.000168
0.0003201652409864598,0.0002
0.0002042998777975808,0.000182
-0.00015606420909032616,0.0002
0.00018716262426265987,0.000184
0.00010786534042856146,0.000166
0.00014515540795023566,0.000168
0.00015828223960343555,0.000166
0.00032179385142024134,0.000166
0.0001664438321049995,0.000168
0.00026608721289379203,0.0002
0.00023308723535151474,0.0002
0.00018714834426176297,0.0002
0.00021231257564890895,0.0002
0.00019153059843203142,0.000216
0.00024128223989937613,0.00025
0.00024959988677538243,0.000284
0.00023669609137928492,0.000282
0.0002873125999175248,0.000284
0.0002747934769765271,0.000284
7.801699754555814e-05,0.00025
0.0002746377776297313,0.0003
0.0003452551631147949,0.000316
0.0002868920499463595,0.000316
0.0003201699944121727,0.000334
0.0003856656524484788,0.0003
0.0003036669879060379,0.000284
0.0003080366879042471,0.000332
0.0003080366879042471,0.00035
0.0003661971986290182,0.00035
0.0003576236557148401,0.00035
0.00031994605086219563,0.000318
0.000274770873549693,0.0003
0.0002747934769765271,0.000232
0.0003120501571066015,0.00025
0.00023731257716386154,0.000218
0.00026953192780628047,0.000166
9.128223574060026e-05,0.000166
0.00022479345422286376,0.000218
0.00042380737705403063,0.00025
0.00027025145050340595,0.0003
0.0002495745614699244,0.0003
0.0002743859052382211,0.0003
0.0002869606689009456,0.000332
0.00036583136236294683,0.00035
0.00041205016316641177,0.000384
0.00036621388492840876,0.000366
0.0003575202440508865,0.000384
0.00039162360807130513,0.0004
0.00037887906229846943,0.000366
0.00037015544130856694,0.000384
0.0006837059180186336,0.000366
0.0005611914392740151,0.000418
0.00040779495958423364,0.00045
0.0004746377897493519,0.000482
0.0004535645715197069,0.000484
0.0003775731128241801,0.00045
0.0004660872250134126,0.000434
0.0002900384232931483,0.000416
0.0003663470597434031,0.0004
0.00021896847617745028,0.00035
0.00039922285650440014,0.00035
0.0004204673558497753,0.00035
0.0003619606537220451,0.000366
0.0003538205798406173,0.000368
0.00035828223199929794,0.0004
0.0003705472734878733,0.000382
0.0003786587873675073,0.000334
0.00037039804353374906,0.000334
0.00043758012233895935,0.000282
0.0005192885517802982,0.000284
0.00030786534761724244,0.0003
0.0003716613896904454,0.0003
0.00027856329859451766,0.000316
0.0003868751132979233,0.00035
0.00039545313350520026,0.0004
0.0003405489758026339,0.000418
0.0005491218010573812,0.000382
0.00029971472152520706,0.00035
0.00030390432388779535,0.00035
0.0003868751132979233,0.00035
0.00035765253129676426,0.000368
0.0002061367908411305,0.00035
0.00035429986716353806,0.000366
0.00035828223199929794,0.000366
0.00036231260446238254,0.000384
0.0004330872474711353,0.000416
0.0003824910346800265,0.000418
0.00031599116122153157,0.0004
0.00040415545283630633,0.000432
0.0006573696121656067,0.00045
0.0003819863037090988,0.000434
0.00042431759122972263,0.0004
0.00015554245180704544,0.000366
0.0003286587843376022,0.000334
0.0003825725332486812,0.000316
0.0003532040743322825,0.000318
0.0002678832780342237,0.0003
0.0001858550475783236,0.000282
0.0003036369486223832,0.000218
0.00013321390512839002,0.0002
-1.3303899115543087e-05,8.2e-05
0.00017845823393694863,8.4e-05
0.00015219342670719696,3.4e-05
8.675319243127803e-05,5e-05
0.00014105699838343032,5e-05
6.999788454189335e-05,5e-05
4.582054495361056e-05,5e-05
4.994810746768894e-05,3.2e-05
9.076564586008796e-05,3.4e-05
1.619719960891017e-05,1.6e-05
6.214835147981876e-05,5e-05
3.269694645582782e-05,5e-05
-8.437844679782843e-05,3.4e-05
1.649100964117596e-05,0.0
5.3453159821812324e-05,0.0
2.045824203986664e-05,0.0
-0.0001906851442482248,1.6e-05
1.955805526544093e-05,1.8e-05
-0.0002530261252355631,0.0
8.282237910129453e-06,-3.4e-05
-8.46284355704358e-05,-1.6e-05
-8.479763729675653e-06,-5e-05
-2.5468743912742358e-05,-3.4e-05
9.667321567565836e-06,-5e-05
-3.7851649649051975e-05,-6.6e-05
0.0003337595059839354,-0.0001
-0.00010946617958900946,-6.8e-05
-7.145272844455288e-05,-5e-05
-3.3999077003764514e-05,-6.6e-05
-0.00010005189176014738,-0.0001
-0.00013355615648879412,-0.0001
-0.00015417944620951696,-0.00015
-0.00020495526354229312,-0.000216
-0.0005068778353231388,-0.000234
0.00011426384098237247,-0.0002
-4.268166764578613e-05,-0.000184
-0.00043733947747490756,-0.000166
-0.00016285164736193578,-0.000184
-0.00018380279525242202,-0.000182
-0.00043918412223165006,-0.000184
-0.00016655614389295047,-0.00015
-2.9671482298255096e-05,-0.000134
-0.00013391277189793278,-0.000116
-0.00014662254468515902,-0.0001
-0.00012546874504161312,-0.000116
0.00012735425271615783,-0.000184
-0.00020077716013070337,-0.00015
-0.00013830389189748734,-0.0002
-0.00020077716013070337,-0.000184
-0.00018768740914281584,-0.0002
-0.00018400882963000352,-0.000266
-0.0003252065593823346,-0.000316
-0.00024281184177634432,-0.00035
-0.00028440120041059,-0.000384
-0.0004674689775993267,-0.0004
-0.00036330390553206046,-0.000334
-0.0003803008146659014,-0.000316
-0.00025454684671229205,-0.000284
-0.0004443456719481021,-0.0003
-0.0003338028043421374,-0.000282
-0.000292205043386922,-0.0003
-0.00016755174003283,-0.000318
-0.00030031983141040814,-0.000332
0.00026117175650771377,-0.000368
-0.0003301209309617149,-0.0004
-0.0003552946790621658,-0.000416
-0.0004213553438742903,-0.0004
-0.0006112995923789026,-0.000384
-0.0002891273087184774,-0.000382
-0.00034196331203700336,-0.000418
-0.00043414205904203975,-0.00045
-0.00040153616218749735,-0.000482
-0.00046285164581760845,-0.0005
-0.0004632782312587661,-0.000518
-0.0004881248805541422,-0.000516
-0.00041957413072374176,-0.000534
0.00018762376572808737,-0.0006
-0.0005428497492951715,-0.000666
-0.0005590278068858692,-0.000684
-0.000588246818886804,-0.0006
-0.0004543329941223476,-0.0005
-0.00026986484982908203,-0.00035
-0.0005365841030452849,-0.000316
-3.162478030767826e-05,-0.0003
-0.0003000518841560098,-0.0003
-0.0004299569142487923,-0.00035
-0.00031700881323209107,-0.00035
-0.00039643544054116414,-0.000384
-0.0003188999666105392,-0.000432
-0.0003430971914452367,-0.000434
-0.0004629498306856537,-0.00045
-0.0006772472006093406,-0.00045
-0.0004417177573079098,-0.000466
-0.0003794527325131875,-0.000384
-0.0004382845216226617,-0.000316
-3.7803564593769533e-06,-0.00025
-0.0002965377810623677,-0.00025
-0.00040051916577003063,-0.00035
-0.00029257257589619385,-0.000418
-0.00034853041620637644,-0.0005
-0.00038177457387448746,-0.000566
-0.0002876985196784617,-0.000566
-0.000516999081815188,-0.00055
-5.044626527434929e-05,-0.000534
-0.0005543330001821578,-0.000534
-0.0005463330438785913,-0.000532
-0.0005376874106283936,-0.00055
-0.0005376874106283936,-0.00055
-0.0004226725753382385,-0.00055
-0.0005457001084797218,-0.000518
-0.0005352792581014516,-0.000466
-0.0004926086035981869,-0.000434
-0.0002304878065271577,-0.000332
-0.00017919426026683635,-0.000184
-0.000356725992743224,-5e-05
-0.00025361355792439226,0.0001
0.0001615606635110044,0.000234
0.0002868453243633143,0.000282
0.000336555447319764,0.0003
-0.0003015028624239385,0.0003
0.0002366832117652163,0.00025
0.0002824910286202162,0.000268
0.0003164438411947149,0.0003
0.0002789652293379942,0.000332
0.0002867217352947784,0.000318
0.00034055933077565994,0.00035
0.0003453774504152932,0.000366
0.00034104745434222967,0.000366
0.0003495113528848803,0.000368
0.00036231260446238254,0.0004
0.00034114486998370724,0.000366
0.0003573100085128201,0.000334
0.0004329189249191268,0.000332
0.0005447705822205538,0.000334
3.556576861892039e-05,0.000366
0.0003411448897074654,0.000384
0.00035345314595013614,0.000416
0.00037426220388694665,0.000434
0.0004408213275149088,0.000434
0.0004164910067602496,0.000432
0.0004614606230653662,0.000434
0.0006196182207337422,0.00045
0.0002849011732467308,0.000334
0.0004113618040071552,0.000282
0.0002870612206199682,0.00035
0.0003747708796095033,0.000368
0.0003832138709685203,0.000366
0.00041608722198350747,0.000384
0.0004246377867194467,0.000432
0.0003783285327611293,0.000418
0.0005123126135520979,0.0005
0.0004324529314091957,0.000582
0.0004813866680737882,0.000618
0.0005275829837929681,0.000582
0.0007444011289026043,0.000534
0.0005782580127216238,0.000466
0.0004329911927689697,0.00045
0.0002897332375833725,0.000434
0.000524531205590242,0.0005
0.000470265545386342,0.000516
0.0005582822638426767,0.00055
0.0009536478755256461,0.000618
0.000544875039243689,0.000632
0.0004832139164758469,0.000484
0.000299480837201125,0.000316
0.0005093427678407059,0.000218
0.00023716261743068594,0.000216
0.0003741564450957737,0.00025
0.00016181503095791995,0.000216
0.00021669693039941983,0.0002
0.0002200447424881424,0.000218
0.00022477087051978788,0.000216
0.00021168321025026373,0.000184
0.00036053766346692405,0.00015
9.971470447464702e-05,0.000116
3.3197200133656616e-05,6.6e-05
3.70612313578751e-05,5e-05
-2.5737800628536312e-05,3.4e-05
9.137744725210517e-05,1.6e-05
4.1036695343754064e-05,3.4e-05
0.0002688889727382734,5e-05
3.3197200133656616e-05,0.000216
0.00022113943078894182,0.000468
0.0007188116828754917,0.000716
0.00035623664159457533,0.0009
0.0005686076117840092,0.00105
0.0007781143175394007,0.001184
0.0009581802373572762,0.001082
0.0010514763747087367,0.000934
0.0008445537179554234,0.000766
0.0008618150043434384,0.000684
0.00036386032776401187,0.000716
0.0007305686206304966,0.000834
0.0009174063377797727,0.001016
0.0008092738317616622,0.00105
0.0011736262400602888,0.000984
0.0009689544585864701,0.0008
0.0009601021992459466,0.000584
0.000850010335093723,0.000382
0.0006818917267444668,0.000218
9.933911974111253e-05,0.0002
0.00027869915584061963,0.000216
0.00013300091812606246,0.000166
0.00019948085086507288,1.8e-05
-0.00024196330597719311,-0.00025
-0.0004299709575645914,-0.000384
-0.0002793553305356578,-0.00035
-0.0002454108611108544,-0.00025
-0.00029882193032185276,-0.000134
-0.00022708066537393526,-5e-05
0.0001152037076436136,1.8e-05
0.00011619719334137161,0.0001
0.00019504474097318983,0.00015
0.00018731258399583547,0.0002
0.00011947605117161965,0.00025
0.00030429988385739104,0.000332
0.0003743024403535622,0.000384
0.0005066822695520582,0.000434
0.0004623125710746765,0.00045
0.0003993391477824224,0.00045
0.0003864755099579079,0.000382
0.0005062892933947794,0.0003
0.00018257529231707997,0.000184
2.880573820426359e-05,1.6e-05
-0.00010107120571919614,-0.000182
-0.00044021208505864534,-0.000318
-0.0002216715035977323,-0.000266
-0.0001668027894885523,-0.000184
-0.00023892724760970867,-0.0001
5.77949605641256e-05,6.8e-05
0.0004904969930658794,0.000282
0.00018467993565368838,0.000434
0.0005136980497717112,0.000366
0.0002840854775048908,0.000218
0.00020828222290958254,0.000182
0.0003629604904699258,0.000184
0.00021231257564890895,0.0002
0.00010353060079166406,0.00015
9.179495976451616e-05,0.0001
0.00022932619080589863,6.6e-05
2.4818840140059432e-05,1.8e-05
8.230385775955883e-05,-0.000118
-0.0001793412219887739,-0.0002
-0.0003179829696468671,-0.0003
-0.00015288805286873858,-0.000332
-0.00023959446290023391,-0.000334
-0.00020484459353534216,-0.000216
-0.0004790222083802112,-0.000218
-0.000276439291236485,-0.000316
-0.0005816371508473543,-0.000384
-0.0005526971905766534,-0.00035
-0.0003185384301237434,-0.000366
-0.0010194802030988011,-0.0004
-0.00040028528144594853,-0.000484
-0.0006960192479762215,-0.000582
-0.0004600707537092444,-0.00065
-0.0005313566365291126,-0.000568
-0.0005724646565695904,-0.00055
-0.00038615060519906115,-0.000516
-0.0009484262322272004,-0.000466
-0.0005259645949749794,-0.000368
-0.0003587177372882111,-0.000382
-0.0005853471108593752,-0.0005
-0.0004303781742752508,-0.000618
-0.0004548445889611097,-0.000466
-0.00039171775427800467,-0.0004
-0.00034636305131886726,-0.0004
-0.0004732085123244566,-0.000416
-0.00042117321469158043,-0.00045
-0.0004170088192919014,-0.000534
-0.00045128421393085966,-0.000566
-0.0009440006153746505,-0.0006
-0.0005388808557862245,-0.000618
-0.000580300826785522,-0.00065
-0.0006092549487145709,-0.000732
-0.001243287816934725,-0.000734
-0.0005876874136582987,-0.000584
-0.0006765511886319238,-0.000432
-0.00027546874426944947,-0.000268
-0.00020005189781995767,-0.000182
-0.00027568239201767485,-0.000284
-0.0002937301040904429,-0.000334
-0.00033179638532109055,-0.00035
-0.00040028528144594853,-0.000382
-0.000446333037818781,-0.00045
-0.0004463008486454886,-0.000468
-0.0004965468858344929,-0.000516
-0.00045519287108243214,-0.00045
-0.00047167143985222545,-0.000384
-0.00029673821389263603,-0.000282
-0.00041014368913695905,-0.000234
-8.942179203171815e-05,-0.000166
-0.0002684688811226194,-0.000118
-0.00020155725448909182,-8.2e-05
0.0002932522124452764,-3.4e-05
-0.0001012005541251103,1.6e-05
-0.000712030521468046,1.8e-05
-2.152208401016424e-05,1.6e-05
1.1433178539663706e-05,5e-05
2.4637798845884714e-05,8.4e-05
4.130999883122359e-05,0.000132
6.943548623308955e-05,0.0002
0.00024128223989937613,0.000234
0.00020404473126221852,0.000266
0.0003036369486223832,0.000318
3.980754648547628e-05,0.0003
0.00022880573999972946,0.000216
0.0002740353943322283,0.000166
0.00019994810669552528,0.000218
0.0002238074043819264,0.000216
-1.4275930295378992e-05,0.000266
0.00033104421509516126,0.000334
0.00020814486665786156,0.000366
0.00029405096547886994,0.000418
0.00040828225475296123,0.00045
-0.00019150431137149828,0.000482
0.0010661962154122667,0.0005
0.0004898461090470981,0.000534
0.0004907450390483095,0.00055
0.0007007103221805697,0.000584
0.0006247934981858631,0.0006
0.0005663470718630237,0.0006
0.0005829911624111689,0.000582
0.000591282241384954,0.000584
0.0006531052173121331,0.000566
0.0006077949717038542,0.0006
0.0005826969628346797,0.000668
0.0006035418588400394,0.000716
0.0007082822729323921,0.000716
0.0006580367091135831,0.000734
0.0008116961459469522,0.000716
0.0007202999587700724,0.0007
0.0007161972592858706,0.0007
0.0007121484451089204,0.00075
0.0008492228048785138,0.0008
0.0007364707580177728,0.000818
0.0007658580531231999,0.000782
0.0012496544638409977,0.000768
0.0007915305756196187,0.000766
0.0007829804053588423,0.000784
0.0007870274838450756,0.0008
0.0006992820065107494,0.0008
0.0007871483510349874,0.0008
0.0010078286446744905,0.000782
0.000795299943591172,0.000818
0.0007996801957999886,0.000816
0.0009531793179271561,0.000866
0.0008197565358454747,0.0009
0.0008491274207841252,0.000934
0.0008779176382829901,0.000984
0.0009199175666667798,0.001
0.0009527577817680836,0.001032
0.0007066513548189076,0.001
0.0010076525509617729,0.001
0.0009866209498618137,0.001
0.0010076525509617729,0.000984
0.0009958204262407197,0.00095
0.000982991068307861,0.000966
0.0009745313117544209,0.000984
0.001122943439970924,0.001016
0.0009783899100078216,0.001
0.000991036704835291,0.001018
0.001004155370852619,0.001016
0.0010123125649561168,0.001016
0.0010123124860610842,0.000984
0.001008144934860102,0.001
0.001003666931705919,0.001016
0.001003666931705919,0.001018
0.001004155370852619,0.000882
0.0006665752818045703,0.00065
0.00044922917113691165,0.0005
0.0007095683408584714,0.0004
0.0006034993344174791,0.00035
0.00026619719256920795,0.0003
0.000257652525236954,0.0003
0.00024971471849530194,0.000268
0.00017080574121874147,0.000182
0.0002613018149689212,0.000134
0.00021935723145048602,0.0001
0.00019869726540149276,8.4e-05
0.00012406781110090308,8.2e-05
0.0002918449420253968,0.0001
5.724857548146568e-05,0.0001
2.8832965619647723e-05,8.4e-05
0.0003914443191097681,-3.4e-05
6.110810075149922e-05,-0.00025
-2.846760327236557e-05,-0.000432
-0.0005926900293316193,-0.00055
-0.0011858998069214565,-0.000584
-0.0006777096043952893,-0.000616
-0.0005472255833821637,-0.000734
-0.0006227188593944669,-0.000784
-0.0014953267558587204,-0.000782
-0.0009387849436658488,-0.000734
-0.0007591099487344051,-0.0007
-0.0007508725972778066,-0.000666
-0.0006336529614071833,-0.000618
-0.000680564500044213,-0.000616
-0.0006508725912179964,-0.000666
-0.0008889671487136862,-0.0007
-0.0006105261843745252,-0.0007
-0.0006713543728359087,-0.000718
-0.0006964694230321204,-0.000716
-0.0007087177190500307,-0.000716
-0.0007601108111177093,-0.000718
-0.0007170574762589174,-0.000716
-0.0008055369929763637,-0.000716
-0.000716556177221907,-0.000768
-0.0007300540127658122,-0.0008
-0.0007508899541849741,-0.00085
-0.0006931215912196396,-0.00085
-0.0008178666297728636,-0.000882
-0.00084622931509018,-0.000868
-0.0008628374295034689,-0.000882
-0.000870829969673973,-0.000834
-0.0008669892016979352,-0.000816
-0.0008506533540420784,-0.000634
-0.0007938333882633827,-0.000416
-0.000679184941504527,-0.000234
-0.0005304485547041219,-0.000166
-0.00011752388705642425,-0.000184
-0.0002083763296687658,-0.0002
-0.00019646941245682724,-0.000166
-0.00017919426026683635,-0.000168
-0.00015051915062050495,-0.00015
-0.00017520653056886102,-0.000166
-0.00016268740762786328,-0.000134
-0.00015484459050543704,-5e-05
6.181502736357945e-05,5e-05
-7.707564644965106e-05,0.000134
0.00017304643903903332,0.000266
0.00030348203822591326,0.000368
-7.273902466092558e-06,0.00045
0.0005472186950814973,0.000466
0.0003227665877244309,0.00045
0.00043254705318306313,0.00045
0.00041205016316641177,0.000466
0.0003318144278507191,0.0005
0.0007100017901674635,0.0005
0.0004784582028069841,0.0005
0.00046601089406939186,0.000518
0.0005113017709471725,0.000566
0.0005203285460997619,0.000616
0.0005488805006002367,0.000618
0.0005784779326249393,0.00065
-0.00015281393098563007,0.000682
0.0006373126014031027,0.00065
0.0007146263013971465,0.000568
0.0006364523299678553,0.000566
0.0006152397831106748,0.000616
0.0005517099131536371,0.000634
0.0005952617857232992,0.000634
0.0007530892865753623,0.000666
0.0006370501570772268,0.000716
0.0007652911134190832,0.000718
0.0005857818769510891,0.00075
0.0007117531809956969,0.000766
0.0007369698479938711,0.000816
0.0007616209165034824,0.000834
0.0007906414286024472,0.000866
0.0008196007970511627,0.0009
0.0008532040849075757,0.000934
0.0008825725241002163,0.000934
0.000907799052977463,0.000966
0.0009329189157706619,0.000966
0.0009495999291940544,0.000968
0.0009581448923826805,0.000982
0.0009703262065179308,0.000984
0.0009747934010526501,0.000984
0.0012126751786454728,0.00095
0.0009746377411533708,0.000916
0.0009577990954548843,0.000884
0.0009325725665776378,0.000882
0.0009073099826705023,0.000868
0.0008870612569788299,0.000832
0.0006403913617069708,0.000818
0.0008493541651077588,0.000816
0.0008329804478362637,0.000834
0.0008247934314104511,0.000882
0.0010196505919363409,0.00095
0.0008692132282335207,0.001018
0.0012188836654442557,0.0011
0.000985495591117099,0.001032
0.0010236782622445597,0.000968
0.0010283298344704174,0.000882
0.0009935043836643144,0.000818
0.0009229774316103452,0.000782
0.0008607472389725067,0.000784
0.0005984738786322267,0.000766
0.0007747933889330296,0.0008
0.0007826970144018166,0.000818
0.0007915202403703508,0.000816
0.0008266790226891023,0.000834
0.0007115041093778433,0.000832
0.001057107192078972,0.0009
0.0008446991215004675,0.00095
0.0008777768895448682,0.000968
0.0009111914604833511,0.000966
0.000945317191245506,0.000966
0.0008061426457086449,0.00095
0.001217729194432519,0.000934
0.0009536669681235303,0.000884
0.0009327361159801751,0.000866
0.0009076414207023689,0.00085
0.0008827162708495762,0.000884
0.0008706446997046441,0.000882
0.0008701553927125858,0.0009
0.0008785472995380076,0.000868
0.0008832139407150881,0.00085
0.0001798053567563654,0.000766
0.000844770521504952,0.000716
0.0007984637921876771,0.000668
0.0006646529254407369,0.00065
0.000611666784875212,0.000516
0.0003208057305846987,0.000334
0.0005386849744350137,0.000216
0.0004248728150215012,0.000184
0.0003092738014626108,0.000166
0.00022337681501786533,0.000134
6.669694842987187e-05,8.2e-05
0.0001288057339399192,0.000118
0.00012424816514537994,0.000166
0.00012424816514537994,0.000234
0.0001485876574475765,0.000232
0.00018629463097609872,0.0002
0.00020730999942310472,0.000134
-9.608648096158781e-06,0.0001
0.0001652051209222261,8.4e-05
0.00012839468095830067,0.0001
0.00010404472520240825,0.000116
9.971470447464702e-05,0.00015
0.00011189205906544968,0.000184
0.00013669609518135372,0.00025
0.00017377083350442063,0.000232
0.0002380528689783136,0.00015
0.0002030211865570477,-3.2e-05
0.00014723151100880843,-0.00015
4.628345046265713e-05,-0.000234
-7.007409692149964e-05,-0.000234
-0.00016455325542461154,-0.000216
-0.00020935863199565566,-0.0002
-0.00022135535147842792,-0.000216
-0.0005744549810039911,-0.000234
-0.0003341420529822295,-0.000234
-0.00022135533175466975,-0.000282
-0.000603222318943408,-0.000384
-0.00028501944160964156,-0.000466
-0.0003437322964575021,-0.000534
-0.0002329991537567137,-0.000566
-0.0004892319750988146,-0.000618
-0.0005473662926727694,-0.000616
-0.0005843784376493635,-0.000616
-0.0009397929066020852,-0.00065
-0.0006253621980135285,-0.000634
-0.0013502993823299452,-0.000684
-0.0006466225947079684,-0.0007
-0.0006676528545923739,-0.000632
-0.0006632468037079037,-0.000584
-0.000651133102615574,-0.000534
-0.0006140198536547292,-0.0005
-3.7767942019485074e-05,-0.000416
-0.0005100182126474515,-0.000284
-0.00021813773591721977,-0.00015
-0.0003407942454442396,1.8e-05
-0.00021198847956414616,0.000166
0.0003741263466408446,0.000334
0.0005152120848944291,0.000432
0.00020071321099772362,0.00045
0.00034270643936355435,0.000368
0.00013610810036541738,0.0002
0.00036005352409949963,6.6e-05
0.00022143864019999977,0.00015
0.00014871962911332395,0.000266
0.00038731254680606067,0.000384
0.0007080367515910046,0.000566
0.00033768690070574547,0.000768
0.0004912896909057225,0.00085
0.0006375042768847547,0.000682
0.00039046953153473144,0.000468
0.00013042585329581938,0.000282
0.00021216261591573338,0.000218
0.00020814486665786156,0.000216
0.0002934506926234884,0.000234
0.00022896522630808905,0.000232
0.0002620380436891954,0.000268
0.00028714834045969416,0.000282
0.00029968016550093726,0.000284
0.0002910366821403774,0.0003
0.0003243176048936705,0.00035
0.000303317147607822,0.000316
0.00031189207118507024,0.000318
2.059854576069542e-05,0.000266
0.0002620274914785879,0.00025
0.00025363692586871997,0.000234
0.00024179493926859434,0.000216
0.00014582054238427663,0.000166
-0.0001165589810842182,0.00015
0.0001623125824808829,0.000134
0.00016205015787876516,0.00015
0.0001623125824808829,0.00015
0.0001496801662731009,0.000166
0.0001948961224555681,0.000218
0.00017030600035862443,0.000232
0.00019064710227156836,0.000218
0.00020787313244189943,0.00015
3.912180873695063e-05,0.00015
-6.389190189232409e-05,0.00015
0.00016626805397241225,0.0002
0.00016196065146430365,0.000216
0.0006115392116075309,0.0002
0.00019088203195483214,0.0002
-8.977945280003847e-05,0.000166
9.451217371970944e-05,0.000168
0.00018308721259785148,0.0001
0.0001575966910797146,6.6e-05
0.0001239153858979594,8.4e-05
0.00010354187291944387,8.2e-05
8.269694239750737e-05,0.00015
9.469916480880206e-05,0.0002
0.000157530586904292,0.000168
1.0747197325998458e-05,0.000132
0.00012405744626599793,8.4e-05
-1.728376396495813e-05,6.6e-05
0.0001707220237272955,3.4e-05
4.948084300809236e-05,1.6e-05
8.223599816966135e-05,3.4e-05
3.249100915611844e-05,3.4e-05
-4.363048049842075e-06,5e-05
5.3530597761758926e-05,6.6e-05
0.00022409391169273904,8.4e-05
0.0003931294381106347,6.6e-05
-7.051129374453922e-05,6.6e-05
0.00020759670397149882,5e-05
3.269694645582782e-05,5e-05
6.644384083800784e-05,6.8e-05
0.0002099052120722928,0.000116
8.716262313378915e-05,8.4e-05
0.00010803669057744518,0.0001
-4.994415409939015e-06,0.0001
9.971470940558655e-05,8.2e-05
-2.970010640226287e-05,3.4e-05
0.0005098522325135883,-1.6e-05
-5.9819793957004936e-05,-8.4e-05
2.4742420204787146e-06,-0.00015
-0.0001309620385081831,-0.00015
-0.00010479591910230936,-0.000184
-0.00024678972931900533,-0.0002
-0.0001715417576867501,-0.000232
-0.00022934122501867902,-0.000234
-0.0003214527337321995,-0.00025
-0.0006715677050040038,-0.000234
-0.00024617943679448623,-0.000266
-0.00027119425085180563,-0.000266
-0.00028785163521294045,-0.00025
-0.0002670088299259441,-0.000268
-0.0001465268844581563,-0.00025
6.371128672991737e-05,-0.000266
-0.00026268741368767353,-0.000266
-0.0002917177679419525,-0.000284
-0.000254700120036836,-0.000266
-9.630083729803166e-05,-0.000268
-0.00023380279828232715,-0.000266
-0.0002500519008498628,-0.000266
0.0002272962018938686,-0.00025
-0.00025820505158294073,-0.000268
-0.00023378609225917842,-0.00025
-0.0002500519008498628,-0.00025
-0.0002587177706759171,-0.000266
-0.0002510421124037688,-0.00025
-0.0002546145780977616,-0.000234
-0.0002670810386045125,-0.00025
-0.00023783737190589656,-0.00025
-0.0003954245190412061,-0.00025
-0.0002211942675456586,-0.00025
-0.00018400882963000352,-0.000266
-0.0004892632964267487,-0.000266
-0.0002168028122422156,-0.000268
-0.00026294983828979127,-0.000266
-0.00023330305742221013,-0.00025
-0.00026655614995276075,-0.000266
-0.00023768741217272096,-0.00025
-0.0002296714993488152,-0.000268
-0.0002291942632967415,-0.00025
-0.0002670575278848038,-0.000266
-0.00020896330871115768,-0.000266
-0.0002417177649120474,-0.000268
-0.00023012883412892074,-0.000266
-0.0002587177706759171,-0.000266
-0.00027157428822374133,-0.000268
-0.00026655614995276075,-0.000266
-0.0002587177706759171,-0.000266
-0.00023330305742221013,-0.00025
-0.00026268741368767353,-0.000268
-0.00022135535147842792,-0.00025
-0.00023380279828232715,-0.00025
-0.000254700120036836,-0.000266
-0.00020846940608345153,-0.00025
-0.00019727990112651699,-0.000234
-0.00027116703206556564,-0.00025
-0.00023783737190589656,-0.000232
-0.0002417177649120474,-0.000218
-0.00025028529207999126,-0.000232
-0.00026268741368767353,-0.00025
-0.00037119427663537404,-0.000384
-0.0004424797649800794,-0.0004
-0.0003183846637052459,-0.000416
-0.0003641355775179978,-0.000434
-0.0004089633011070201,-0.000466
-0.0004296100916855726,-0.000584
-0.00047662316822953216,-0.000616
-0.00047310066281492036,-0.000634
-0.0005766231742893424,-0.00065
-0.0006216101080541102,-0.000684
-0.0006466225158129359,-0.000716
-0.0006717861653492166,-0.0007
-0.0006881079696892743,-0.00075
-0.0007131079120329525,-0.000766
-0.0006588687605599992,-0.00075
-0.0007421180099876167,-0.000784
-0.001171104858146911,-0.000816
-0.0007796100339998759,-0.0009
-0.0008138808527269446,-0.000968
-0.0008687879295457164,-0.001
-0.0009227503961394133,-0.001116
-0.0009141230665367741,-0.001166
-0.0012847087346744134,-0.0012
-0.001122378102600291,-0.001168
-0.00105200065663306,-0.001082
-0.0011550849062015025,-0.001068
-0.0011308866162838653,-0.001182
-0.0011262530321254356,-0.001284
-0.001156157405274389,-0.0014
-0.00140871768257367,-0.001416
-0.0013228514849153888,-0.001434
-0.0013849562344514256,-0.0014
-0.0014325641795410351,-0.001384
-0.0014089632039150576,-0.001366
-0.001363162112861585,-0.001384
-0.0013838027890751127,-0.00145
-0.001396796011990639,-0.00145
-0.0014134444417655762,-0.001266
-0.0013893639421315802,-0.001066
-0.0013119336747269002,-0.000918
-0.001179987807655108,-0.000916
-0.0010450505565280294,-0.001034
-0.0009851734871319088,-0.001182
-0.0005260774937666008,-0.001034
-0.0010438398333580635,-0.000734
-0.0010000392047506783,-0.000582
-0.00014517768078225524,-0.00055
-0.0007297477422493384,-0.000568
-0.0006103192821515853,-0.000566
-0.0005667861471521609,-0.000566
-0.000562687392419588,-0.0006
-0.0005753622344311397,-0.000484
-0.0005550608463052205,-0.000334
-0.0002340810413384771,-0.0002
-0.00015528133368203928,-0.000216
-0.00023330305742221013,-0.000234
-0.0002041794492394221,-0.0002
-0.0002128516503918409,-0.000182
-0.00020847978078023576,-0.0002
-0.0003211942736054689,-0.0003
-0.0004562166524727007,-0.0004
-0.0002726637694523905,-0.000418
-0.0004668028273917413,-0.000416
-0.0003847089168212187,-0.000434
-0.0004173030188683905,-0.000432
-0.00042520656544214484,-0.0005
-0.00022757174750422668,-0.000534
-0.0006503197737247115,-0.00055
-0.0005051249454892862,-0.00055
-0.0005340088508393394,-0.0006
-0.00020619939875855638,-0.000616
-0.0006919525246268759,-0.000634
-0.00048163130655513327,-0.00065
-0.0006254687457550272,-0.00065
-0.0006462946280575353,-0.00065
-0.0009856063841756728,-0.000684
-0.000733652888571961,-0.00075
-0.0006845136697950151,-0.0008
-0.0007224410365970483,-0.000882
-0.0007807936961736669,-0.000918
-8.712158763310316e-05,-0.00095
-0.0008888884114711718,-0.000982
-0.0009339222483328082,-0.001018
-0.0009679222204130313,-0.001
-0.0009798300054703283,-0.001016
-0.0010043630470112006,-0.00085
-0.0009727416023731859,-0.00065
-0.0008826507335103346,-0.000516
-0.0007627253924973956,-0.000518
-0.0005761109088428033,-0.000482
-0.0005762291724966401,-0.000484
-0.0004965468069394604,-0.000516
-0.0005168027909741301,-0.000584
-0.0005175238915719072,-0.0006
-0.0005471840845950269,-0.000534
-0.0005593586137574753,-0.000416
-0.0005352878971075191,-0.000234
-8.768741294488463e-05,-0.0001
-0.00032512719097955957,-5e-05
5.8282238474564825e-05,5e-05
-8.603730361472516e-05,8.4e-05
-3.070086523583681e-05,0.000116
4.8455021441590686e-05,0.00015
6.669694842987187e-05,0.0001
0.00011189205906544968,6.8e-05
3.29803993577815e-05,1.6e-05
-4.326677786209376e-05,0.0
-0.00011406844241950504,-3.4e-05
-0.00010468283293498566,-6.6e-05
-0.00012934121895886877,-0.0001
-0.00018785166860064647,-0.000184
-0.00015461459176170948,-0.00025
-0.0001517850016944857,-0.000266
-0.0004827753634225693,-0.000234
-0.00023426390030023835,-0.0002
-0.00022970011852188344,-0.000232
-0.00026655614995276075,-0.000268
-3.4137720230704465e-05,-0.0004
-0.0002768869810988576,-0.000466
-0.0003438631438690353,-0.000484
-0.00024153315053581124,-0.00045
-0.0004133039085619656,-0.000366
-0.000418142067539874,-0.00025
-6.5738397218467475e-06,-0.000116
2.839045254717262e-06,-1.8e-05
0.0005170917984931532,0.000134
-6.597642699562472e-05,0.00015
0.0001621483427468104,0.000134
3.2452956787533696e-05,1.6e-05
0.00010716492019119927,-6.6e-05
5.630323301186957e-05,-0.000118
-0.0002882782601016144,-0.000232
-0.00010223082463180855,-0.000368
-0.0004344690000570494,-0.0005
-0.0006884803542430498,-0.0006
-0.0004284350290703327,-0.000666
-0.0005362863137448133,-0.000716
-0.0006718184334175417,-0.00075
-0.0006844011654785567,-0.000768
3.122436296813746e-05,-0.000766
-0.0004959963562971529,-0.00075
-0.0003358910769594856,-0.0007
-0.0007466828765726695,-0.000616
-0.0007094497071623038,-0.000418
-0.0002392882318312764,-0.0002
-0.00010005189176014738,-0.0001
-0.0003384483805455192,-0.000132
-0.0002155755802866825,-0.000168
-0.0006930752798355155,-0.000216
-0.000583785935954691,-0.000166
-0.0005587110827775786,-0.0001
0.00018587383445795662,3.2e-05
0.0002312120779409221,0.000118
-3.17487737132561e-05,0.000266
0.0003407990336083948,0.000384
0.00019664623123952216,0.0005
0.000465991170311247,0.0005
0.0006359600249645588,0.0005
0.00046975347717738436,0.0005
0.0005456669481332064,0.00055
0.0001899023035783802,0.0006
0.0005373125953432924,0.00055
0.00036999788792850557,0.000382
0.0003198397989770691,0.00025
0.00021621389556245152,0.000234
0.00021593831521365115,0.0003
0.0005345970283219042,0.000316
0.00021231257564890895,0.000218
4.510516671116524e-05,0.0001
-2.9194261038999995e-05,-3.4e-05
-0.00021702898457686304,-0.0002
-0.0001545468406524818,-0.000184
-0.00017119424479199532,-0.0002
-6.312489424746475e-05,-0.0001
4.1036695343754064e-05,-3.2e-05
-4.724876794644891e-05,0.00015
0.00019957457816377738,0.000216
5.530270839792361e-05,0.000166
0.00038282480011535427,3.4e-05
0.00013984608783776213,-0.000134
-0.0001751811658158867,-0.000166
-5.896329962144225e-05,-6.6e-05
-8.489996268693741e-05,6.6e-05
0.00018714834426176297,0.000216
0.00021544825871878327,0.0002
0.00022838992373051895,0.000218
0.00017342916870395582,0.000132
-2.1120942217013508e-05,-0.0001
0.00010935523860224956,-0.000216
4.1815083362723095e-06,-0.000234
-0.00010811819878611338,-0.000232
-0.00019687903546598026,-0.000234
-0.0002291942632967415,-0.000116
-0.00020526102124105518,3.2e-05
-0.0001917804439855267,0.0001
0.00016619719637127672,0.000168
0.0002582822259394877,0.000182
6.501699951910895e-05,0.000218
0.00024128223989937613,0.000266
0.0009057181175981447,0.00035
0.0002524387864564506,0.000516
0.0005176712036124174,0.000518
0.0002417949589923525,0.000232
0.0001952998875085521,0.000184
8.285477191018278e-05,0.0
0.00048307139259949193,-1.6e-05
-1.6802795191655493e-05,-3.4e-05
-0.0002170088466197971,-0.0002
-6.449155344932404e-05,-0.000366
-0.00015751802757942772,-0.00045
-0.0002664596218803997,-0.000384
-0.0002170088466197971,-0.000266
-0.00016268740762786328,-0.000184
-0.00032355351121221153,-0.000284
-0.00034704801799172294,-0.000366
-0.0002766041226833018,-0.000366
-0.00030185721946276957,-0.000368
-0.0003468892811861729,-0.000366
-0.0008535597681472764,-0.0004
-0.0002861801650527101,-0.0004
-0.00038391278704745844,-0.000434
-0.0004005983763827405,-0.000466
-0.00048078894429228136,-0.000484
-0.0004467959544224415,-0.000466
-0.00047179940759506947,-0.00045
-0.00033018637439123964,-0.0003
-0.0004268149195763116,-0.0001
-0.00033265070018137824,8.4e-05
-0.00019650361345345047,0.000232
0.000303820557086954,0.000318
0.00012956515779977184,0.0004
0.0004956370044384372,0.000466
0.00042865879039741245,0.0005
0.0005080367000238677,0.000516
0.0004693946625692126,0.000468
0.00026067570399036983,0.000432
0.0003944630008463269,0.000418
0.0003615865729250692,0.00045
0.00044153059385779896,0.000566
0.0005993235386855922,0.000566
0.0004983388437241566,0.000568
0.0005362461317403983,0.000582
0.0006286446803062013,0.000634
0.0005868150468502346,0.0007
0.0006197141176458427,0.000816
0.0009894182521369543,0.000934
0.0007681614724943925,0.000966
0.0006825066346283919,0.00095
0.0009150333329898449,0.000984
0.0009580367272930139,0.00105
0.001294317888524673,0.00115
0.0011738891183088439,0.001216
0.0010977846030316306,0.001268
0.0014098370208630766,0.0013
0.0012320914039533658,0.001366
0.0012861516214924288,0.001334
0.0013160891305550656,0.001332
0.001332418903293414,0.001268
0.0007353169970613295,0.001
0.0007159336709820222,0.000816
0.001098848502545966,0.000584
0.0009107863344910551,0.000366
0.00018706124414579516,0.00015
0.0005304036389977522,0.0
-0.00011728376016288934,-5e-05
-6.680279329062109e-05,-6.6e-05
6.385662963661227e-06,-6.8e-05
-0.00012154176451872402,-6.6e-05
-0.00012134122320778589,-6.6e-05
-0.00010896329278946831,-8.4e-05
-0.0001047001010852415,-0.0001
-0.0001381920976363221,-0.000134
-9.662255151713293e-05,-0.000132
-0.00022591757507988937,-0.000168
-0.00016268740762786328,-0.000166
-0.000200285269326328,-0.000166
-0.00015433301539043306,-0.000134
-0.00015885512086782783,-0.000116
-5.9196976846063816e-05,-0.000118
4.360105263879423e-05,-0.000116
-4.617945426050289e-05,-6.6e-05
-0.00010454684748445571,-5e-05
-8.824681817338994e-05,-5e-05
-4.617945919144242e-05,-5e-05
-4.955273611900483e-06,-5e-05
3.689206499883849e-05,-3.4e-05
8.283138446396246e-05,-5e-05
-0.00014260866128388357,-6.6e-05
-0.00011336362378407655,-0.0001
-5.896329962144225e-05,-0.0001
-7.935533813979535e-05,-0.0001
3.197047144213996e-05,-0.0001
-0.0001299552688593145,-0.0001
-7.520653437092981e-05,-8.4e-05
-8.38027990544908e-05,-0.0001
-8.39127787299067e-05,-0.000116
-0.00012568238292795948,-0.000168
-0.00015871778433986498,-0.000166
-0.00013785164584698319,-0.000166
2.3787455857393464e-05,-6.8e-05
1.619719960891017e-05,1.8e-05
-9.740443087563352e-05,0.0001
0.00016202750514253576,0.000166
0.00021216263563949151,0.0002
0.0002203285081965729,0.000284
0.0003166969364592301,0.000282
0.00033283138482066954,0.0003
0.0002655310423616225,0.000318
0.0002956369331475422,0.000332
0.00030753059599400743,0.000318
0.0003166969364592301,0.000332
0.0003248188447594065,0.000368
0.0003666969592128934,0.000382
0.0003494365603939949,0.00045
0.00038193833552929046,0.000534
0.0006406016958638279,0.000566
0.0003840368645008739,0.00065
0.0008150805061595172,0.000684
0.000606991899167227,0.000766
0.0006011503137174555,0.000784
0.0007196182267935525,0.00085
0.0007695318792102992,0.000834
0.0008694731084708378,0.0008
0.0008163470870125493,0.000766
0.0007078900857254392,0.000716
0.0006201554170105764,0.000668
0.0007362584514851013,0.000632
0.0006942480300619785,0.000634
0.0006616543619374859,0.000616
0.0004061347714136621,0.000634
0.0002302814321366137,0.00065
0.00028393192804773286,0.00065
0.0011587163412232749,0.00065
0.0005908286343951378,0.000634
0.0006245312116500523,0.000616
0.0006453774488709659,0.000616
0.0006286446803062013,0.0006
0.0005703261822786897,0.000634
0.00021934902636709774,0.00065
0.0006078213226447358,0.000666
0.0006368920514319374,0.000684
0.0006738203704364157,0.000734
0.0006827162587299557,0.000766
0.0007115146813122089,0.000816
0.0007488081265274655,0.000834
0.0007865147450283411,0.000884
0.0008861515972531877,0.000916
0.0008615147298494406,0.000984
0.0009031497687075499,0.001032
0.0009525677236345994,0.001018
0.0009863874994604108,0.001
0.0010080474994948662,0.001
0.0010082822122167905,0.001016
0.0010121626643942157,0.001016
0.0010077948776005465,0.001084
0.001028194450594511,0.001084
0.0010491552828502462,0.001082
0.0010657748370432592,0.001068
0.0010793261634192534,0.00105
0.001070658755140064,0.001066
0.001066213966794597,0.0011
0.0010705473553540615,0.001134
0.0010866961428876722,0.001132
0.0011073099947901228,0.001168
0.0011329012554029847,0.001166
0.0011495746160082169,0.0012
0.001165901232945262,0.001234
0.0011913099304527348,0.001316
0.0012276182133961705,0.001316
0.0012652358383002963,0.001318
0.0012528158666914929,0.0013
0.0011243859567466085,0.001282
0.0013036368908779371,0.00115
0.0012608580318374896,0.000918
0.0006371483813927884,0.00065
0.00023612901360886123,0.000432
0.0007807806540604592,0.000284
0.00023294248269048942,0.000234
0.00019155341882020504,0.000232
0.00022064464059211916,0.00025
0.000249480853894978,0.000268
0.0003497147048313541,0.0003
0.0002781134193949909,0.000366
0.0002949026965268406,0.000366
0.000323944135533197,0.000384
0.0002992228307208317,0.00035
0.0003816399939635909,0.000366
0.0003661971986290182,0.000368
0.00033703802851029494,0.000382
0.0004684345100227194,0.0004
0.00032426218113328336,0.000384
0.0003832138709685203,0.000416
0.0004897901330214829,0.000434
0.0004453774367513453,0.00045
0.0004203899203752985,0.000484
0.0004946007970805374,0.00045
0.00045404476613550233,0.000482
0.0004660872250134126,0.0005
0.0004785472358512501,0.000568
0.0004989288207777865,0.000632
0.0005440273910136544,0.000684
0.0008026449922292956,0.000716
0.0006486096205656851,0.000768
0.0006987741591860348,0.000782
0.0007405907355141096,0.0008
0.0007657225903522608,0.000818
0.0007915305756196187,0.00085
0.0009492292014359631,0.00085
0.0008289653218382252,0.000866
0.0008455646000078652,0.00085
0.0008538204917971199,0.000866
0.0008105264481939277,0.000834
0.0008456670057601535,0.000834
0.0008456670057601535,0.00085
0.0008456670057601535,0.000866
0.0008536670409587526,0.000834
0.00045923582259413913,0.000816
0.0008577949868533799,0.000834
0.0008370500903018147,0.000832
0.0005356222298227593,0.00085
0.0008326969779842054,0.0008
0.000923448829430008,0.0008
0.0008199652921016802,0.000784
0.0008078820444919263,0.000766
0.00064466005633972,0.000734
0.0007703899415846345,0.0006
0.0007192110495304094,0.000584
0.0006690155051622558,0.0006
0.0006279943485526481,0.00065
0.0006078820323723058,0.000716
0.000824126373909991,0.000766
0.0006814330704725656,0.000818
0.0010977095738556473,0.00085
0.0007862339576073904,0.000816
0.0008117531870555072,0.000784
0.0008164188814921968,0.0007
0.0007861191653349872,0.0007
0.0007487278902793321,0.000732
0.0007281470953955324,0.000784
0.0007281470953955324,0.000734
0.0009044175329860708,0.0006
0.0007108078607153287,0.000416
0.00021231257564890895,0.000216
0.00038340258788645065,0.000168
0.0002161971895393028,0.0002
0.00022054726439815786,0.0002
0.00021579969664140886,0.000182
0.00014128224370144494,0.000118
9.957457210396712e-05,0.000132
0.0001571560721846369,6.8e-05
-5.189309674642558e-08,0.0
4.15541626971639e-06,-1.8e-05
4.4027401394854126e-05,-1.6e-05
4.115027583776628e-05,5e-05
5.761388167153692e-05,1.6e-05
4.113127939320299e-05,3.4e-05
7.080574502081027e-05,6.6e-05
5.2939173477375154e-05,5e-05
8.282237910129453e-06,3.4e-05
0.0001532617739289939,8.4e-05
5.429989336256306e-05,8.2e-05
6.608722296339942e-05,8.4e-05
1.5113414848160214e-05,8.4e-05
0.00016657529095303515,0.000132
9.497451340344423e-05,0.000118
0.00012915541644806992,0.00015
7.463780002668753e-05,0.00015
7.453125721612838e-05,0.000116
0.00018294247966058427,0.000184
0.000315948202876292,0.000266
0.00017761823852507414,0.000316
0.000565486366505097,0.000384
0.00040366697424209,0.0004
0.0003401649147840366,0.000434
0.00045404472668798606,0.000432
0.0004499481021212928,0.000468
0.000399480803813419,0.00045
0.0005161971682712174,0.0005
0.0006041554255084106,0.000566
0.0007608169761214968,0.000566
0.00045828225778286636,0.00045
0.00029305248967030124,0.000284
0.00019502115135844854,0.000134
0.00035443708534895206,0.0
0.00021283659645530235,-0.000118
-0.0002170088466197971,-0.000216
-0.00017546875793339733,-0.0002
-0.00014643542539163846,-0.00015
-0.00015479593199409358,-0.0001
-0.00016762844572825545,-8.4e-05
6.356855328863211e-05,-5e-05
-0.0001591099518230598,-1.6e-05
-1.75089895592146e-05,-1.6e-05
-0.00011755173700292485,-3.4e-05
0.00018925861873132178,-3.4e-05
-0.000150285286020181,-0.0001
-4.6795920321321364e-05,-0.000232
-0.00010200496787729142,-0.000418
-0.0006056873547888398,-0.00065
-0.00035512773717322747,-0.000782
-0.0005257439650163707,-0.000834
-0.0006749858322905129,-0.000884
-0.0007896626812610972,-0.000982
-0.0008723303954035709,-0.000984
-0.0009225994699420886,-0.001
-0.0009636382201439616,-0.000984
-0.0009876873984500235,-0.001016
-0.0011268576836551253,-0.001
-0.0008737967384790944,-0.000984
-0.0009963329528051886,-0.000966
-0.0009919633514257702,-0.00095
-0.0009754686880693306,-0.000934
-0.0009589632160934276,-0.00095
-0.001391723061395774,-0.000966
-0.0009502853147749051,-0.000984
-0.001006057002255716,-0.001016
-0.0009796100461194964,-0.0011
-0.001017776228185148,-0.001134
-0.001060008029069689,-0.00115
-0.0013149338950258352,-0.001116
-0.0007989639322320309,-0.00105
-0.0005093878018896246,-0.000984
-0.0010765794572928284,-0.000966
-0.0010304680720762205,-0.00095
-0.0010556286447062305,-0.000934
-0.0009589632160934276,-0.000916
-0.0010103881817542684,-0.00095
-0.0009378516943254654,-0.000984
-0.0008016226159349292,-0.0009
-0.0006674275303793267,-0.0007
-0.0005528606610841582,-0.000482
-0.000771309724307279,-0.000318
-0.00017546875793339733,-0.000182
-0.00034533867821585435,-0.0002
-0.0003681352006421345,-0.000184
-0.00022240029646118593,-0.000166
-0.00017546873820963916,-0.000168
-0.00010454683762257666,-0.000166
-0.00032292949095202357,-0.000166
-0.00046776779253522176,-0.000168
-0.0001967448547393206,-0.00015
-0.00017119426451575349,-0.000166
-0.00012119426148584832,-0.000134
-0.0001550254770913838,-0.00015
-0.0004667052736839566,-0.00015
-0.000150285286020181,-0.000266
-0.0003206738030755416,-0.000334
-0.0007360271556824101,-0.0004
-0.00025153621226905635,-0.000482
-0.0003724825930698818,-0.000584
-0.0006462946280575353,-0.000684
-0.0005401482255895824,-0.00075
-0.0007509636421454035,-0.000816
-0.0007106256376229021,-0.00085
-0.0009506608551299836,-0.000916
-0.0008344863417559416,-0.001
-0.0008972422119958576,-0.001068
-0.0009605487695631789,-0.001132
-0.0010309897260316365,-0.001168
-0.001093589384107045,-0.00125
-0.00115613113322854,-0.001266
-0.0012053838030623354,-0.001234
-0.001230425480878248,-0.001216
-0.0012419632482327469,-0.001334
-0.0012636168577695635,-0.001416
-0.0013020006323350693,-0.001466
-0.0013603452446183648,-0.0015
-0.0014305495159890836,-0.00135
-0.0014344011714796175,-0.001084
-0.0005071563742356608,-0.0008
-0.0005541126463561631,-0.000534
-0.0009495745494263958,-0.0003
-0.0005724939266266775,-0.000182
-6.700884739196074e-05,-0.000168
-0.00017522911427193694,-0.00015
-6.758118154393002e-05,-0.000116
-0.00015461459176170948,-6.6e-05
-0.00012596461018325467,-6.8e-05
-0.00019543742598317042,-1.6e-05
0.00011538364748916942,1.6e-05
7.826554155288142e-05,5e-05
4.082862695361387e-05,6.8e-05
2.8699166193296874e-05,8.2e-05
9.582053935437152e-05,0.0001
0.00010366697578641736,0.000118
7.896523694213178e-05,0.000132
0.0002038205510271437,0.000184
0.00019951134379516487,0.0002
0.0002075202349611711,0.000184
9.179495976451616e-05,8.2e-05
-9.117965371969793e-06,0.0
-0.00016303012764938885,-0.000116
-8.205804527087308e-05,-0.00025
-0.00020077716013070337,-0.0003
-0.00022135535147842792,-0.000216
-0.00019570012671790216,-0.000184
-0.00021268741065776843,-0.0002
-0.00022135535147842792,-0.000216
-0.00021716862878452884,-0.000184
-0.0001793412219887739,-0.0002
-0.00020028528905008614,-0.000234
-0.0002835561557166305,-0.000266
-0.0003711670184016178,-0.00035
-0.00042173447395335134,-0.000416
-0.00031827058148813585,-0.000518
-0.0007484341096108378,-0.0007
-0.0004992762200390663,-0.0009
-0.0006380738445577785,-0.001
-0.0012645598900939867,-0.000966
-0.0008943832138052399,-0.000916
-0.0008756140855545644,-0.000868
-0.0009387416302929627,-0.000816
-0.0008928816835451858,-0.000734
-0.000626229136079029,-0.000716
-0.0006007708135960636,-0.000734
-0.00047396278828343335,-0.000816
-0.0007509636421454035,-0.00095
-4.792418832036246e-05,-0.001084
0.0003305393855054428,-0.001182
-0.0010114245469022335,-0.001318
-0.0011368390098068948,-0.001416
-0.0012531456723605075,-0.001416
-0.0013353789115585655,-0.00115
-0.0011754687001889511,-0.000884
-0.0012219690379161763,-0.00065
-0.0010321115344998852,-0.000434
-0.000786110984684431,-0.0003
-0.0001552946669425452,-0.000182
-0.00018785166860064647,-0.0002
-0.00023866492162638163,-0.0002
-0.0002503198481042611,-0.000284
-0.0002174847217325588,-0.000366
-0.0005301905285000706,-0.000418
-0.0003190521156808689,-0.000466
-0.0004674275182597062,-0.00055
-0.0005097145456670528,-0.000666
-0.0005273344099781419,-0.000718
-0.0006024406269606098,-0.00085
-0.0009402556259681643,-0.000966
-0.0008029011099378809,-0.0011
-0.0009120002378951561,-0.001034
-0.0013946076215769474,-0.000932
-0.0010096020716496457,-0.000934
-0.0009262608306140405,-0.000966
-0.000967523879393537,-0.00095
-0.0009458446289711324,-0.00095
-0.0009502853147749051,-0.000884
-0.0005856152356275968,-0.000866
-0.0009134445692565899,-0.000884
-0.0008967959027965551,-0.0009
-0.0008838028376710939,-0.00095
-0.0009007771828256171,-0.000966
-0.0009258436336817598,-0.000984
-0.0009507772253030385,-0.001
-0.0009754686880693306,-0.000984
-0.000806404443859576,-0.001032
-0.0010004885908562514,-0.001034
-0.00101303013971026,-0.001
-0.001002156826320146,-0.000866
-0.0008350581729520783,-0.0008
-0.000927372698308184,-0.000768
-0.0008607076580989839,-0.000766
-0.0008005191111142391,-0.000816
-0.0010118236768720534,-0.000818
-0.00037000513125681875,-0.0008
-0.0008010036055093101,-0.000816
-0.0008126874864641463,-0.000834
-0.0008173030036601153,-0.000866
-0.0009954344172791402,-0.000834
-0.0007842251567206819,-0.000766
-0.000837949833686184,-0.000766
-0.0008090797744143485,-0.000768
-0.0008259061124877525,-0.000766
-0.0007665561408042958,-0.000784
-0.0007711942219795825,-0.000782
-0.0007752065077564482,-0.000834
-0.0007921346204218798,-0.000866
-0.0012265167053841267,-0.000884
-0.0008424619983894738,-0.000934
-0.0008803991481755468,-0.00095
-0.000909358595519295,-0.00105
-0.0009559954216528826,-0.001066
-0.001001452767049406,-0.0011
-0.0012428235196679943,-0.0012
-0.0011054463607633608,-0.00115
-0.0011302588485096298,-0.00105
-0.0011263870747857882,-0.000984
-0.0006481020343589003,-0.000916
-0.0008777226341952855,-0.000916
-0.0009678803271507316,-0.000918
-0.0009342251263628811,-0.000966
-0.0009295326076151144,-0.00095
-0.0009380302337841928,-0.000816
-0.0009139472884041868,-0.000634
-0.0008448034451663697,-0.000466
-0.00027119425085180563,-0.0003
-0.0001584694030535464,-0.000168
-0.0001756220509816994,-0.00015
-0.00018889805341774907,-0.000132
-0.00013402396458447456,-0.000134
1.910342240586135e-06,-0.000134
8.563601904619343e-05,-0.000166
-0.00014587369275967203,-0.0002
0.00011653299032378832,-0.000234
-0.00018442746639662876,-0.000282
-0.0002215645022097963,-0.000268
-4.727988217492247e-05,-0.000216
-0.0005285290780089778,-0.000266
-0.0002586225443715936,-0.000318
-0.0003387180437668761,-0.000366
-0.0007355467638290331,-0.00045
-0.00035167959032682185,-0.000484
-0.000537773090633775,-0.00055
-0.00046414497208668507,-0.000632
-0.0005145830003374718,-0.000718
-0.0005663361298863271,-0.00075
-0.0003535298760783938,-0.0008
-0.0007265166750850754,-0.000832
-0.0006053328005124274,-0.000734
-0.0006145045058398654,-0.000566
-0.000292892771385918,-0.00045
-0.00024257259259004684,-0.000334
-0.000254363060733898,-0.00025
-0.00019220503732711173,-0.0002
-0.0001259485353203666,-0.000166
-0.00020031986479811413,-0.000184
-0.0005505528630386574,-0.000216
-0.0002170088466197971,-0.000184
-0.00018794985346869174,-0.000116
-0.00010925498744867306,-0.0001
-0.00015518407583062685,-8.4e-05
-0.00014747328954522248,-6.6e-05
-9.196329688747768e-05,-8.4e-05
-0.0002548445965652473,-0.0001
-0.00015031984204445084,-0.000134
1.2770178140212621e-05,-0.00015
-0.00017116704572951353,-0.000166
-0.00013810793636031787,-0.00015
-6.382377603169164e-05,-0.00015
-0.00019633302266925534,-0.00015
-0.0004669326491678509,-0.00015
-0.00022520653359876618,-0.000184
-0.00020885512389773295,-0.000216
-0.00010934052938774745,-0.000184
-0.00019654684793130405,-0.0002
-0.00015031984204445084,-0.00015
-0.00022945274314723022,-0.000166
-0.00017546873820963916,-0.000134
-0.00016310793787527043,-0.000132
-0.00014636305892300487,-0.000134
-0.00029783832622692533,-0.00015
-0.00013768740611291071,-0.000134
-3.4551726845105196e-05,-0.000132
-0.00014185513482771627,-0.00015
-0.0001380301261344363,-0.000168
-0.00014636305892300487,-0.000182
-0.0001046145985936834,-0.000168
-0.00033477621125410395,-0.000166
2.413842071800732e-05,-0.000166
-0.00021319210218117982,-0.00015
-0.00016268740762786328,-0.00015
-0.00016755172030907185,-0.00015
-0.00014171777857599529,-0.000168
3.3251076885608066e-06,-0.000182
-0.0001293553411697005,-0.000184
-0.00017134122623769103,-0.000184
-0.00026303013370919913,-0.0002
-0.00018768740914281584,-0.000166
-0.00014662254468515902,-0.000184
-0.00015470011397702573,-0.000182
-0.00018408103830857195,-0.0002
-0.00019171776188214228,-0.0002
-0.0001917177816059004,-0.0002
-0.00026756624305487674,-0.000184
-0.00018330305439230498,-0.0002
-0.0002044694082079101,-0.000216
-0.00020028528905008614,-0.000218
-0.00023768741217272096,-0.000216
-0.00018043669923989913,-0.000216
-0.0003129725039178049,-0.00025
-0.00023783737190589656,-0.000234
-0.00021678610621906686,-0.000234
-0.00023380279828232715,-0.000216
-0.0001835561496568202,-0.0002
-0.00017984461174414774,-0.000216
-0.0002168028122422156,-0.000218
-0.00022967380702851813,-0.000216
-0.0002168028122422156,-0.0002
-0.0002923861074866921,-0.0002
0.0001467539199290881,-0.0002
-0.00037419788942071015,-0.000216
-0.0002041794492394221,-0.000218
-0.00021283739011470213,-0.000232
-0.00021310794090517558,-0.000218
-0.00021742472206028203,-0.000232
-0.0002082050485530356,-0.000234
1.8403991056216083e-05,-0.000234
-0.0002271908817344489,-0.00025
-0.0002291942632967415,-0.000216
-0.00019662254771506414,-0.000216
-0.00023378609225917842,-0.000234
-0.0002378516519067935,-0.000234
-0.00033072408348578557,-0.000232
-0.0002030536171245119,-0.000234
-0.0002628373734208491,-0.00025
-0.00024662253102121116,-0.000216
-4.185513369884552e-05,-0.000184
-0.00036514756410089573,-0.000134
-0.00015042540359804229,-0.000166
-0.00020028528905008614,-0.0002
-0.00024196330597719311,-0.0002
-0.0001756823859578646,-0.000216
-0.000121452731474458,-0.0002
-0.00022536221322180377,-0.000218
-0.00024015406536632066,-0.0002
-0.000246994422481033,-0.000182
-0.0001756823859578646,-0.000184
-0.00011303014434324185,-0.0002
-0.00019171776188214228,-0.000234
-0.00025871779039967523,-0.000232
-0.0007304300264910864,-0.000234
-0.0002505191566803152,-0.000234
-0.000213030130679294,-0.000216
-0.00021728637962065383,-0.000216
-0.00018400882963000352,-0.0002
-0.00023380279828232715,-0.0002
-0.0002082050485530356,-0.000234
-0.000191963302947288,-0.000234
-0.0002548445965652473,-0.000232
-0.0002629725008878998,-0.000218
-0.00021305837510095748,-0.000216
-0.00022135535147842792,-0.000184
-0.00019633302266925534,-0.0002
-0.00022135535147842792,-0.000216
-0.00023380279828232715,-0.000216
-0.00020865993758713115,-0.000234
-0.00026303011398544097,-0.00025
-0.00021330389644234502,-0.000234
-0.00022536221322180377,-0.000232
-0.00023768741217272096,-0.000268
-0.00025462254649605216,-0.000266
-9.724876111447498e-05,-0.00025
-0.00036866726874185097,-0.000266
-0.00027145273070229434,-0.000284
-0.0002463330059754023,-0.000266
5.678119391205511e-05,-0.000268
-0.00027119425085180563,-0.000232
-0.0002041794492394221,-0.000218
-0.00022935534722951076,-0.000216
-0.00017546875793339733,-0.000216
-0.00022945274314723022,-0.0002
-0.00021268743038152656,-0.000168
-0.00020048864099655994,-0.00015
-0.00011296197903509313,-0.000132
-0.00017563863866229925,-0.00015
-0.0001422549945765876,-0.000118
-7.945272419563575e-05,-0.000116
-6.678609712935144e-05,-8.4e-05
-0.00011758117471195608,-8.2e-05
-0.00010042543015377436,-6.8e-05
-8.894732716766378e-05,-3.2e-05
4.9282050947954684e-05,5e-05
-3.448636231061304e-05,5e-05
-0.00011499279634496523,5e-05
-2.852892578144221e-07,1.6e-05
-7.954176710178084e-05,0.0
0.00024303984371142523,5e-05
2.4531253261672077e-05,8.4e-05
9.531715946087676e-05,0.000116
0.00020356457609393936,0.000134
0.00010753803452402612,0.000116
0.00014948083797328867,0.000134
0.00021504378361050604,0.000166
0.00025166819894948794,0.00015
0.0001075305986672055,0.000184
0.00018321391802017422,0.000182
0.00010752023383230037,0.000168
0.00019179496582432643,0.000182
0.00018269693859543858,0.000168
0.00017437794064199935,0.000182
0.00014086534262553642,0.0002
0.00018241882374371658,0.0002
0.00019128224673135006,0.000184
0.00011571623936088758,0.000184
0.0001747708872136409,0.000182
0.00018689206361030737,0.000184
0.00015737744178417602,0.000134
0.00017046739987152407,0.000132
0.0003842056998705942,0.000134
0.0001538205381353595,0.000134
0.0002161971895393028,0.000166
0.00014566698306523962,0.00015
-0.000300088392832336,0.00015
0.000215938295489893,0.00015
0.0002638727082243166,0.000134
0.00016196985259747825,0.0001
0.00013299115486578074,5e-05
0.00010754895655509885,1.6e-05
-0.0001518874666180484,0.0
2.080573829270049e-05,3.4e-05
0.0002657996799475559,0.0
-9.69490290238262e-05,5e-05
2.045824203986664e-05,-1.8e-05
1.5831380601127164e-05,5e-05
5.8282238474564825e-05,5e-05
3.226805795772305e-05,6.8e-05
-3.582670015722798e-05,6.6e-05
0.00026538362699324763,0.000116
-6.817331834907678e-05,0.000134
0.00011214833971690529,0.00015
0.0002286446560669602,0.00015
0.00012046739684161894,0.00015
0.00020803668184443683,0.00015
0.0001621483427468104,0.000166
0.00021205015104679124,0.000168
0.00015828222974155647,0.000132
0.00022276794260393264,0.000168
0.00016205015787876516,0.000166
0.00019128224673135006,0.000166
0.000157647114867412,0.000184
0.00017080574121874147,0.000184
0.00020803668184443683,0.000166
3.681502954683154e-05,0.000184
0.00019900992641560554,0.000182
0.00018294247966058427,0.000184
0.00022083296303488655,0.000184
0.00023716263715444408,0.0002
0.00024152022676515234,0.000232
0.00020828222290958254,0.0002
0.00020828222290958254,0.000184
0.0002447565010015656,0.000184
0.0001331971991052413,0.00015
0.0001621483427468104,0.000182
9.971470447464702e-05,0.0001
9.566698496627403e-05,0.0001
0.00013213343765721306,0.000118
0.0001497147124354917,0.000132
0.00022880573999972946,0.000118
0.00014928205207682542,0.000116
7.011936316830771e-05,0.000134
0.00016205015787876516,0.00015
0.00019520404976772608,0.000182
0.0001373125908278094,0.000168
9.179495976451616e-05,0.000166
0.00019959988374547728,0.000166
0.00019128224673135006,0.000184
0.0001948961224555681,0.000234
0.00018680787274866591,0.000332
0.0002274004616794225,0.0005
0.00030950833667071166,0.00065
0.0004250534451985921,0.0008
0.0005661899524056415,0.000918
0.0007131014182074489,0.001032
0.000846487671889046,0.001018
0.0009396928432679423,0.000866
0.0009567840319657158,0.000716
0.0009048120081489685,0.0006
0.0007961000970115937,0.000484
0.000662993486772975,0.0005
0.0005726995815437803,0.0006
0.00054465271304188,0.000716
0.0005726995815437803,0.000868
0.0006676017061784303,0.001
0.0007922470214104736,0.0011
0.0009174252725875917,0.001182
0.0012399375149434024,0.0013
0.0011427707083985564,0.00145
0.0012547342783036973,0.001418
0.0013348776669837555,0.001232
0.0013478147955311179,0.001018
0.0012752248961652585,0.000782
0.0011066088546355882,0.000568
0.0008938220090056694,0.00025
0.0006474921513242283,-0.000184
-0.0005150724256720791,-0.000534
1.461503985829472e-05,-0.000816
-0.00033088112404813515,-0.00105
-0.0006540167160563567,-0.00115
-0.0008933860594884669,-0.000916
-0.0009861553358123613,-0.000668
-0.0009504808955606698,-0.000432
0.0003097555345315415,-8.4e-05
-0.0005326069650054333,0.000116
0.00036608721895360234,0.000434
7.059405351057653e-07,0.000734
0.0002922810540417384,0.000866
0.0005303251778878518,0.000916
0.0008369607022299021,0.00085
0.0006308384750296247,0.000718
0.000835685127343156,0.000682
0.0007891368214361225,0.000718
0.0007404106970497631,0.000732
0.0004038465393362411,0.000684
0.0006357117817445473,0.000666
0.00046858302992155044,0.00075
0.0009333134698285923,0.000768
0.0012300927560930282,0.000816
0.0007486559380096195,0.000816
0.0007867741518954626,0.000768
0.0005701816465790039,0.00065
0.00040446941561845666,0.0006
0.0007063416918160328,0.0007
0.0010593650101213335,0.00085
0.0006976800428742216,0.001066
0.0013534531079294483,0.0013
0.0009733852036161377,0.00145
0.0011608391698648929,0.001566
0.0013408652476913155,0.001734
0.0015085597952404566,0.001816
0.0016379629543072424,0.0019
0.0017509400098009002,0.001718
0.0017901992825429414,0.001416
0.001707964623234297,0.001116
0.0009440137664122592,0.0009
0.0012798431746873678,0.000834
0.0005658239977970212,0.0007
0.0008837723597556861,0.0007
0.0007813496450354229,0.000734
0.000740637756953527,0.00065
0.00020168012879326046,0.0005
0.0006437819151795934,0.000382
0.000563138647573111,0.000218
9.079905297544587e-05,0.000116
5.7647118669480816e-05,5e-05
0.00018839479701960826,0.0
9.397671313359202e-05,-3.4e-05
3.1598803107332106e-05,-6.6e-05
-1.3566821742553982e-05,-8.4e-05
-0.00022720961930468655,-0.0001
-7.161008458703279e-05,-0.0001
0.0008066427613201667,-0.00015
-0.0001940399188235725,-0.000116
-0.00011700885042186588,-6.6e-05
-0.000108751430041355,-3.4e-05
-9.260864839209935e-05,-0.0001
-0.00023803934318930022,-0.0002
-0.00010154498025171541,-0.000316
-0.0003381079090324221,-0.000284
2.8644653501034986e-05,3.4e-05
-0.000194895160700493,0.0003
-7.274822432702541e-05,0.000266
0.00022454183824020943,0.00025
5.8282238474564825e-05,0.000116
-0.00010668806853054382,-0.0003
7.732981688085071e-05,-0.00035
-0.0004029580873596786,-0.0002
3.6369501667105606e-06,-8.2e-05
0.00025288063808641235,6.6e-05
0.0002706587855566142,0.00025
4.326751625781497e-06,0.000366
0.0005114606655427877,0.000384
0.00020765252220704885,0.00025
0.0003109414254900029,0.0002
0.00010803669057744518,0.0002
0.00019994810669552528,0.000216
0.00022883295878596942,0.000218
0.0002871626401843492,0.000232
0.00019475649797166044,0.000234
0.00021231257564890895,0.000234
7.479346485690652e-05,6.6e-05
-0.00012562205781367332,-5e-05
0.00011801881061047997,-0.000116
3.020591284805872e-05,-0.000218
3.47716901160072e-05,-0.00025
-0.00026655614995276075,-0.000266
-0.00022135535147842792,-0.000266
-0.0003000518841560098,-0.0003
-0.000270955258074364,-0.0003
-0.0003000518841560098,-0.0003
-0.0002918687138630354,-0.0003
-0.00028342471659235295,-0.0003
-0.0003710704903292567,-0.0003
-0.0003000518841560098,-0.000284
-0.00025820505158294073,-0.00025
-0.0003095726013838217,-0.00035
-0.00029689482053230645,-0.00035
-0.0006647386298789503,-0.00035
-0.0003803991967715281,-0.00035
-0.0002764697249953025,-0.00025
-0.0001894847563275269,0.0
0.00021644383513490462,0.000184
0.00023702748996363532,0.000266
0.00025828224566324585,0.000266
0.00017630589855314587,0.0003
0.0002529391782005864,0.000434
0.0007185374437422452,0.000534
0.00038084106341617404,0.00055
0.0006032617814743821,0.000566
0.0005197222772219043,0.00055
0.0005497146972272166,0.000534
0.0005497146972272166,0.000516
0.00046621389098821907,0.000484
0.0005203898869875925,0.0004
0.0004822237838169735,0.0003
0.0004229243838494003,0.000132
0.00032574966807753824,5e-05
0.000300337775321246,5e-05
0.00013046873274602636,0.000168
9.871963101435835e-05,0.0002
0.00011531437765056456,3.2e-05
5.29293658386376e-05,-3.2e-05
-4.6744845649605176e-05,-8.4e-05
3.221561864849021e-05,-8.4e-05
-8.810793333041271e-05,-0.0001
-5.631971445540384e-05,-6.6e-05
-6.920252018689962e-07,-8.4e-05
-4.6294670593706244e-05,-0.0001
-7.18924203229978e-05,-0.0001
-8.785166254083618e-05,-0.0001
-8.785164281707805e-05,-0.0001
-0.00011268741445983719,-0.0001
-1.2938767973825382e-05,-5e-05
-2.154175352797423e-05,-3.2e-05
-9.27270895597594e-05,-3.4e-05
-5.189309674642558e-08,0.0
6.231258628295171e-05,-1.6e-05
-4.0010865038511923e-07,1.6e-05
8.282237910129453e-06,1.6e-05
-2.9452735958549215e-05,0.0
0.00010814486552899082,0.0001
0.0002452998708146991,0.000218
8.13559191502969e-05,0.000316
-0.00021246033103024633,0.000366
0.0002474788529957556,0.000384
0.0003194004325406336,0.000366
0.00029046952547492113,0.000384
0.0003747708796095033,0.000366
0.0003747708796095033,0.00025
4.971471130662095e-05,8.4e-05
-0.00010087256775091897,-0.0001
-0.00022586157933051607,-0.0003
-0.0009303730763971844,-0.000366
-0.00017487884005104186,-0.000418
-0.0006142180774240853,-0.0005
-0.0005637848617702859,-0.00055
-0.000202538649523107,-0.00055
-0.000505838787744066,-0.000566
-0.0005421179978679961,-0.000616
-0.0006504000888678774,-0.000684
-0.0006052956803995987,-0.000816
-0.0006814047321411853,-0.000918
-0.0007613975102040492,-0.000966
-0.000848680504857394,-0.000984
-0.0009226185625399729,-0.000982
-0.0009631621675173765,-0.000918
-0.0010743978518519385,-0.000916
-0.0009508202230957944,-0.000834
-0.0009138033838647617,-0.00075
-0.0008562166372644254,-0.00065
-0.000789948517964133,-0.000382
-0.00017969400112695337,-0.000234
-0.0005091061860708319,8.4e-05
0.0003458205446420181,0.000366
0.00041578694748950967,0.000466
0.00042477088263940843,0.00045
0.00041621388795831394,0.000434
0.0003692387599250251,0.000466
8.285477191018278e-05,0.000318
0.00041555432548594885,0.000216
0.00014957456527199317,0.000166
0.0002886560639798057,0.000168
0.00021547040849917995,0.000166
-0.0003891105495838645,0.0004
0.0008077949443759585,0.0008
0.0003770877505837507,0.00105
0.0005954932243013713,0.001116
0.0008345364156687976,0.001034
0.001589609135579626,0.000916
0.0007456669997003432,0.0008
0.000963535079903548,0.000668
0.000851132616932167,0.000516
0.00039922285650440014,0.000334
0.0002746377776297313,0.00025
0.000245820558305966,0.000266
0.00011013736450772695,0.000234
0.0001997147154653968,0.000116
0.00021503325112365667,1.6e-05
-1.4019856743383911e-05,-1.6e-05
-0.0002940006548809163,0.0
-4.21099547921984e-05,-1.6e-05
-4.33301862806648e-06,-3.4e-05
-1.6802800122595034e-05,-8.4e-05
-3.428375986694875e-05,-0.00015
-7.228969625955213e-05,-0.000182
-0.00015983507606749845,-0.0002
-0.00024622931817883467,-0.00025
-0.00021374154691182197,-0.000268
-0.0002417177649120474,-0.000266
-0.00015509729129478932,-0.00025
-0.0002587177706759171,-0.000266
-0.00015417944620951696,-0.000284
-0.0002668028152721207,-0.00035
-0.00028844455110653395,-0.0004
-0.0003263254487343778,-0.000316
-0.0003385668414369374,-0.000268
-0.00033469613279603566,-0.000266
-0.00023768741217272096,-0.000234
-0.00027172771933835037,-6.6e-05
-0.0002105678758837606,0.0001
-9.804720842981726e-05,0.000216
0.0003562260696602097,0.000284
0.000130210578337547,0.000384
0.0003995998958650978,0.00045
0.00033126853339654304,0.000582
0.00042231641872834226,0.0007
0.0005259801128635655,0.000784
0.0008288057171873168,0.00085
0.001334377709162299,0.000934
0.0008148679629417479,0.000966
0.0008817293728870387,0.00095
0.0009238891426068344,0.000984
0.0009580367272930139,0.000982
0.0009701553987723961,0.00095
0.0009660871764174315,0.0009
0.0009531560438925451,0.000834
0.0006484941182379885,0.000734
0.0009983032529159983,0.000682
0.0007853949878309395,0.000668
0.0010258597098953843,0.000716
0.0006993465426473994,0.000734
0.0006993466215424321,0.000766
0.0007331972453259821,0.00075
0.0004722311756755452,0.000684
0.0004276506302235947,0.00045
0.0001659060046679047,0.000132
0.000497999792321646,-0.000232
-0.00024246941761119095,-0.0003
-0.00043344001159463063,-0.00015
-0.0002728646756528543,-0.000134
-0.00020565563447025995,-0.0002
-0.00019760739440675469,-0.000234
-0.00025896329201730467,-0.000282
-0.00021383691128245248,-0.000268
-0.00024678972931900533,-0.000282
-0.0002271621442188318,-0.0003
-0.0002832863741527247,-0.000384
-0.0002599458310292923,-0.00045
-0.00035567404582632456,-0.00045
-0.000397528965140233,-0.000384
-0.00013063472274176866,-0.00025
-0.00038552524372331936,-0.000282
-0.0002457001297478073,-0.000268
0.00012179625546099354,-0.000266
-0.0002667860895252139,-0.000316
-0.0003686756710628207,-0.000334
0.0005184203908417929,-0.0004
-0.00033019051638045007,-0.000416
-0.0003675517324286924,-0.000434
-0.00039693776521359815,-0.000484
-0.00043428375452055263,-0.0005
-0.0007466171570105308,-0.000482
-0.0004756141007628397,-0.000484
-0.0004917177603378149,-0.0005
-0.00048768740759848854,-0.0005
-0.0004917177208902986,-0.0005
-0.0004961794322202537,-0.0005
-0.0005000519159993885,-0.000484
-0.00049617947166777,-0.00035
-0.000142403297514079,-0.00015
-0.0003744782034714653,1.8e-05
-8.163130203965028e-05,0.00015
-8.764353744489133e-05,0.00025
0.00017361291523483358,0.000282
0.0001724481780069826,0.0003
0.0001739868974130188,0.000318
-0.00019747149771313642,0.000382
0.0003195633113353941,0.000418
0.0004485950917600698,0.000466
0.00039466004119019434,0.000484
0.00043650411243712314,0.0005
0.0004662360210448576,0.000516
0.0007064371548054541,0.000566
0.0005157361057008225,0.000618
0.0003717374050543358,0.0007
0.0005983113154175966,0.000916
0.001024541926166208,0.0011
0.0008288263876858526,0.001234
0.0009825222740242733,0.001066
0.0010761941095208778,0.000866
0.0010632341014140674,0.000684
0.0006529391827160694,0.000584
0.0007954407712243265,0.000466
0.0006463633606455963,0.0004
0.0003781944901007767,0.000434
0.00042004475460776295,0.00045
0.0003956669390434909,0.000416
0.00032793196384996306,0.000284
0.0003943683268072314,1.6e-05
0.00028726662383728906,-0.000134
-0.00031762845481797086,-0.000216
-1.721957299407559e-05,-0.0004
-0.000405095669372389,-0.000416
-0.0002944805339165814,-0.000418
-0.0003646049635143298,-0.000266
-0.00017161006106120586,-0.00015
3.0173407786452223e-05,-0.000116
-0.0002776803889939939,-0.0001
-0.0002340810413384771,-0.0001
-0.0001711209315829708,-0.0001
-0.00011305837890302626,-0.000118
-0.00011655617044868255,-0.0001
0.0001793968678633057,-0.000116
-0.000104333022222407,-0.000134
-0.0001842774672159369,-0.000132
-0.00017984457229663144,-0.00015
-0.00031453825473437867,-0.000118
-7.124350868003098e-05,-0.0001
-2.178620485548244e-05,-0.0001
0.00024124531702412888,-5e-05
-9.263040369733316e-05,0.0
1.2148349682648505e-05,3.4e-05
5.8131280226133154e-05,5e-05
4.971471130662095e-05,8.4e-05
0.00014115028189757656,8.2e-05
0.00015325514674625722,0.0001
4.01183016914583e-05,0.000118
9.15305973031607e-05,0.000116
9.994810556665455e-05,0.000116
7.453125721612838e-05,0.000118
0.00011694248512851342,0.0001
0.00011231257945097776,0.0001
8.714834806383178e-05,0.0001
6.669694842987187e-05,8.2e-05
8.689206248143664e-05,0.000118
0.00011231257945097776,0.000116
0.00012026554390076415,0.000116
6.171545197058498e-05,0.0001
0.00011231257945097776,0.000118
0.00011231257945097776,0.0001
0.00017027227273219668,0.000116
0.0001082822316425909,0.000116
0.0007790612946154531,0.000184
0.00047149469054641506,0.0002
-0.0007841778985961668,0.000234
0.00018243374476675317,0.000232
0.0002784257056576989,0.00025
0.00020828222290958254,0.0002
0.00018272253017163155,0.000234
0.00022854726014924072,0.000284
0.0004536669772719952,0.000366
0.0004619698905006672,0.000516
0.0003473513646829173,0.000434
0.0003978799841548636,0.000484
0.0003533167758863224,0.000466
0.0005279584847005304,0.000416
0.0007116601637522856,0.0003
0.0002206587628029509,0.00025
0.00021231257564890895,0.000218
0.00020828222290958254,0.000216
0.00019531714579692887,0.000134
-5.171012078489269e-06,5e-05
-0.00012536219730011443,-5e-05
-4.246940056063084e-05,-0.0001
-0.0001584694030535464,-0.00015
-0.00013827827073565713,-0.000234
-0.00020945103780256448,-0.00025
-0.00018502267024616704,-0.0003
-0.0003000518841560098,-0.0003
-0.0002591179657286769,-0.000284
-0.00028400883568981377,-0.000232
-0.0001041794530414909,-0.000134
-0.00023910829198572057,1.6e-05
3.705016078224884e-05,8.4e-05
-6.957255133751235e-05,0.0002
3.85040365935225e-05,0.000334
0.0001555040299261792,0.00035
0.00023931586010736338,0.000416
-0.0009952209273209798,0.000384
0.0003702137841851595,0.0003
0.00036143320098173454,0.000266
0.00033999193742510596,0.0002
0.0002858550339143757,0.00015
7.806111319451395e-06,1.6e-05
0.00015572496560303917,-0.000166
4.648616878340052e-05,-0.000334
-8.803826901664498e-05,-0.000416
-0.0003187658056076377,-0.0005
-0.000554179470448758,-0.000566
-0.00045616592296675204,-0.000668
-0.0006431156316147748,-0.00075
-0.0005537857053411534,-0.000782
-0.0006935720029606363,-0.0008
-0.0007512561849262084,-0.000734
-0.0007671452500125673,-0.00065
-0.0007429409640724539,-0.000584
-0.0005716100655766888,-0.00055
-0.00030136179810568624,-0.000516
-0.0005430940872110703,-0.000484
-0.0005344275073297228,-0.00045
-0.00021478402642481186,-0.0004
-0.0004635668292879421,-0.000382
-0.0004300021211024604,-0.000384
-0.0004046828116669002,-0.000466
-0.0011146863891890128,-0.00055
-0.00044721662273615573,-0.000584
-0.0007319151465843638,-0.00055
-0.0004422050524766374,-0.000466
-0.0007160507756432023,-0.00045
-0.0008687005927446509,-0.000368
-0.0004601025484073739,-0.000382
-0.00041754704120415905,-0.000434
-0.000605452957647046,-0.0005
-0.00042228587133604986,-0.000534
-0.0004639578725169227,-0.000566
-0.0004516795963866321,-0.000666
-0.0005680383296617473,-0.000618
-0.000597248742104131,-0.000582
-0.0006089540430603125,-0.000518
-0.0005973399447617929,-0.000482
-0.0005513186971199071,-0.000418
-0.0003594510271685217,-0.000416
-0.0002558150646372502,-0.000334
-0.00018305751332715927,-0.00015
-0.00010608730258120868,5e-05
0.00015363694939454688,0.0002
0.00044860207397045307,0.000334
0.0003993391477824224,0.000434
0.00025092074741082926,0.000582
0.00048121207336668964,0.00065
0.0004969341571165939,0.00075
0.0006647207357212391,0.000784
0.0011419847560839988,0.000784
0.0007406376780584945,0.000716
0.0007577990833352638,0.000684
0.0007409202011701619,0.000682
0.0007154760797930609,0.000768
0.0007116363374524466,0.000782
0.0007278515546034894,0.000818
0.0007612609184698219,0.000832
0.000919974213300172,0.00095
0.0008439363643254884,0.001168
0.0009385234610950481,0.001366
0.0010739190923614139,0.0015
0.0012408488314647288,0.00135
0.0013430706005370119,0.00115
0.0010785472327625955,0.001016
0.0009702999344720817,0.000868
0.0010916021515935991,0.000732
0.0010066377241577022,0.0007
0.0005597183901207222,0.000684
0.0007442009722049499,0.000684
0.0006995113543704582,0.000682
0.0008439429915082251,0.00075
-4.0655953858334017e-05,0.0008
0.0007277769199026691,0.000818
0.0007611914908411519,0.000866
0.0007760889242630184,0.001034
0.0008772082141500348,0.00095
0.001030758223573216,0.000932
0.0015300984547148046,0.0009
0.000597975538158938,0.00085
0.0006653623495736922,0.000884
0.0008907656943385702,0.00085
0.0008704582707426587,0.000716
0.0008234012496655523,0.0005
0.000733760003593372,0.00015
-0.0005295295064696027,-0.000216
-0.0004507708045063482,-0.00035
-0.000296363028565204,-0.000266
-0.0004319655028832351,-0.000268
-0.00027619260619336685,-0.000282
-0.0005640738148271085,-0.0002
-0.00025478972507008823,-0.000168
-0.00011283737419301279,-0.000132
2.8997500513476883e-06,-0.000218
-0.0001803137807791402,-0.000382
-0.00036333321503666374,-0.000484
-0.0003074061437891872,-0.000834
-0.0004850941278775987,-0.000882
-0.0006802859216841746,-0.0008
-0.0007538762100631428,-0.000668
-0.0007979703281917241,-0.000616
-9.523806203791067e-05,-0.000484
-0.00032546872757559643,-0.000366
-0.0005364186207144492,-0.000366
-0.00046055840390561855,-0.00035
-0.00039283502628188,-0.000368
-0.00036268741974748383,-0.000382
-0.00036678609558502413,-0.000368
-0.0003672863689866111,-0.00035
-0.0002584694091133567,-0.00025
-0.000338784867859471,-0.000216
-0.0003215607015842846,-0.0004
-0.0003058392884421573,-0.000616
-0.00037441165551148445,-0.00075
-0.0005005595660865215,-0.000834
-0.0007556649182417864,-0.00085
-0.0007647996217989446,-0.000816
-0.0008794526444696899,-0.000918
-0.0008554580615261731,-0.0008
-0.0005342946086473425,-0.0006
-0.0007863570582910466,-0.000382
-0.0006800538124983256,-0.000268
-4.235862207301008e-05,-0.000116
-0.0003458785963713125,8.4e-05
-0.0001748302998822473,0.00035
0.0007407665136466969,0.0006
0.00022279662094827531,0.000782
0.0004474792793142972,0.000834
0.0006368034128628342,0.000884
0.0007723394378396752,0.000916
0.000852739077585552,0.000816
0.0006820471894061648,0.00075
0.0008399124809788335,0.000718
0.0007981217033264122,0.000666
0.0007361516276109886,0.000616
0.0006862339121000638,0.000518
0.0006276696165985506,0.000432
0.0005557642499828677,0.00045
0.0004661972046888285,0.000434
0.00041231256804477134,0.000416
0.00043269695374496424,0.000368
0.0002991099911004848,0.00035
0.00022854726014924072,0.0003
0.00035746951454493787,0.000316
0.00033300091052192486,0.0003
0.00027080574727855175,0.0003
9.028549069180881e-05,0.000166
0.0002689943765017997,-3.2e-05
-0.00016678610318916174,-0.000184
5.791402549563698e-05,-0.000366
-0.00010885171548964268,-0.000684
-0.0006857186336276026,-0.00075
-0.0005017368377626736,-0.000784
-0.0006501065993466815,-0.000832
-0.000763836944611409,-0.000784
-0.000788225923822791,-0.000766
-0.0008227918099717072,-0.00075
-0.0007837640152552545,-0.000818
-0.0007801287688390864,-0.000882
-0.0006023199964557957,-0.00085
-0.0008262125407942915,-0.000768
-0.0008305452981934953,-0.000582
-0.0003502852784160434,-0.0004
0.00018972495740702042,-6.8e-05
-0.0004609051081262894,0.000318
0.0006411561307052807,0.000482
0.0002896199245928301,0.00055
0.0007412822504746694,0.000718
0.0005134426271037348,0.00085
0.0009149553846976563,0.000932
0.0007589166314717531,0.000934
0.0008904696012812991,0.00095
0.0009155310817503894,0.000984
0.0009494808765898919,0.001016
0.0011921924502871697,0.000934
0.0009702137810965049,0.00095
0.0009702137810965049,0.000966
0.0005958263980239548,0.00095
0.0009497147214664576,0.00085
0.0013264464704321093,0.000884
0.0009113235307678893,0.000732
0.0004887247345015287,0.00075
0.0008024010487885597,0.000684
0.0007606598961116309,0.000684
0.0007117740881793305,0.0008
0.0007282886330839801,0.000882
0.000760424394439381,0.000818
0.0007942267344629923,0.00065
0.0003157869414296994,0.000466
0.0002791554058140272,0.0003
0.0002785121746134061,0.00025
0.000278458249858638,0.000284
0.00031177406394008935,0.000282
0.0001621483427468104,0.000134
-0.0001005983779270678,-8.4e-05
-0.000150285286020181,-0.000182
-0.00015917864967267842,-0.000234
-0.00028450388229549233,-0.000266
-0.00019320982473828676,-0.0003
-0.00024657886262067835,-0.0003
-0.0003137306062858618,-0.00025
-0.0002795417594976433,-0.000218
-0.0006995614771489782,-0.000216
-0.00031011212506411697,-0.000216
-0.00028967768046575233,-0.00025
-0.00013144275580356937,-0.000284
-0.0004647539628431666,-0.00035
-0.00027622917404096747,-0.000434
-0.0003312422266122518,-0.000432
-0.0006670417336700127,-0.000484
-0.000339784073447091,-0.000484
-0.0005942217763891512,-0.0005
-0.0003351352230998572,-0.0005
-0.0004922050555065425,-0.000416
-0.0001756220509816994,-0.0002
9.481592945701979e-05,1.6e-05
-0.00027997195438654143,0.000118
-0.00012559926701113692,0.000216
3.3674156354911646e-05,0.00025
0.0001284582309070435,0.000234
0.00022054726439815786,0.000166
0.00021571624542069786,1.6e-05
-0.00030586879518434203,-0.000216
4.571888254045739e-05,-0.0004
-0.00011386690505878058,-0.0005
-0.00046052613583729356,-0.000566
-0.0004237742261256631,-0.000634
-0.0002661790908683049,-0.000734
-0.0006106472882495348,-0.0009
-0.0007116166381271338,-0.001116
-0.0009878941823304147,-0.00105
-0.0007296940936271843,-0.0009
-0.0007975610996577339,-0.00065
-0.0009334409097390403,-0.000516
-0.0007841700879879414,-0.000468
-0.0006376584622112472,-0.000482
-0.0003594997448511396,-0.000468
-0.00014444942046027152,-0.00045
-1.632061980524131e-06,-0.0004
-0.0003770617002083153,-0.00035
-0.00041814202809235774,-0.000366
-0.000392451004710799,-0.000334
-0.0003681103487068719,-0.0003
-0.0003381079090324221,-0.00025
-0.00031356682019822665,-0.000182
-0.00026791947583949355,-0.000218
-0.0002385765789136507,-0.000366
-0.00025571149518323143,-0.000434
-0.000302570193872191,-0.0005
-0.0003820938226238206,-0.000432
-0.00043417602335356527,-0.000368
-0.0004346585453728218,-0.00025
-0.00016735795410905647,6.8e-05
0.000520194463991893,0.000416
-4.105280573408823e-05,0.0007
0.00022462795216827001,0.000916
0.0005171174393787415,0.001034
0.0007606691268304427,0.000934
0.0008929803567981108,0.000732
0.0009012966821823214,0.000618
0.0008254446310093626,0.000532
0.0007002666165173422,0.000484
0.0004832138770283306,0.000466
0.00044515542612966647,0.000468
0.00041214834803445703,0.000432
0.00040382054342300613,0.000384
0.0001482399670389984,0.000166
2.0299892313070177e-05,0.0
3.611164273297087e-05,5e-05
0.00014633205832800618,0.000168
9.41849368483276e-05,0.000232
0.00011021596861487386,0.000368
0.00020165367923358817,0.000466
0.00030562017250385174,0.0006
0.0004131610446726482,0.0007
0.0005303609567851266,0.00085
0.0008187952787685254,0.000934
0.0007677882200952586,0.0009
0.0008437818878516976,0.000766
0.0008609315377686126,0.000816
0.0008523495728097066,0.000784
0.0008152237795386817,0.0007
0.0007654482723239817,0.000584
0.0003528297962977251,0.0005
0.000332980378089696,0.000382
0.000538616138519088,0.000318
0.00018630181042406346,0.000316
0.0005927970260104814,0.000416
0.0003569391821359381,0.000518
0.00029449003605893325,0.00055
0.0004477222365671259,0.000616
0.000523209634899502,0.00065
0.0005822051312015788,0.000634
0.000611555424536726,0.000632
0.0006326969658645849,0.000584
0.0005198135982221152,0.00055
0.0006150805334874129,0.00055
0.0005781652321633102,0.00065
0.0003714578405063902,0.000634
0.0005948495986255873,0.000466
0.00022792221425362922,0.000134
-0.0001268659957923551,-8.4e-05
-0.0003396049817231354,-0.000466
4.103172965330119e-06,-0.000818
-0.0008556538001020029,-0.001132
-0.0011149804309754366,-0.0013
-0.000936895328740536,-0.00145
-0.0011808225170997996,-0.001534
-0.001357797724016371,-0.0016
-0.0014737806802513098,-0.001716
-0.0015774113568153985,-0.00155
-0.0016017676734832926,-0.001268
-0.0015375838820487194,-0.000982
-0.001385933428324956,-0.000784
-0.0009614686067480238,-0.000566
-0.0009064083946710152,-0.000268
0.00021671363642256856,0.0002
-0.0003636455999181625,0.000434
-5.968736864482017e-05,0.00045
0.00019681108241009713,0.000434
-1.2259078873348227e-06,0.000182
-6.285165116400455e-05,-6.6e-05
0.0001339314061403057,-0.000234
7.27315135948027e-05,-0.000332
-0.00011733119580122779,-0.0004
-0.0002611142467380373,-0.000468
-0.0003606449456965481,-0.00045
-0.0004721701748006771,-0.00035
-0.0004426224466464995,-0.00025
-0.000192446574469354,-0.000182
-0.0001168028061824053,-0.000184
-0.00018830389492739246,-0.000234
-0.00021324679616251558,-0.000232
-0.00010474484443059318,-0.000268
-0.00027545815261132567,-0.000282
-0.00025453775405978726,-0.000268
-0.0002629619684010504,-0.0003
-0.0002798299827754145,-0.00035
-0.0003345136485856792,-0.000416
-0.00021633338679836724,-0.000434
-0.00037632541231676667,-0.0004
-0.00040077715252656576,-0.000416
-0.00041680278491431987,-0.000534
-0.0004472956755588004,-0.000632
-0.0004978382791752713,-0.000834
-0.0006078000059712551,-0.000966
-0.0007456863534161572,-0.00105
-0.0008744121986282475,-0.001068
-0.0010882259420022218,-0.001016
-0.0010259645858265146,-0.001066
-0.0011552571340576238,-0.0011
-0.0010632467490521121,-0.001084
-0.0010672837289741753,-0.001066
-0.00107935537901414,-0.001018
-0.001067764120827552,-0.000982
-0.0007110544321249719,-0.001
-0.00101727745378918,-0.00105
-0.0010131248926443879,-0.001034
-0.0010171686575392528,-0.000966
-0.0010133039054733108,-0.00085
-0.0013576107427891574,-0.000768
-6.421520387395601e-05,-0.000716
-0.00027942440313668117,-0.00065
-0.0006554732761478403,-0.00055
-0.0006730195313935328,-0.000434
-0.000590141759226816,-0.000232
0.00021151968057148447,0.000132
-0.0002774224614087332,0.000434
-3.327479101904701e-05,0.000784
0.00027020746652274286,0.00115
0.0006155544165006021,0.001516
0.0009609859814009027,0.001734
0.0012870279086192899,0.001782
0.0015393163925313343,0.0016
0.0013014555221221452,0.001384
0.0016211736180041182,0.001284
0.0015077138827011387,0.001282
0.0013031561045493973,0.0013
0.001311460595678721,0.00145
0.0013272583792123854,0.00155
0.0013927594021109068,0.0015
0.0010804897073597368,0.0012
0.0014216613349759045,0.0009
0.0004590815433579298,0.000634
0.001050462652435122,0.000634
0.0008362104104700706,0.00075
0.0007267908897854899,0.0009
0.0007267908897854899,0.000866
0.0007849052074686856,0.000716
0.0008060924684679244,0.0006
0.00030139583660317035,0.00045
0.0006542136530723595,0.000318
0.0005172696673441038,0.000182
0.0003836558803885473,6.8e-05
0.00012882679891361795,1.6e-05
-7.967378807692365e-05,-6.6e-05
-0.00024220504035701688,-0.00025
-6.099342659977928e-05,-0.00045
-0.00019195294797426192,-0.000568
-0.00033825508771569927,-0.000816
-0.0010152006998465884,-0.001034
-0.0007225967753913603,-0.000982
-0.0008545039838971885,-0.000734
-0.0003890486958783221,-0.0005
-0.00038810791206232725,-0.0003
-0.00025479593805390386,-0.0002
-0.00027200209653790395,-0.000216
-0.00017605589476585434,-0.000268
-0.00015005189479005255,-0.000182
0.00023602238697232998,0.000116
0.0003118920514613121,0.000284
0.00012714622623900368,0.0
-0.0002969325126341213,-0.0003
-0.0004677843604920635,-0.0004
-0.00011064650844767398,-0.0003
-0.00025371967174321174,-0.000234
-0.000150285286020181,-0.000184
-0.0002815047665270132,-0.000282
-0.00023768741217272096,-0.00025
-0.00023824679767746814,-0.000284
-0.00016728637659074868,-0.00015
-0.00024285290664080198,-6.6e-05
-0.0001972256016203441,-1.8e-05
-0.0001548439198976601,-1.6e-05
7.416229966533057e-05,-3.4e-05
-3.399908193470404e-05,1.8e-05
-1.678609409944631e-05,1.6e-05
-8.347474018328119e-06,5e-05
7.821340526209015e-06,6.6e-05
3.696985735006425e-05,8.4e-05
9.103669467545456e-05,0.0001
6.1753195847265e-05,0.000116
0.00014470533151312746,0.0001
9.971470447464702e-05,0.000118
-0.00012724715741850508,0.0001
-8.875385682402058e-05,1.6e-05
-8.985340356733797e-06,0.0
7.431760946790294e-05,0.0
-1.2851648134099416e-05,-1.6e-05
1.6268058442780567e-05,-3.4e-05
-7.522910821212664e-05,-5e-05
-5.8952560035132364e-05,-6.6e-05
-0.00010886870750728452,-0.0001
-5.042543205480875e-05,-8.4e-05
-0.00015051915062050495,-0.000116
-9.196329688747768e-05,-0.000118
-2.197094743614653e-05,-0.0001
0.00016333440135721605,-0.0001
-0.00014284392627103579,-8.2e-05
-0.00010031982915266662,-1.8e-05
-0.00019322771418692417,0.0
4.113127939320299e-05,3.4e-05
0.00010736959362946878,5e-05
0.00011925647643407168,5e-05
3.2991159900584415e-05,8.4e-05
4.922283529506419e-05,0.0001
0.0001614331790002349,0.0002
0.00010711474788141822,0.000316
0.00017269956716641825,0.000416
0.00046359828397310915,0.00045
0.00034308485938732217,0.000584
0.00043912181017059635,0.000616
0.0005143888152294615,0.000768
0.0006016954783925802,0.001
0.0007379238467278231,0.00125
0.0009025503242500104,0.001332
0.0011431428562672342,0.001318
0.0012216879893772957,0.001316
-0.00039158623625869455,0.001216
0.0012943504721731284,0.001118
0.0012399507693088756,0.000932
0.0006895121190462932,0.000784
0.0007997147518242585,0.0008
0.0009051795012107241,0.00075
0.0008147862276879955,0.000784
0.0007790446477635788,0.000832
0.00079076568827876,0.000668
0.0007570157345567814,0.000516
0.0008889534754402178,0.000416
0.00024512632146678225,0.000218
0.00045044841497039604,1.6e-05
0.000286743056677333,-0.000234
9.802399871928583e-05,-0.0004
-0.00010584871414080905,-0.000466
-0.000505261039420486,-0.0006
-0.0004280883248496619,-0.000534
-0.0005618983237512436,-0.00035
-0.000489792879332939,-0.000366
-0.00028019053307430306,-0.000434
-0.00042279754506984455,-0.00065
-0.00045296846508636795,-0.000816
-0.0005709181166934498,-0.001016
-0.0007343067706019803,-0.001184
-0.0009214991998177342,-0.001284
-0.0010794032682989157,-0.001366
-0.0012157357780771636,-0.0013
-0.0012851163853077518,-0.001084
-0.0012611122560652929,-0.000782
-0.0011386513864953122,-0.000518
-9.171776568421105e-05,-0.000116
-0.0006338179309203072,3.4e-05
-0.0003535058919884896,-0.000234
-0.00021351793866573337,-0.000566
-0.00022597834397873379,-0.000718
-0.0003782422854758357,-0.000682
-0.0005547335897100805,-0.000618
-0.0006474502035997279,-0.000716
-0.0006845038079159426,-0.0007
-0.0007143026195113047,-0.000584
-0.0006558678302057707,-0.000466
-0.0006189979329729175,-0.000366
-0.0002360409517378183,-0.000368
-0.00044821590721880834,-0.000382
-0.00046605076049367674,-0.00045
-0.00039235285929027007,-0.00045
-0.0004134393318853884,-0.000418
-0.0004256975292298874,-0.000382
-0.0004256975686774037,-0.000368
-0.0004052946820920709,-0.000332
-0.00037576561261309845,-0.000318
-0.000350645828714932,-0.000366
-0.000346537803816031,-0.000434
-0.00036361254289951167,-0.0005
-0.0004062076948565978,-0.000482
-0.0005799094679764111,-0.00045
-0.0005342724391431877,-0.0004
-0.0003473873060793313,-0.000384
3.300542387592783e-05,-0.000384
-0.0004051731837418984,-0.000416
-0.00039633299534135957,-0.00045
-0.00040917868454596224,-0.00065
-0.00047757176265375236,-0.000816
-0.0005870053661016485,-0.000884
-0.0004761016720641813,-0.000934
-0.0008236596553300823,-0.001082
-0.0009314245893914047,-0.0011
-0.0010023046756112,-0.000968
-7.183457054035883e-05,-0.000866
-0.0010063411032680352,-0.000784
-0.0009324278975207189,-0.00075
-0.0008440855003698958,-0.00065
-0.0007644208467475302,-0.00065
-0.0007990705983160785,-0.00065
-0.000676074899320241,-0.000666
-0.0008768814553579223,-0.000684
-0.0006628516184897127,-0.000632
-0.0006584797291543493,-0.00065
-0.0006057114966688091,-0.0008
-0.0007847089410604598,-0.00085
-0.0007353288557490485,-0.000868
-0.0007941252209888944,-0.000916
-0.0007493869249193011,-0.000916
-0.0008882258509875687,-0.000818
-0.0007087177190500307,-0.000716
-0.0005433293916457388,-0.00065
-0.0002740881403705817,-0.000516
-0.0006777176516886125,-0.000418
-0.0006018415769782333,-0.000382
-0.0004940748283311616,-0.000368
-0.00042243415454978314,-0.000366
-0.0003840196109215712,-0.000384
-0.0003752065624122397,-0.000382
-0.00037520652296472345,-0.000368
-0.0005778717670749464,-0.000382
-0.0005838027800441468,-0.0004
-0.0003832863604887768,-0.000434
-0.0005004254445311364,-0.000516
-0.0004342762989399739,-0.000568
-0.00048114349856869383,-0.000566
-0.0004025642039095252,-0.000566
-0.0005545468451679647,-0.000518
-0.0005550255013306248,-0.000482
-0.00044306256258574457,-0.000484
-0.0005338785556930343,-0.000484
-0.0007408919811813304,-0.0005
-0.0006058901150225693,-0.00055
-0.0005051732292492249,-0.000616
-0.0007297344089888324,-0.000634
-0.0005763254244363871,-0.000582
-0.0005963008182876876,-0.000584
-0.000746744888068277,-0.000634
-0.0006091346732374033,-0.000716
-0.0006303493108129472,-0.000734
-0.0006685125737623933,-0.000732
-0.0007050182520773429,-0.000718
-0.0007252066230690919,-0.000682
-0.0003471434415336279,-0.000618
-0.0005837860937447562,-0.000566
-0.0006474501247046954,-0.00055
-0.0004919633211267187,-0.000566
-0.0005756386826252985,-0.00065
-0.0011177310273912903,-0.00085
-0.0006936583141262784,-0.000834
-0.000727996903686333,-0.0007
-0.0005426904602243933,-0.0006
-0.000508505321502706,-0.0004
-0.0002472076757540955,-0.000284
-0.0002128516503918409,-0.000232
-0.00030696018961753126,-0.000268
-0.0002675989055983647,-0.0003
-0.00027919424660288847,-0.0003
-0.00040803166911480447,-0.0003
-0.0002252291173018421,-0.000266
-0.0003647226354554222,-0.000266
-0.00040128421090095454,-0.000268
-0.0005442142783311511,-0.000266
-0.00026268741368767353,-0.000284
-0.00025417945226932723,-0.00025
-0.00025871779039967523,-0.000266
-0.0005354453321450316,-0.000266
-0.0002668027955483626,-0.000268
-0.0002587177706759171,-0.00025
-0.00026268741368767353,-0.00025
-0.00025417945226932723,-0.000266
-0.00024213464626419778,-0.000266
-0.00025820505158294073,-0.000268
-0.00026268741368767353,-0.000266
-0.00026655614995276075,-0.000266
-0.00023328637112281957,-0.00025
-0.0001923528866181658,-0.000268
-0.00026268741368767353,-0.000266
-0.00026268741368767353,-0.000284
-0.00026655614995276075,-0.00025
-0.0003383791896019469,-0.000282
-0.00027084458806741303,-0.000268
-0.0002670575278848038,-0.000282
-0.00025820505158294073,-0.000268
-0.00027116703206556564,-0.000266
-0.0002668027955483626,-0.000266
-0.00027067380004563643,-0.000268
-0.0002628373734208491,-0.000266
-0.0002587177706759171,-0.000266
-0.00026655614995276075,-0.000268
-0.00026730304922619136,-0.000282
-0.0006235919118249923,-0.000268
-0.0002673030689499495,-0.000266
-0.0002587177706759171,-0.000266
-0.00026268741368767353,-0.000268
-0.0003052946760322606,-0.000266
-0.0002173030659200444,-0.000266
-0.00022953260464395888,-0.00025
-0.00025820505158294073,-0.000268
-0.00024185512116376838,-0.000266
-0.00023355615268672535,-0.00025
-0.0002752291203317472,-0.00025
-0.0003622068306565255,-0.000266
-0.0004358168033461222,-0.00025
-0.00025417945226932723,-0.000268
-0.000275181171875697,-0.000266
-0.00023330305742221013,-0.000234
-8.978699713752889e-05,-0.00025
-5.9577714411413656e-05,-0.000266
-0.0002713412322975013,-0.000266
-0.0002834246968685948,-0.000268
-0.00026268741368767353,-0.000282
-0.00027067380004563643,-0.000268
-0.00026268741368767353,-0.00025
-0.00026655614995276075,-0.00025
-0.000258347476840505,-0.00025
-0.000254700120036836,-0.000282
-0.00026268741368767353,-0.00025
-0.0002587177706759171,-0.00025
-0.0002500519008498628,-0.000268
-0.0002587177706759171,-0.000266
-0.0002587177706759171,-0.00025
-0.000340193144191016,-0.000266
-0.0002850162069133058,-0.00025
-0.0002708299924863858,-0.000268
-0.00026730304922619136,-0.000266
-0.00025871779039967523,-0.00025
-0.0001586225383117833,-0.00025
-0.0003088686999031469,-0.00025
-0.00025871779039967523,-0.000266
-0.0002291942632967415,-0.00025
-0.00025417945226932723,-0.000268
-0.00025171974183859453,-0.00025
-0.000254700120036836,-0.00025
-0.00026268741368767353,-0.000266
-0.00036370942599951933,-0.000266
-0.00032546876702311276,-0.00025
-0.00027067380004563643,-0.000268
-0.00026268741368767353,-0.000266
-0.0002887345889700545,-0.00025
-0.0002673030689499495,-0.000266
-0.00027067380004563643,-0.000268
-0.00026268741368767353,-0.00025
-0.0002548445768414892,-0.000266
-2.200735256274246e-05,-0.00025
-0.0002587177706759171,-0.000266
-0.00021708103557460738,-0.000268
-0.00020529466997245036,-0.000266
-0.0002169127919176315,-0.00025
-0.0007178303319980667,-0.000284
-0.00027116703206556564,-0.000266
-0.0002668027955483626,-0.000284
-0.0002842639033301435,-0.000266
-0.0002587177706759171,-0.00025
-0.000254700120036836,-0.000266
-0.0002668027955483626,-0.000268
-0.0002668027955483626,-0.000266
-0.00017569753380411988,-0.000216
-0.00022935534722951076,-0.000234
-0.00026655614995276075,-0.00025
-0.00023030084502370228,-0.000216
-0.00023330305742221013,-0.000234
-0.0003130583811607677,-0.000216
-0.00024584458655246046,-0.000234
-0.0004895163916912639,-0.000234
-0.00017546875793339733,-0.000216
-0.00018768740914281584,-0.000216
-0.0002252291173018421,-0.000218
-0.0002252291173018421,-0.000216
-0.000200285269326328,-0.0002
-0.00016655614389295047,-0.000166
-0.00018019054673825094,-0.00015
-0.00013768742583666885,-0.00015
-0.00017095525201455374,-0.000168
-0.0003206609826327474,-0.000166
-0.00018380279525242202,-0.000166
-0.00012522911124203178,-0.000134
-0.00011285165419390969,-0.000116
-0.00016268740762786328,-0.000134
-0.00011285166405578874,-0.000134
-0.00012970010260019408,-0.000132
-0.000191963302947288,-0.000168
-0.0001341686087648301,-0.000132
-0.0002271131898511162,-0.00015
-6.375385530906801e-05,-0.0002
-0.00016312490030727505,-0.000134
-0.00048254684396070263,-0.000184
-7.145272844455288e-05,-0.00015
-0.0002445496626589741,-0.00015
-0.00021750900167883514,-0.000182
-0.0002252291173018421,-0.000218
-0.00019818009344824966,-0.000216
-0.0004112143341765799,-0.000166
-0.0002476286793716982,-0.000184
-0.00036526192245061977,-0.000166
5.532075416955139e-06,-0.000184
-0.00026330389947225015,-0.000166
-0.0002087177873697701,-0.0002
-0.00017935534419960566,-0.000218
-0.00020005189781995767,-0.0002
-0.00019662254771506414,-0.000182
-0.00019584460324631347,-0.000168
-0.00022561410533707214,-0.00015
-0.00011730304999835502,-0.000132
-0.00015077713737704008,-0.00015
-0.0001520245072896391,-0.00015
-0.00014171777857599529,-0.00015
-0.00018768740914281584,-0.000168
-0.0001714527246424841,-0.000166
-0.0003999346324736487,-0.00015
-0.00023080668052508606,-0.00015
0.00035821235072419063,-0.00015
-0.00013409876693723906,-0.000166
-0.00017084458200760275,-0.000168
-0.00015871778433986498,-0.000166
-0.00018003476849642262,-0.000166
-0.00015417944620951696,-0.000168
-0.00029808966607696564,-0.000182
-0.00017536221019189864,-0.000168
-0.0001132468196883425,-0.000166
-0.00012116703283772931,-0.000134
-0.00027309386572249794,-0.00015
-7.954175723990177e-05,-0.0001
-9.668284704578184e-05,-5e-05
-0.0001047001010852415,-8.2e-05
-7.935533813979535e-05,-8.4e-05
-7.546874201170795e-05,-0.000116
-0.000382967703452188,-0.000184
-0.00017522911427193694,-0.000184
-0.00018803014888809958,-0.000182
-0.0002041794492394221,-0.000184
-6.433439454442557e-05,-0.000234
-0.00019654684793130405,-0.000232
-0.00022153258916911788,-0.000234
-0.00021728375636082052,-0.000234
-0.00027134121257374314,-0.00025
-0.00020972310732241504,-0.000232
-0.0002252291173018421,-0.000234
0.0002101198065609092,-0.00025
-0.0002211942675456586,-0.000216
0.0001473632262657,-0.000218
-0.00024196330597719311,-0.000216
-0.00021268743038152656,-0.000216
0.0002698874682706002,-0.00025
-0.0004261925955593241,-0.000218
-0.000254700120036836,-0.000232
-0.00022945274314723022,-0.000234
-0.00023378609225917842,-0.000234
-0.00011778386591253203,-0.000216
-0.0002041794492394221,-0.000216
-0.0002252291173018421,-0.000234
-0.0002252291173018421,-0.000284
-0.0002667860895252139,-0.00025
-0.00024662253102121116,-0.000266
-0.0004146555382601185,-0.000284
-0.00024246939788743278,-0.000282
-0.00010111947961725575,-0.000268
-0.0002752065366286713,-0.000316
-0.0002879387945001827,-0.000316
3.975130788733078e-05,-0.000284
-0.0002808501744417007,-0.00025
-0.0003041794158517161,-0.0003
-0.000288107906002517,-0.00035
-0.0002968948402560646,-0.000316
-0.00030489483600714746,-0.000284
-0.00024196330597719311,-0.000316
-0.00031708108108193395,-0.000368
-0.00032174855065685655,-0.000382
-0.0003384802935861976,-0.000318
-0.00034673153056853005,-0.000382
-0.00036315467557793623,-0.0004
-0.00037127510459625176,-0.000434
0.0003680842889132885,-0.000466
-0.00042130082740677785,-0.000468
-0.0003344274952101023,-0.00045
-0.0008589475888171667,-0.0005
-0.0004714527033743986,-0.000566
-0.0005472294097912438,-0.0006
-0.0005304410596760269,-0.000534
-0.0005509218945535483,-0.000632
-0.0005839108662387808,-0.000568
-0.0004548445889611097,-0.0005
-0.0005597104461552638,-0.000482
-0.0005469726064601973,-0.000534
-0.00052181838488031,-0.000566
2.4425870762822545e-05,-0.000568
-0.0005383635805051167,-0.000616
-0.0006781405290632389,-0.000634
-0.0005967382123483086,-0.000632
-0.0007803817852085691,-0.00065
-0.000633303061937693,-0.000618
-0.0006337861362221776,-0.000532
-0.0006091249297008798,-0.00045
-0.00043078894126237624,-0.0004
-0.00025217328965713623,-0.0004
-0.00044683879442513225,-0.000418
-0.0004175090137984557,-0.0005
-0.00043052689141166327,-0.000682
-0.0005027684692086839,-0.000834
-0.0006125045562114901,-0.001134
-0.0007932623460175719,-0.001366
-0.0010105665634229308,-0.00145
-0.0012019240191986243,-0.00135
-0.0012812429547882263,-0.0012
-0.0008057746248144934,-0.001184
-0.001298727750803539,-0.001332
-0.0012683601060232785,-0.0014
-0.0013278924041270268,-0.0012
-0.001281243033683259,-0.00105
-0.0012488187531937145,-0.001118
-0.001195256284415196,-0.00115
-0.0011308502456738462,-0.001132
-0.0011134392954090277,-0.001068
-0.001117757536122237,-0.00105
-0.0011010421244646398,-0.001032
-0.0010714366845941303,-0.000934
-0.0010222858682473952,-0.0009
-0.0009805747745778792,-0.0009
-0.0009428414895559917,-0.0011
-0.0009605553967459155,-0.001166
-0.001019446436024857,-0.001134
-0.001077571799012614,-0.001084
-0.0011217861531708465,-0.001
-0.001097554490654428,-0.001016
-0.0010598350911582746,-0.00095
-0.0010136894654975272,-0.000916
-0.0009714878814104642,-0.000868
-0.0005265805679418443,-0.000782
-0.0008805661689595178,-0.000834
-0.0008512132720882954,-0.000984
-0.0008688397635821212,-0.001032
-0.0009105564587989503,-0.0011
-0.0009899239937286213,-0.001134
-0.0010639472580463859,-0.001116
-0.0014381370090623244,-0.001134
-0.0011213553073979297,-0.00115
-0.0008149303933453504,-0.001084
-0.001121610059458129,-0.001016
-0.0010606804514323644,-0.000916
-0.0010436471716885043,-0.000934
-0.0009891686526867047,-0.000966
-0.0009589430189650874,-0.001218
-0.0010115322386217045,-0.001466
-0.0011513317906066607,-0.001616
-0.0013226318411446872,-0.0017
-0.001504540748923621,-0.001634
-0.00149633298310424,-0.001516
-0.0016181352369422466,-0.001434
-0.0015735535475123236,-0.001384
-0.001359403237929365,-0.001216
-0.0013902194798648727,-0.000934
-0.0012468429059977922,-0.000882
-0.001109098806296631,-0.000868
-0.00010502000071859343,-0.0008
-0.0008721864119691132,-0.000832
-0.0008462946401771558,-0.000818
-0.0008301210007082825,-0.000582
-0.0004007179418046148,-0.000418
-0.00017546875793339733,-0.000216
-8.797250014511085e-05,-0.00015
-0.00016268740762786328,-0.000166
-0.00021268743038152656,-0.0002
-0.00010443542797469525,-0.000184
-0.00017546875793339733,-0.00015
-0.00018330305439230498,-0.00015
-0.00022978619300242773,-0.0001
-3.844455568076639e-05,-0.0001
0.00011822540711516859,-5e-05
4.1036695343754064e-05,0.0
2.8547265904275997e-05,5e-05
2.0299892313070177e-05,3.4e-05
9.957456717302758e-05,5e-05
0.0003483527990552077,5e-05
-4.223435253481821e-05,1.6e-05
0.00014482680027766274,3.4e-05
4.582054495361056e-05,1.6e-05
-2.1452735276526812e-05,0.0
6.231258381748193e-05,1.6e-05
-8.1011867553231e-05,0.0
-0.00012261863240403957,0.0
-5.0933170898853535e-05,0.0
6.601087229562056e-05,0.0
-5.189309674642558e-08,0.0
-0.00016611326662756517,0.0
2.4793466757940917e-05,1.8e-05
-2.119425542603806e-05,0.0
-6.430260970817508e-05,-1.8e-05
-5.945103857472811e-05,1.8e-05
3.666982053955919e-06,0.0
4.299892798127695e-06,-1.8e-05
-8.38027990544908e-05,-5e-05
-7.545813062982602e-05,-6.6e-05
-1.2949837933084204e-05,-3.4e-05
3.687510873050831e-05,-3.2e-05
1.974118296340691e-05,-0.0001
-0.00015470011397702573,-0.00015
-0.00011791944702602,-0.000184
-0.00019186872752698325,-0.000184
-0.00015535431158717538,-0.000216
-0.0003443439301975751,-0.00025
-0.0002754687639932076,-0.000316
-0.00023400883265990865,-0.00025
-0.0003717994409827755,-0.000284
-0.00036045760944168793,-0.000316
-0.00029217865299852416,-0.000268
-0.0002801038668810144,-0.000282
-0.00047403170309439166,-0.000334
-0.0008286676753131346,-0.000366
-0.0003134803117950032,-0.000384
-0.00035468284808451135,-0.0004
-0.0003882782858851828,-0.000366
-0.000379355336595468,-0.000368
-0.0004296939965527209,-0.00035
-0.00021700882689603893,-0.00035
-0.00038768744098619456,-0.00035
-0.0005417484535353935,-0.000416
-0.00032978621878599615,-0.0004
-0.0003797344666745291,-0.000384
-0.0003504886303625172,-0.0004
-0.0002715417637465604,-0.00035
-0.0003840088417496241,-0.000382
-0.0003833030073406511,-0.000418
-0.0003881248744943319,-0.000432
-0.0003962946918030422,-0.000384
-0.0002754687639932076,-0.000316
-0.0005824925307905818,-0.000284
-0.00035543223255146824,-0.0003
2.9391753784095523e-06,-0.000284
-0.0002963330287290656,-0.000382
-0.00031350938461450876,-0.000368
-0.0004966828219756276,-0.0005
-0.00038540993863320433,-0.000416
-0.00039738726966172017,-0.000316
-0.000401679593356727,-0.000318
-0.000246795942302821,-0.000182
-0.00019646941245682724,-0.0002
-0.00018305751332715927,-0.000218
-0.00014235862320188084,-0.00015
2.4793466757940917e-05,-8.2e-05
-0.00016380856521209315,-0.0001
-2.5468743912742358e-05,0.0
-8.434019256890641e-05,-3.4e-05
0.00010331716014289916,5e-05
2.0832965708084622e-05,3.4e-05
0.00013249099980674266,5e-05
4.9339126573086454e-05,8.2e-05
5.356456946969372e-05,0.000118
6.189206589742362e-05,0.000166
0.00010593451271060487,0.00015
0.00012820060904003403,0.000116
0.00013696985108252569,0.000118
5.687837533390474e-05,0.000166
0.00013696985108252569,0.000216
0.00015298175573461094,0.000184
0.00012373922315208832,0.000134
0.00028344384392867947,0.0003
-4.928204086421005e-05,0.00025
0.00020803668184443683,0.000216
0.0004524274968626541,0.000216
0.0002446456929283076,0.000284
0.00019103669580432527,0.000166
9.50447250515005e-05,0.000118
9.912742464494344e-05,0.0001
3.2722539264755696e-05,5e-05
5.415541436868199e-05,1.6e-05
0.00021927508199781257,5e-05
-0.0001097145017040536,-1.6e-05
3.610193432939149e-05,-5e-05
-0.00015871778433986498,-0.00015
-4.3291664313933076e-05,-0.000168
-9.759895644033746e-05,-0.0003
-0.00016920685919755827,-0.00045
-0.0002699879655274224,-0.000566
-0.00037473035199558956,-0.000534
-0.001117815523971183,-0.00045
-0.0003967959119450201,-0.000366
-0.0003301288204649728,-0.000316
-0.00039584455619465957,-0.0004
-0.00038421306154145623,-0.000518
-0.00040184527292514403,-0.0005
-0.0007192444465620226,-0.000432
-0.0004636982289647033,-0.000418
-0.00046806167653158057,-0.000432
-0.00044629465538543106,-0.000368
-0.00046776412391620685,-0.000266
-0.00037261557064729463,-0.000216
-0.00026312488664332717,-0.000184
-0.00026022774270445715,-0.0002
-0.0002172639142601268,-0.000284
-0.00022194592024480216,-0.000266
-0.00043120546758687996,-0.000234
-0.00024679592257906285,-0.0002
-0.00013856682931731682,-0.0002
-0.00022568238898776973,-0.0002
-0.0002969377591537879,-0.000182
-0.00019570012671790216,-0.000284
-0.0002174847217325588,-0.00035
-0.0002556740989377887,-0.000416
-0.0003101436830771488,-0.0005
-0.0003894838019829984,-0.000484
-0.0004389775750363568,-0.0004
-0.000451061414358855,-0.000434
-0.00047611090278299313,-0.000466
-0.0004467959544224415,-0.00045
-0.0004381079545397487,-0.00055
-0.0004554878201617308,-0.000466
-0.000483974094547583,-0.000384
-0.0004639671426832507,-0.000416
-0.0005321073622116233,-0.000368
-0.00040942945240701636,-0.0003
-0.0003680517691451816,-0.000316
-0.00035113312388365957,-0.000416
-0.0003391231697591721,-0.00055
-0.0003979717240630695,-0.000718
-0.0010386764690558622,-0.000816
-0.0006288102265173853,-0.000766
-0.0007149804856312281,-0.000618
-0.0007313134930659121,-0.0005
-0.0009371985223507392,-0.00055
-0.0005241199896657532,-0.000682
-0.000476333189537286,-0.00075
-0.0006229814220628917,-0.000834
-0.000706577770186343,-0.0007
-0.0007429621868362178,-0.000584
-0.0004355185012279389,-0.000432
-0.0002756386447221095,-0.00035
-0.0001610143990144976,-0.0004
0.0001262337262921886,-0.000434
-0.0004048439153234276,-0.000516
-0.00042649957613109113,-0.000484
-0.000459608665503426,-0.000434
0.00026362696992158943,-0.0003
-0.00015051913089674678,-0.0002
-0.0003572708023907021,-0.000182
-0.00028148368182955637,-0.00015
-0.00020939082116894813,-0.000118
0.00014828526264957815,-6.6e-05
0.00011503326478760456,-5e-05
-9.699441339131757e-05,3.4e-05
0.00012809051102206928,0.0002
0.00027453122988823264,0.000266
0.000295666992154955,0.000266
0.0001891478007961847,0.000318
0.0005188993625845833,0.000332
0.00024128223989937613,0.00025
0.00023294248269048942,0.00025
0.00028656067108576725,0.000418
0.0005661215109648787,0.00065
0.000387933490159978,0.00085
0.0007424932103297329,0.00105
0.0007361850791048023,0.001
0.000883640841736376,0.000866
0.0009393784465631128,0.001016
0.000981265476155281,0.001268
0.0010338976147096215,0.001466
0.001148286970181486,0.0016
0.0013320445463638239,0.001566
0.001471794394478255,0.001284
0.0014759526360653928,0.001
0.00135648472845135,0.0011
0.0012321616994273943,0.0013
0.0009897117416581501,0.001484
0.0012163792215300502,0.0016
0.001366299901664507,0.0017
0.0015173116212045064,0.001766
0.0016348582769851719,0.001516
0.0016431362593835488,0.0012
0.001015452981727946,0.000968
0.0013549748353178426,0.000866
0.0010118919755374351,0.00095
0.0009929270298158971,0.001134
0.0009770904299262037,0.0013
0.0010583359822113985,0.001216
0.0010824708405228417,0.00105
0.001268516293754954,0.00095
0.0011256022814638874,0.000934
0.001131305682264096,0.00095
0.000969856307703887,0.001016
0.0009402260947931475,0.00105
0.0009863235155889887,0.001066
0.0010357454152676673,0.001118
0.0016623754442383332,0.001316
0.0011348691342006165,0.001516
0.0012495931624006834,0.001634
0.0014245312206810183,0.00145
0.0014761506625971675,0.001134
0.0014289111573097047,0.000866
0.0009574027268112046,0.000984
0.0011030732526455683,0.00105
0.0010060706266635203,0.000766
0.000913795233243574,0.000534
0.0008284824053438058,0.000366
0.00036080787895350903,0.000184
1.214834844991362e-05,5e-05
-2.5622056684802573e-05,-6.8e-05
-9.707063585466851e-05,-0.000182
-0.00022135535147842792,-0.00025
-0.00022916704451050152,-0.000234
-0.0005754581313432401,-0.000516
-0.00029871800584018734,-0.000784
-0.0004515792813527072,-0.001016
-0.0006447536502811915,-0.0012
-0.0006099461875425167,-0.001118
-0.0008515450257002925,-0.000832
-0.0006757378597410612,-0.000684
-0.000963688239594617,-0.000716
-0.0008417416078469899,-0.00105
-0.0008240582330346743,-0.001218
-0.0009225858211014523,-0.001316
-0.0010806549379907902,-0.0011
-0.0004496863133885097,-0.000816
-0.001117149176526016,-0.000718
-0.0009933496160432255,-0.0009
-0.000886986962290972,-0.0012
-0.000912968516630005,-0.00125
-0.0010224166762114121,-0.001032
-0.000948502523723705,-0.0009
-0.0010989415442222092,-0.000768
-0.0009919137264502776,-0.000582
-0.0008246250938437583,-0.000568
-0.0007079157510438595,-0.0007
-0.0006565636843931223,-0.000882
-0.0006861200515533674,-0.001
-0.0007916107574055516,-0.000984
-0.00089446273999808,-0.000934
-0.0009511465329505434,-0.000882
-0.0009511465329505434,-0.000684
-0.00047217238386158925,-0.000534
-0.0007624599107127655,-0.000482
-0.0006493532306805793,-0.0005
-0.0005519740781555455,-0.000734
-0.0005649989379791364,-0.001034
-0.0006930393037006592,-0.001116
-0.0008520802496013121,-0.00095
-0.0007883038721149796,-0.0007
-0.0006685669324398405,-0.00055
-0.0008344254347907903,-0.000684
-0.0007245827211514529,-0.001
-0.0007375796521335105,-0.001282
-0.000886049689303927,-0.0015
-0.0011240931228185052,-0.00165
-0.0019002851751055213,-0.00175
-0.0015498703632623983,-0.001818
-0.0014967449729643705,-0.001532
-0.0016901746067707658,-0.001218
-0.0015853007022832886,-0.000966
-0.0009422343133852595,-0.000766
-0.0011276046618235885,-0.000684
-0.0009136089865044857,-0.000484
-0.00032135533781448006,-0.0003
-1.7818396153233462e-05,-0.000116
0.00017467949718027653,-5e-05
-0.00024169705496599527,-1.6e-05
2.038991894165275e-05,5e-05
9.50447250515005e-05,5e-05
-2.6570823691906587e-05,1.6e-05
0.0002456369301176371,0.00025
-1.1068834893671362e-05,0.000534
0.00020739122185914536,0.00085
0.0009368919907163356,0.000866
0.0006492291832565322,0.000634
0.0007174885342841,0.00045
0.0003611116642764566,0.00065
0.0009623126013737279,0.00095
0.0006665555974939417,0.000932
0.0007403424528465818,0.000734
0.0008133220936733842,0.000784
0.0008476953970477738,0.001082
0.0008796268991638262,0.001118
0.0009252377742937493,0.001016
0.001165215556217113,0.00115
0.0010902644074211802,0.001384
0.0011636595883845792,0.001232
0.0009702138599915374,0.000934
0.0011709701598934656,0.000684
0.0010518026056684532,0.000466
0.0005695353384721122,0.000316
0.00017479346105483772,0.000184
0.00012080573818883634,0.000116
0.00010788203165889158,0.0001
-1.678609409944631e-05,0.0
-2.5229115044100577e-05,0.0
-0.00012134122320778589,-8.2e-05
-0.00019185511813386326,-0.000218
-0.00020886871356709478,-0.00025
-0.000706183689498608,-0.000382
-0.00023564551011077148,-0.000684
-0.0006714878632310333,-0.0007
-0.000508805359311606,-0.00055
-0.0005821689428144568,-0.000466
-0.0004089633011070201,-0.000434
-0.0005400529992852589,-0.000366
-0.00020134408011106188,-0.0004
-0.0001605261373816209,-0.00035
-0.00042095522771656315,-0.0004
-0.0001569007922920416,-0.000418
-0.0005719709709032239,-0.000482
-0.0004136722694690795,-0.000568
-0.0004686322454071959,-0.000632
-0.0005270225379143549,-0.00065
-0.0005846322429691719,-0.000634
-0.000978346305487637,-0.000616
-0.0005840616740935566,-0.00065
-0.000637851597251002,-0.000584
-0.0011728276889733506,-0.00085
-0.0006775717747733729,-0.00115
-0.0008139591165992635,-0.001466
-0.001020673253781469,-0.001668
-0.0012912117366298155,-0.001516
-0.0014546743546313893,-0.001184
-0.0014628414106139596,-0.000882
-0.0013200377724734717,-0.000634
-0.00024741954836408794,-0.0004
-0.00023768741217272096,-0.0002
-4.7018241592191e-05,-0.000116
-0.00034245609041049527,-3.4e-05
6.669694842987187e-05,6.6e-05
-0.00013067866727491548,0.00015
0.00024128223989937613,0.000234
0.00022481883869959624,0.000216
0.00022865877827779192,0.000234
0.00023696985714233596,0.000234
0.00026214835866849976,0.000232
0.0005995186461011615,0.00035
0.00037880572936568673,0.000334
0.00019526178120781617,0.00025
0.00028669609440919007,0.000284
0.00030351219585211684,0.000566
0.0003554380660748051,0.00095
0.0005055373053917475,0.0012
0.0007412903766630251,0.001116
0.0009519610208340626,0.000868
0.0010302454847564814,0.001
0.0009967771074057795,0.00115
0.0006464311314785822,0.000932
0.0009922079804889673,0.000684
0.0009373267812408815,0.000616
0.0005403820065857999,0.000518
0.00031096006444144983,0.000366
0.0002535305753648027,0.000234
0.0002452998708146991,0.00025
5.382679929969978e-05,8.2e-05
1.1875109064658066e-05,0.0
-0.00012119426148584832,-6.6e-05
7.253120896896229e-05,-5e-05
-7.522910821212664e-05,-8.4e-05
-0.00015653371342920708,-0.000232
-0.0002838665682223147,-0.000234
-8.830389872946125e-05,-0.000116
-0.000187687428866574,-0.0002
-0.00016699910005336837,-0.000234
-0.00019254529187886919,-0.000266
-0.00025417945226932723,-0.000234
-0.0002834246968685948,-0.000234
-0.00024738374974305497,-0.000282
-0.00022135533175466975,-0.00025
-0.0002668027955483626,-0.00025
-0.0002840616953616421,-0.000268
-0.0002628373734208491,-0.000266
-7.720963980060835e-05,-0.00025
-0.0002587177706759171,-0.000234
-0.0005018526556705004,-0.00035
-0.000276110949834647,-0.000466
-0.000463333221096474,-0.000616
-0.000420006514949794,-0.0005
-0.0002961794595481495,-0.0003
-0.00029792998253102464,-0.00015
-0.0003959508672510605,-0.0001
-0.0003035138179093587,-8.4e-05
-0.00010087256775091897,-1.6e-05
0.00018299115789568586,3.2e-05
4.971471130662095e-05,3.4e-05
0.00022083296303488655,0.000234
6.861377474501536e-05,0.000582
0.0004189881528839413,0.000584
0.0004910366745362398,0.000384
0.0002456369301176371,0.000216
0.0001080146542086578,0.000134
7.869916344475724e-05,0.000166
0.00014512631540697195,0.00015
0.00017802904495971587,0.000134
5.338539885070556e-05,0.0001
0.0005152202505303011,0.000132
0.00020779494746461308,0.000184
0.00019994810669552528,0.0002
0.000728747644383528,0.000316
0.0002063321546655556,0.000468
0.00028918111042162265,0.000516
0.00016595550143896928,0.000366
0.0005864974154490693,0.00025
0.0002042998777975808,0.0002
0.0001950447212494317,0.0002
0.00022431761855761835,0.000234
0.0004899850431994707,0.000466
0.0006318579566406176,0.000718
0.0003993437631418283,0.00095
0.0005853455479734079,0.00115
0.0014979646657352183,0.0012
0.0009997878207440476,0.001
0.0010724436763571436,0.000766
0.001024815691929259,0.0005
0.00024968016247103213,0.0003
0.000634931707109917,0.000134
-7.619260393562535e-05,0.0
-7.934121592896362e-05,-0.000118
7.514006059690757e-05,-0.00015
-0.0001047001010852415,-0.000132
-8.810793333041271e-05,-0.0001
-5.433300933062278e-05,-6.8e-05
-0.00011327824949694639,-0.000166
-0.00019629467968342167,-0.000284
-0.0005045468815855758,-0.00055
-0.00027147346037210464,-0.000832
-0.00046436883674162954,-0.001084
-0.0006949368870242626,-0.001034
-5.52288229780473e-05,-0.0008
-0.0009405577150479114,-0.000616
-0.0008881618671161467,-0.000734
-0.000799779233498708,-0.001032
-0.0007992598674992369,-0.001384
-0.0017085524156598467,-0.00135
-0.0011315514647234131,-0.0011
-0.0012202911772583069,-0.000866
-0.0011801927769497496,-0.000968
-0.0010754929149041428,-0.0013
-0.0010625232816033577,-0.001582
-0.001186008366486286,-0.001584
-0.0013647818278804433,-0.001284
-0.001441110878420378,-0.001
-0.0006776053840572518,-0.0008
-0.0003720257513837299,-0.000582
-0.0006109265766648665,-0.00035
-0.00014630083046605774,-0.000184
0.00010540315959712113,-5e-05
-0.0002964234424364018,3.4e-05
2.9299892136532734e-05,1.6e-05
-4.0010865038511923e-07,3.4e-05
1.619719960891017e-05,6.6e-05
0.00012436136965525253,0.000134
0.00014450025373781598,0.0001
1.5304182802597672e-06,0.000116
0.0001621626326095864,0.0001
0.00021189206512525996,0.000216
3.8750648905282454e-05,0.000218
0.00021231257564890895,0.000182
0.0001778135924876202,0.000234
6.547611190291728e-05,0.000216
0.00021202748844868275,0.000268
0.000224227993800608,0.000332
0.00026140138050003656,0.000118
-7.934121592896362e-05,-5e-05
0.00016334458867829787,-0.000234
3.632057711936711e-05,-0.000434
-0.00015510502300798213,-0.00045
-0.0002960568172200046,-0.000382
-0.00037711321866458974,-0.000318
-0.00018400882963000352,-0.000216
-0.0003436377802084718,-0.000116
-4.744848232661977e-06,-3.4e-05
-5.1042110146027285e-05,3.4e-05
8.731258779790427e-05,3.2e-05
4.086534642760523e-05,5e-05
4.1282236408899776e-05,5e-05
4.1282236408899776e-05,8.4e-05
0.00011214833971690529,6.6e-05
6.172174878037275e-05,0.0001
0.00011231257945097776,0.000118
6.160353443593135e-05,0.000116
0.00014128224370144494,0.000134
6.694248949501758e-05,0.000132
0.00034109970257755547,0.00015
0.0001497147124354917,0.00015
0.000181886745782121,0.00015
0.000406395992866533,0.000168
0.00018269693859543858,0.00015
0.00012080573818883634,0.000116
7.453125721612838e-05,8.4e-05
9.155341769133433e-05,5e-05
-4.662254848722779e-05,0.0
3.257529370561109e-05,0.0
-0.00010521684382487941,-5e-05
-9.653776894274714e-05,-5e-05
-0.00039446274914654503,-6.8e-05
3.2621549308481776e-05,-5e-05
-5.4700107917215435e-05,-0.000132
-0.0001424693918276225,-0.00015
-0.00015981775860784723,-0.000234
-0.00014312161706195767,-0.0004
-0.0011859257633871753,-0.000516
-0.00032852910533687354,-0.00065
-0.0004537915769612704,-0.000718
-0.0009872969469337874,-0.000682
-0.0006433938154996503,-0.000618
-0.000667922281128633,-0.000482
1.3910851150391972e-05,-0.00035
-0.0005361737699808387,-0.00015
-0.0004042815515312006,0.000166
-0.0002100537761277141,0.000484
2.9647167440900096e-05,0.000682
0.0002876572725911067,0.000884
0.0005474309621666526,0.0011
0.00122685908539269,0.00135
0.0009978380089088767,0.001584
0.0012229825779668936,0.001682
0.0014234205364123634,0.00145
0.0015133608735530526,0.001134
0.0010731766901048404,0.0009
0.0012841057944026084,0.00075
0.0007034531868832303,0.00065
0.0008539805698182237,0.0006
0.0004183403457714306,0.00055
0.000635665588702972,0.000234
0.0005044733664298959,-0.000184
0.00029224639939867783,-0.000516
1.096146390713568e-05,-0.0006
-0.00027463730896860986,-0.00045
2.3376816458328525e-05,-8.4e-05
-0.00041738424130443116,0.000384
0.00039880818421316204,0.0005
7.808745574059122e-05,0.000416
0.0002983468197265847,0.000334
0.00022481883869959624,0.00025
0.00021078193312183306,0.0003
0.00039179492863455163,0.000382
0.0005786446772762961,0.00055
0.00033347875801050106,0.00065
0.00046709432010429055,0.000668
0.0005080118480886051,0.000716
0.0006445002544512302,0.000716
0.0006867740669406198,0.000634
0.0006826392177306418,0.000534
0.0006481427592103955,0.000566
0.0006107680126640658,0.000834
0.0006391087651623251,0.001016
0.0008836103882538003,0.001
0.0008495140853387976,0.000966
0.0006842191696530799,0.0009
0.0008230366757200022,0.000834
0.0009234206639033771,0.0009
0.0008988416265585109,0.0008
0.0008574274148965918,0.00065
0.000793727092221666,0.000466
0.00024042230376801715,0.000134
0.0005063384055525602,-0.000184
0.00025858680021276107,-0.000366
4.636301217046905e-06,-0.000384
-0.00020516021311317665,-0.000132
0.00022838992373051895,0.0002
0.00042477088263940843,0.0004
0.0004910996722197546,0.000416
0.00021552342596107342,0.000166
-0.00011294983906195493,-0.000116
-0.00013003054458227446,-0.0005
-0.0005043330365997689,-0.000566
-0.00026698912589155735,-0.0003
-0.00027557815195587915,0.000116
0.0003444642009656686,0.000516
0.00024624134496222905,0.00055
0.00023642343014668998,0.000218
2.1908867129251047e-05,-0.0003
0.00023755281253806627,-0.000634
-0.000791963260411117,-0.000634
-0.0003461414351723513,-0.000366
-0.0004872766800588794,0.00015
-0.00037893671955260095,0.00045
-0.00011052662744566936,0.000516
0.00017886948415614861,0.00055
0.0004125817578959328,0.00065
0.0005397083219026031,0.000734
0.0006103740503188798,0.000784
0.0006772979056824572,0.000866
0.0007565556187267775,0.000866
0.000811101908561563,0.000668
0.0007939876825142762,0.00055
0.0007341496661592824,0.000466
0.001094969076003964,0.000434
0.0005272555694077629,0.00045
0.00047388907589017193,0.000482
0.00045755342547189646,0.000518
0.000978354170558063,0.0004
0.00046142342405750496,0.00015
-4.33301862806648e-06,0.0
0.00010730999829423399,5e-05
0.00014617840039017843,0.000116
7.755900201955478e-05,0.000184
0.0002956369331475422,0.00035
0.0002730211000696274,0.000432
0.0003701554018610506,0.0004
0.0003329424887502997,0.000334
0.0003780290472174573,0.000266
0.00024103667911047226,0.000234
0.0002708329660647917,0.000266
0.00024529989053845725,0.00025
-1.6428443193005057e-05,0.000184
0.0001082822316425909,0.000116
9.128223080966073e-05,6.8e-05
6.203802417316556e-05,3.2e-05
-4.617945426050289e-05,0.0
-5.871775855629654e-05,-3.2e-05
-4.610387775023121e-05,-5e-05
-1.3278248368075659e-05,-6.8e-05
-3.8124892732512185e-05,-0.0001
-6.312489424746475e-05,-0.0001
-8.768741294488463e-05,-0.0001
-1.7303053800423823e-05,-1.6e-05
5.803669494394935e-05,5e-05
5.3974517920856154e-05,0.0001
7.463779509574799e-05,0.000116
0.00018270300365106812,0.00015
0.00017880573696982434,0.000168
0.00012020060342707211,0.0002
0.0002743176215875235,0.000216
0.00010153532076302951,0.000216
0.00023321392105007938,0.00025
0.00026619719256920795,0.00025
8.325951822013449e-05,0.000234
0.0002738890440467932,0.00025
0.00024874387567189426,0.000234
0.000274770873549693,0.00025
0.00026621389859235667,0.000266
0.00024971471849530194,0.000266
0.00025366696515237463,0.000234
0.00024088204484661634,0.000234
0.00018642342711678485,0.000232
0.00030227669964192104,0.000218
0.0002243613658531837,0.00025
0.00025779495049451826,0.00025
0.00026694249421822883,0.00025
0.0002582822259394877,0.00025
0.00024529989053845725,0.00025
0.0002417949589923525,0.000232
0.00024128222017561797,0.000234
0.00021231257564890895,0.00025
0.00023731257716386154,0.00025
0.0002456369301176371,0.000234
0.00031844840618249615,0.000232
0.00027015541552499853,0.000268
0.00024563694984139524,0.000282
0.00024951134682507,0.00025
0.00023731257716386154,0.000234
0.00026214835866849976,0.000266
0.0005508259337610995,0.000468
0.0006053730519937271,0.0006
0.000388282797916724,0.00065
0.0004923172987050711,0.000682
0.0009527705627633614,0.00085
0.0008781469861426989,0.000934
0.0008074695812616004,0.001034
0.0008717992496114133,0.001
0.0009535120971745767,0.001032
0.0009989964246722423,0.000968
0.0007958205719111644,0.000782
0.0009430925091168278,0.000718
0.0008718001963518042,0.000766
0.0008227678803440036,0.00095
0.0008018292175924231,0.001234
0.000911979385173723,0.001316
0.0013280541145109827,0.001284
0.0011924042045546133,0.001216
0.0012615147540886817,0.0012
0.001295110704707065,0.0013
0.0012489385703153709,0.0014
0.0012770276476597013,0.001366
0.0013146081130034823,0.001118
0.0012932999059192991,0.000816
0.0007536669560039098,0.00065
0.0009806685563387841,0.000516
0.0007694271066070337,0.000368
0.00021657527425918217,0.000232
-0.00017246636802106618,0.000184
0.0001708057313568624,0.000166
0.00023553769533967748,0.000168
0.000186837833137288,0.00015
1.1696101166674597e-05,0.000116
0.00016669693723139376,0.000116
0.00017453125341405958,0.00015
0.0003274034657504708,0.00015
-5.841605408983326e-05,0.000118
7.463779509574799e-05,0.0001
0.00010788203165889158,8.2e-05
0.00013665435970911912,5e-05
-5.983792636668385e-07,3.4e-05
7.309999630833026e-06,3.4e-05
4.951134580006343e-05,3.2e-05
-1.2972500531192679e-05,1.8e-05
-2.5468743912742358e-05,1.6e-05
-8.376352065722007e-06,1.6e-05
2.4541866492656354e-05,3.4e-05
2.0213790712358434e-05,3.4e-05
7.427429955888152e-06,1.6e-05
-0.0002554581237861022,3.4e-05
2.932620126073566e-05,1.6e-05
-9.246196280277581e-05,0.0
1.619719960891017e-05,-3.4e-05
-8.477621582833638e-05,-6.6e-05
-0.0002764426639991277,-0.0001
-0.00011730304999835502,-0.000116
-0.00010028528299027585,-0.000168
-0.0004917105414423339,-0.00015
-0.000154955260512388,-0.000132
0.00033265329900837934,-3.4e-05
0.0001082822316425909,1.6e-05
0.00011583138666093745,8.4e-05
9.968016324319578e-05,0.000116
9.515540985127006e-05,0.000134
0.0004615606619666771,0.000434
0.0001885068674133875,0.0008
0.00036410588855291575,0.001116
0.0006118120700777073,0.001384
0.0009247020770225342,0.00125
0.0011321272162383468,0.00095
0.0007992820914655923,0.0007
0.0010644127143057732,0.00045
0.00028714834045969416,0.00025
7.430246655258721e-05,0.0001
-3.409876087742877e-05,-5e-05
-0.00018342471053254264,-0.000218
-0.000430034744198432,-0.000432
-0.0001549071542662726,-0.000734
-0.0006387515528876368,-0.000984
-0.0005992218674214292,-0.001182
-0.0008399606313815391,-0.001318
-0.00105995209249159,-0.00125
-0.0011865952666336454,-0.001016
-0.001194281457392643,-0.0008
-0.0011010669763999023,-0.00075
-0.0009589094096812084,-0.000616
-0.0007099816963669877,-0.00065
-0.0007058392337863658,-0.000718
-0.0005674856699585275,-0.00075
-0.0006848184413058699,-0.000666
-0.000493951002577528,-0.000484
-0.0006570520446447898,-0.000332
-0.0005620192303886718,-0.000268
-0.0006049985222593878,-0.00035
-0.00036044971993843,-0.0004
-0.00033867228464798,-0.000316
-0.00033469613279603566,-0.000216
-0.0002426599293911124,-0.0002
-0.000285005753321489,-0.000168
-0.00012934121895886877,-0.00015
-0.00018414521941757542,-0.000116
3.249100915611844e-05,0.0
-0.0001101216296578013,0.0002
-1.989265504041968e-05,0.000234
0.00021146062763959867,0.000216
0.00016015408342265986,0.000216
0.0002161971895393028,0.000384
0.00026075031896743197,0.000384
0.00017367456184091544,0.000266
0.00022481883869959624,0.000216
0.00017839802716521135,0.000218
0.00014135322950700838,0.000182
0.00019881229435899376,0.0001
0.0001778135924876202,6.8e-05
0.00014050025586227456,3.2e-05
9.412453776994843e-05,1.8e-05
-2.919425610806046e-05,-3.4e-05
-9.633300674756597e-05,-0.000116
-0.00027919426632664663,-0.000284
-0.00010683649967246319,-0.000484
-0.00023377427772804967,-0.000466
-0.0004756975322597926,-0.0004
-0.0004104443581061197,-0.000434
-0.0004467959544224415,-0.000482
-0.0004462814010199577,-0.000468
-0.0004467897217148678,-0.00045
-0.0004589525744124944,-0.0004
-0.0004507708045063482,-0.0003
-0.00040611933242010867,-0.000182
-0.00019587369578957719,-0.00015
-0.0002604604238792924,-8.4e-05
-0.00018094188385726415,0.0
-0.00010572831045921358,6.6e-05
-4.403238512012481e-05,8.4e-05
9.582053935437152e-05,0.000134
6.980945854939569e-05,0.0001
-1.7844258931100943e-05,0.00015
0.00021572253729954606,0.000166
0.00021537155302335777,0.000184
0.0001497147124354917,0.00015
0.00019951134379516487,0.000132
0.0002200905213307967,0.000134
0.00011175319887717014,8.4e-05
0.00012438589614850569,3.2e-05
-4.469403484698849e-06,0.0
-0.0002015449863115257,-6.6e-05
-0.00011700885042186588,-0.0001
0.0004541367971910064,-0.000216
-9.744247800509499e-05,-0.000418
-0.00020341229366637668,-0.0006
-0.0003382454230742083,-0.0007
-0.00048807726740198034,-0.000716
-0.0006114418795701598,-0.0007
-0.0006801436739404338,-0.000616
-0.0006839741066672036,-0.00045
-0.0006231167270437656,-0.000384
-0.0005859836754297434,-0.000366
0.00025652777792874176,-0.000268
-0.00011344455036374502,-0.000166
7.828628454843552e-06,-8.4e-05
2.0044727286684646e-05,1.8e-05
0.00020343548409688106,5e-05
4.875074344566165e-05,6.6e-05
1.1052670263002295e-05,0.0001
9.152023246825555e-05,0.000116
0.00015363694939454688,0.000118
7.463780002668753e-05,8.2e-05
0.00010363694636464177,8.4e-05
3.731258415163169e-05,5e-05
4.1282236408899776e-05,5e-05
7.929989487751564e-05,6.6e-05
0.00011231257945097776,0.0001
0.00012083296683695537,0.000134
0.00018269693859543858,0.00015
0.00015366697881632248,0.000166
0.00013689206058040224,0.000318
0.00019017380110924456,0.000532
0.0002876921836430232,0.000718
0.00042830541954648867,0.000932
0.0006193755790610438,0.000968
0.0007831415090153698,0.00085
0.0008646173559006641,0.00095
0.0009238797540979575,0.0012
0.000988820069999936,0.001466
0.001110581535106099,0.001666
0.0013137966775934016,0.001834
0.0015356401995932575,0.001784
0.0016839865293525893,0.001482
0.001688140668398033,0.001134
0.001551565950869766,0.000834
0.0012996304433334823,0.000566
0.0009955354573830423,0.00035
9.114486962700019e-05,0.00015
-5.048865656154219e-05,-5e-05
-5.048865163060265e-05,-0.0001
8.308367105439374e-05,-0.000184
-6.765291685230298e-05,-0.000116
-1.6802800122595034e-05,-5e-05
-2.9167037321820517e-05,-3.4e-05
7.873144976976564e-06,-5e-05
-2.1734454645049787e-05,-1.6e-05
6.231258381748193e-05,1.6e-05
5.3530597761758926e-05,5e-05
6.1960660197312e-05,1.8e-05
-5.417945987346483e-05,-5e-05
-9.587367986788781e-05,-8.4e-05
-8.803014282828928e-05,-0.000116
-5.9233406627357416e-05,-0.000218
-0.00011855826010481663,-0.0005
-0.00023356246428933168,-0.000666
-0.0004628373263691953,-0.0005
-0.00032070011456890687,-0.000334
-0.00026268741368767353,-0.00025
-0.0004414596127613095,-0.000382
-0.00048350896888301034,-0.000468
3.686973092457662e-05,-0.000316
-0.00028943424984272814,-0.000216
-0.00026756624305487674,-0.000268
-0.00032546872757559643,-0.0003
-0.0003672863689866111,-0.00025
0.00014104348760910106,-0.0003
-0.0004510711973428949,-0.00055
-0.00035290798598408546,-0.000666
-0.0007850735939010424,-0.00055
-0.0005198147271854033,-0.000384
-0.0002678665569963908,-0.000216
-9.693252023825891e-05,-6.6e-05
-7.596459729147044e-05,0.0
7.437794444406817e-05,5e-05
0.0001289652399720369,8.2e-05
0.0001576236435952196,8.4e-05
-0.0001759646132131598,5e-05
6.694248949501758e-05,6.6e-05
0.00010343548296801034,0.0001
7.438589804954009e-05,8.4e-05
8.319720100627571e-05,8.4e-05
0.0001391811111937863,5e-05
2.0658775338028045e-05,1.6e-05
5.7799058174880196e-05,1.6e-05
-6.293876114185145e-05,-1.6e-05
0.0001726590348434305,-1.6e-05
0.0001434454172903483,-1.8e-05
-0.00014403238131805603,0.0
-4.643542426276771e-05,1.8e-05
7.91554134181648e-05,6.6e-05
1.572253997274414e-05,0.000134
0.00016586227709609747,0.000366
0.00014268847862402193,0.000616
0.00029014650948778234,0.000768
0.00046500474571890485,0.00075
0.0009016349051869899,0.000932
0.0007637185776297076,0.001218
0.0009123457737050225,0.0015
0.0010929357932243239,0.001682
0.0013259460392404572,0.00145
0.0014583965978356606,0.001134
0.0014366046853067323,0.000834
0.0005705472856074938,0.0006
0.0004291699513134954,0.000382
0.0002038205510271437,0.000218
0.0001497147124354917,0.000116
-8.205041364354579e-06,0.0
6.0919462728601506e-05,-3.4e-05
-8.380278919261173e-05,-5e-05
-5.446940898007375e-05,-5e-05
-9.636303616934157e-05,-0.0001
-0.00013380280208439595,-0.000132
-0.00020028528905008614,-0.0002
3.450034297879867e-05,-0.0002
-0.00014584458049265019,-0.00015
-0.0003244860899448181,-0.000118
-0.0001678665706603387,-0.000116
-0.00010871776158620168,-0.000116
-0.00013810793636031787,-0.000134
0.00019587779362219732,-0.000134
-0.0001299552688593145,-0.00015
-0.00012546874504161312,-0.00015
-0.00014220505402096474,-0.000432
-0.00021958973982057195,-0.000768
-0.0003813090537347518,-0.0007
-0.0005185525644541957,-0.000532
-0.0003256220206238985,-0.000384
-0.0002958445895823656,-0.0003
-0.00022934122501867902,-0.000234
-0.00015871776461610682,-0.000166
-0.00029254527821492133,-0.00015
-0.0002139776008493,-0.000116
-1.2837373064142047e-05,-6.8e-05
-4.70010735278007e-06,-1.6e-05
-4.675189689314196e-05,1.6e-05
0.000179155409616096,0.00015
1.850197622121012e-05,0.0004
0.0007649264605785006,0.0007
0.00031003312670367265,0.000684
0.0004778828213343814,0.000566
0.00041214834803445703,0.0005
0.00043269695374496424,0.000368
0.0005266681958902081,0.000232
0.0002280704580198462,0.000318
0.0006634655157528984,0.00055
0.0004911203821658068,0.00075
0.00045747405706912143,0.000666
0.0006354735581936734,0.00045
0.00034948084023103015,0.000384
0.0005587723203375446,0.000382
0.0005669724727862818,0.00045
0.0002608917185895727,0.0004
0.00041160353838697896,0.000284
7.223184176783918e-05,0.000216
0.00019103669580432527,0.000168
0.00029556458640266677,0.000216
0.00031189207118507024,0.000284
0.00022805406757682778,0.00025
0.00027064466334578244,0.000282
0.00026621389859235667,0.00025
0.00022854726014924072,0.0002
0.00025779495049451826,0.00025
0.0006114234331472204,0.000518
0.0008783060385283793,0.000866
0.0011099409863365858,0.000834
0.000825954766290022,0.000616
0.000704876532165998,0.000416
0.00028269694465524886,0.000268
0.000528219390573271,0.000366
0.00041335331186704454,0.000516
0.000669568362103057,0.000684
0.0004545987276067597,0.000816
0.0005912873301145554,0.00095
0.0007375173006249406,0.001034
0.0008677007315639381,0.00095
0.0009355632405776308,0.000884
0.0008036369394739184,0.000866
0.0009318647992403666,0.00085
0.0008865554609249624,0.000784
0.0008450622753354312,0.0008
0.0008241564329174038,0.000866
0.0008241564329174038,0.000884
0.0005250798810943166,0.00085
-0.00016392895903180954,0.0008
0.0008492228837735465,0.000732
0.0010879392919160282,0.000684
0.00013343693152361333,0.0007
0.0007278957358217339,0.000666
0.0004347443192879199,0.000684
0.0006831972028485606,0.000734
0.0007357318271426328,0.00075
0.0007076414085827484,0.000732
0.0007243858536123348,0.000768
0.0007456369406929304,0.000782
0.000757530524644363,0.000868
0.0007862609397085327,0.00085
0.0008159382529537221,0.0008
0.0006362232976882768,0.000766
0.0008199978757501355,0.000766
0.0007946455881909572,0.000784
0.0007786446499484004,0.000784
0.0007747708249537118,0.000932
0.0005413737171453248,0.000934
0.0008566518767263348,0.0009
0.0008859801583473924,0.000834
-0.0005086031118955883,0.00075
0.0008527576968132407,0.0007
0.0005789460563007501,0.000632
0.0006278136394805246,0.000618
0.0006286446803062013,0.000616
0.0007361479984394899,0.000616
0.0006203262247561111,0.000534
0.000595110662288393,0.000534
0.0006950623056932321,0.000582
0.0004455306114570985,0.000484
0.0005616960913499103,0.0004
0.0004983296130053448,0.000316
0.00044305251848377483,0.000318
0.0003777833680860046,0.0004
0.000357469534268696,0.0005
0.00038163170998517,0.000482
0.0004232048556902206,0.000468
0.00042880573239559186,0.000416
0.00024460080165476984,0.0004
0.0002603763959605212,0.000384
0.00034971472455511224,0.00035
0.00022030600338852958,0.000366
0.0003745312359480429,0.000366
0.0003545949345853856,0.00035
0.00034515540034609805,0.000368
0.000453346229517043,0.000382
0.00036621388492840876,0.000368
0.00047004475763766807,0.0004
0.00037916998773110654,0.000366
0.00033172756441984905,0.00025
0.00034458465395665943,0.000234
0.0003107204010562313,0.000232
0.00021997424977653255,0.00025
0.00023230384712551609,0.000334
0.0002614606109457457,0.000434
0.00042173362112267714,0.00055
0.0003892201892463179,0.0006
0.0003105152542477663,0.00055
0.0006861191987226933,0.000532
0.0005573696061057965,0.000568
0.0005618751041788332,0.000532
0.0005451262804749387,0.000518
0.0005370380406299155,0.000532
0.0005370380406299155,0.000584
0.0005408731281636076,0.0006
0.000557647119382895,0.000684
0.0005986445680352127,0.000732
0.0006484941182379885,0.000768
0.0006944387982507559,0.000766
0.0007366542678635528,0.00075
0.000753636896996497,0.000734
0.0004311322680113303,0.000766
0.0006514076723436351,0.00065
0.0005102003962923619,0.0006
0.0006858644072149776,0.000584
0.0006482323050723733,0.000632
0.0006158547698896324,0.000668
0.0006912822868922805,0.0007
0.0006449293645334304,0.000782
-0.00030259488801738835,0.0009
0.0007602773340986527,0.001034
0.0008508774703968048,0.001034
0.0009348927116957372,0.001
0.0009906377326555364,0.000966
0.0007257475818746578,0.00095
0.0009866962157228946,0.000934
0.0012970546783098252,0.00085
0.00040377746673521766,0.000766
0.0008731766779852198,0.000784
0.0008318647931805563,0.00085
0.0008115554761038629,0.000832
0.0008071502930647509,0.000784
0.0006228498796107496,0.000734
0.000798880594644795,0.0007
0.000761258472723812,0.0008
0.0007535121639499887,0.000816
0.000803820528214731,0.000784
0.0007738890940696027,0.00085
0.00037038727436180196,0.0008
0.0008526449558116845,0.00075
0.000591131275740113,0.000666
0.0006327162951475668,0.000634
0.0006121626401549746,0.0006
0.0005041554588961166,0.000516
0.0004497147306149225,0.000434
0.00042915543462750073,0.000432
0.0005164438335905773,0.000484
0.0005868750859700276,0.000534
0.0006082822668725818,0.000582
0.000506612684133323,0.000618
0.0012596358688877997,0.00065
0.0006319874233890806,0.000716
0.0006402769244622142,0.0007
0.0008574274148965918,0.000716
0.0006948268040209821,0.000634
0.0006906594895050975,0.0006
0.0006613235945133961,0.0006
0.0004901072121574201,0.000634
0.0006165753182221814,0.00055
0.0005952551585405625,0.0005
0.0005697412150596285,0.0004
0.0002614606109457457,0.000332
0.0002452998708146991,0.000218
-7.353071512202848e-05,0.000216
0.00039064140436320595,0.000234
0.00022021379481920224,0.000182
0.00034257212057058767,0.00015
0.00019469915114485417,0.0001
0.00016529106719834243,8.4e-05
8.131279661697785e-06,5e-05
0.0002327360932852613,0.000116
0.00018731259385771455,0.000118
9.130999693018919e-05,0.000132
0.000103210277097512,0.000134
0.0001247934580249326,0.000134
0.00012932620446984652,0.000166
0.00017827226848327954,0.000184
0.00015396524148698947,0.00015
0.0001203285119986417,0.0001
0.0001492228314929954,6.6e-05
9.546222277109287e-05,5e-05
6.583137870009277e-05,6.6e-05
6.844374608792736e-05,-1.6e-05
1.657529295793372e-05,1.6e-05
6.389551009485536e-06,-5e-05
-3.0034759406707183e-05,-3.2e-05
-5.8205039463320174e-05,-8.4e-05
-7.995527569128842e-05,-0.0001
-0.00012135534541861762,-0.0001
-0.00011268742432171627,-0.000116
-0.0001791670414805964,-0.0002
-0.0006256140704050387,-0.0005
-0.0002329925660214933,-0.000818
-0.0004153480788561018,-0.000866
-0.000602656010399552,-0.000666
-0.0005385811335574548,-0.00045
-0.00020489482994733718,-0.000268
-0.00016765290318835512,-0.000166
-9.58445873246241e-05,-8.4e-05
-0.0002193955002503611,-8.2e-05
0.00013660354144625882,0.0
-8.445627674746816e-05,1.6e-05
-0.00022856136734538833,6.6e-05
6.214835147981876e-05,0.0001
0.00016180788109559243,0.000118
0.0001331971991052413,8.2e-05
0.00010736959856040832,0.0001
0.0001373125908278094,0.000134
0.0004376944412411671,0.000134
0.00011194161007684918,0.000132
0.000495250221541216,0.00015
7.880574077189314e-05,8.4e-05
6.608722296339942e-05,5e-05
0.00010287503731126289,3.4e-05
-4.001061849153489e-07,-3.4e-05
3.2433755400795924e-05,-0.0001
-9.171776568421105e-05,-0.0001
-0.00023797249937294721,-0.000184
-0.0002465468509612092,-0.000216
-0.00022935534722951076,-0.000234
-0.0002168028122422156,-0.00025
-0.00020484459353534216,-0.000216
-0.00022546876096330245,-0.0002
-0.0002087177873697701,-0.0002
-0.00021330389644234502,-0.000184
1.4442846518750312e-05,-0.0002
-8.488791147071088e-05,-0.000182
-0.000496561994233232,-0.000184
-0.00021268743038152656,-0.0002
-0.00018330305439230498,-0.0002
-0.00017617964162445538,-0.0002
-0.00019617945348833924,-0.0002
-0.00020005189781995767,-0.0002
-0.00020005189781995767,-0.0002
-0.00024219387670990685,-0.000184
-0.00010436304178230352,-0.00015
-8.852928211378289e-05,-0.000132
-0.00016716860603086556,-0.0001
-0.0001422549945765876,-6.8e-05
-0.0002729418744422334,-8.2e-05
-5.028528489131025e-05,-0.0001
-8.78373825399393e-05,-0.000118
-0.00013462843860034097,-0.000116
-9.662255151713293e-05,-0.00015
7.231963221534209e-05,-0.000166
-0.00015417944620951696,-0.000168
-0.00015051913089674678,-0.000166
-0.00018810793939022302,-0.000166
-0.00024211797968856533,-0.000218
-0.00018005395971309757,-0.000232
-0.000376499573101186,-0.000234
-0.000526016271221319,-0.00025
-0.00023378609225917842,-0.00025
0.00013480001086336934,-0.000266
-0.00025028527235623315,-0.00025
-0.00022546876096330245,-0.0002
-0.00023888837208240507,-0.000218
-0.00033014846532808514,-0.000216
-0.00013785166557074135,-0.000184
-0.0002041794492394221,-0.000216
-0.0001588687302609478,-0.000216
-0.00021285167011559904,-0.000234
-0.00025417945226932723,-0.000266
-0.00031283735672699614,-0.00025
-0.00025820505158294073,-0.000268
-0.00023380279828232715,-0.000232
-0.00020436305770399286,-0.000234
-0.00015510387903000972,-0.000216
-0.0001793553244758475,-0.000184
-0.00021699910308327353,-0.000284
-0.00023039922712932896,-0.0004
-0.0002730529980956217,-0.00065
-0.00038381168306320774,-0.000882
-0.0005597276058248498,-0.0008
-0.0006875465526374382,-0.000584
-0.0007319269019442181,-0.00035
-0.0006591212246642537,-0.000416
-0.000541812634644397,-0.0007
-0.0009160899985940149,-0.00075
-0.0003275423651644011,-0.0006
-0.0006196677123520016,-0.000434
-0.00031428066245300646,-0.000266
-0.00026268741368767353,-0.000268
-0.00028768741520262614,-0.00025
-0.0005002852875057587,-0.000516
-0.00032774027335362693,-0.000884
-0.0010236332376137888,-0.001182
-0.0015896555502916147,-0.0014
-0.0014195192014841366,-0.00165
-0.0012859882543127886,-0.001734
-0.0014968772010389736,-0.00145
-0.0015619196860081428,-0.001234
-0.001568185529495611,-0.0011
-0.0013854450680732887,-0.00085
-0.00116389385216914,-0.000682
-0.0006718502281156712,-0.0006
-0.0008127401883459095,-0.000568
-0.0006051038471278815,-0.000616
-0.0007136982046667126,-0.000634
-0.0004572385009346711,-0.000616
-0.0006091099396446897,-0.000734
-0.000651217362510369,-0.00085
-0.000964698727171896,-0.00085
-0.0007649042366121451,-0.000916
-0.0008391261586219452,-0.000966
-0.0008967114851116951,-0.0009
-0.0007880301063519286,-0.000684
-0.00030636267808829,-0.000516
-0.0005543630197420543,-0.0005
-0.0006540006214697104,-0.000418
-0.0005318967519221523,-0.00055
-0.0004972041603509132,-0.000832
-0.0005788605979657822,-0.001168
-0.000749137379931252,-0.001382
-0.0009908775190923778,-0.001234
-0.0011589943128558846,-0.00095
-0.0011873558936427448,-0.000666
-0.0010648052415256886,-0.00045
-0.00020963170742717164,-0.000284
-0.0003002852753861383,-0.000284
-0.00022995526505724569,-0.000232
-0.00012083001298230762,-0.000118
-5.031983598464055e-05,-6.6e-05
-2.5362201102183214e-05,-1.6e-05
2.9044726705656068e-05,3.2e-05
1.6213905632058893e-05,3.4e-05
5.8131280226133154e-05,6.6e-05
0.00010366697578641736,0.000134
0.00021202748844868275,0.000216
0.00020346222951292555,0.000234
0.00017864465303705503,0.000184
0.00047032617621887936,0.00045
0.00026839879790085665,0.000582
0.0003659911642514367,0.000434
0.00026619719256920795,0.00025
0.0001330872194298254,0.000184
0.00035862226958971585,0.000216
0.0002992228504445899,0.000266
0.00026619719256920795,0.00025
0.00021231257564890895,0.000218
0.00021982679496064137,0.0002
0.000510455108905045,0.000332
0.00021996523601906036,0.00025
0.0002200447424881424,0.000234
0.0002157162256969397,0.000266
0.000241144863923897,0.000218
0.0003332139073861315,0.0003
0.00030302119261685795,0.0003
0.00046214839051187843,0.0005
0.0005708057062867082,0.000582
0.0005195745462733991,0.000634
0.0005008481002353492,0.000616
0.00039350198045447535,0.000484
0.00040813128910812026,0.0004
0.00039994809909138767,0.000416
0.000420170000471983,0.000434
0.0004327162830279462,0.000366
0.00029482677978174095,0.000334
0.00042130029015623394,0.0003
0.00024128223989937613,0.00025
0.0002161971895393028,0.000234
0.000257652525236954,0.00025
0.00018269693859543858,0.00015
4.968016760969995e-05,8.2e-05
3.234708181109798e-05,0.0
0.00018970251177025154,-5e-05
-0.00016383690825254736,-0.000116
-6.268741142993207e-05,-0.0001
-6.700883753008167e-05,-8.4e-05
-7.135534238871249e-05,-0.0001
-3.839645929653008e-05,-0.0001
-0.00015896330568125253,-0.00015
-0.00023523162676985913,-0.000166
-0.000187687428866574,-0.000184
-0.00020031986479811413,-0.00015
-0.00010099007204006714,-0.000182
-0.00020005189781995767,-0.000218
-0.0002421099718427585,-0.000216
-0.00020005189781995767,-0.0002
-0.0002087177873697701,-0.0002
-0.0002087177873697701,-0.000184
-0.000200285269326328,-0.000132
-7.919425420702606e-05,-8.4e-05
-9.254993716211632e-06,-6.6e-05
-1.7598890448839e-05,-5e-05
-4.196330865039115e-05,-1.8e-05
-5.114661154761844e-05,0.0
-3.414522018973906e-05,1.8e-05
0.0001614523702169099,3.2e-05
7.530597538334758e-06,6.8e-05
7.054726517032152e-05,0.0001
0.00027463779735348943,0.00025
0.0005082822608127715,0.0005
0.0004451051699939133,0.0005
0.0007617155116475453,0.000716
0.0004874090414907157,0.001084
0.0008104955213411566,0.0011
0.0008437059908303561,0.000866
0.000653317168817158,0.000616
0.0005075533890542853,0.000468
0.0003669424805542809,0.000382
0.0005784477552749776,0.000234
7.883296448907263e-05,8.4e-05
7.887905398091769e-05,0.0
-3.0118102146748405e-05,1.6e-05
-0.0002895154722787688,-0.0001
-0.00038830388732325486,-0.0004
-0.00012514370736926443,-0.000784
-0.0003246723611167384,-0.00075
-0.0005154348300042333,-0.000532
-0.0004209552671640794,-0.00035
-0.0006083557031332291,-0.0005
-0.0004051731837418984,-0.00045
-0.0003720406230973712,-0.00035
-0.000414111359772901,-0.000368
-0.00011395791047886108,-0.000482
-0.0005269022229896711,-0.000634
-0.00046130893235054785,-0.000784
-0.0009399240301462325,-0.000916
-0.0007080277030950899,-0.00105
-0.00087244108513428,-0.000966
-0.0009313918479528842,-0.000734
-0.0009193702173635749,-0.000516
-3.894748192782381e-05,-0.0004
-0.0006593657992652503,-0.000368
-0.0005080582628005939,-0.000416
-0.00034245104112841016,-0.00045
-0.0007519662402194244,-0.000484
-0.0011568280919463478,-0.000782
-0.0005366145170803443,-0.00105
-0.0010299295345838325,-0.000984
-0.0005954108823201903,-0.00075
-0.0008946779656469571,-0.000534
-0.0004990042688617646,-0.00035
-0.00027119425085180563,-0.000266
-0.00023350899318100088,-0.0002
-0.0002417177649120474,-0.000216
-0.00039196331506690854,-0.00045
-0.000264784029454717,-0.000434
-0.00033045879893873684,-0.0004
-0.00037732039702014365,-0.0004
-0.000159589298317255,-0.000384
-0.0005449917888772225,-0.000382
-0.00033025880003114766,-0.000384
-0.00038768740153867823,-0.0004
-0.00038768744098619456,-0.000384
-0.00038768740153867823,-0.000382
-0.00021050795510651644,-0.00035
-0.0005138919192995912,-0.000368
-0.00031366488672372305,-0.000366
-0.0005860867517898086,-0.000316
-0.0003505191627401255,-0.0004
-0.000949378416375403,-0.000418
-0.00022731827748830675,-0.000366
-0.00037596462533278036,-0.00055
-0.00043523159944196336,-0.000766
-0.0005288303386908827,-0.000634
-0.0009398557859430512,-0.00045
-4.2962032350940584e-07,-0.0003
-0.00010980077342217933,-0.000234
-0.00010484457761365279,-0.0001
-0.000274124392638052,-0.000132
-7.594853229046144e-05,-3.4e-05
4.582054495361056e-05,6.6e-05
6.98790562954797e-05,6.8e-05
8.308722133085981e-05,0.0001
-5.191563236081274e-07,6.6e-05
0.00013321390512839002,0.00015
0.00010691247581070286,0.000166
8.714834806383178e-05,0.00015
0.0003283899297903292,0.000318
0.0001942452285749077,0.0003
0.00023161534989995247,0.0005
0.00038973324364318274,0.00055
0.00036231260446238254,0.000382
0.0004305678135007399,0.000234
8.308722133085981e-05,0.000116
0.0003164678844558935,8.4e-05
0.00013731258096593034,0.00015
3.237593088922209e-05,0.0001
0.00012004472656645306,0.000134
9.933912960299159e-05,0.00015
0.00013299115486578074,0.000132
0.00010753059373626596,0.000118
0.00018675317876733015,0.0002
0.00017032619748696482,0.00015
0.0001615606635110044,0.0003
0.00038266752286790696,0.000316
0.00019994810669552528,0.000216
0.00011231257945097776,0.000134
-1.2949837933084204e-05,8.4e-05
0.00018532008994803887,8.2e-05
0.0001288057339399192,0.000134
0.00017854727684309373,0.000134
0.000280998591012667,0.000166
0.00013273609708733012,0.000134
0.000141652527674978,0.000132
4.994810746768894e-05,5e-05
3.671545415383707e-05,8.4e-05
1.9714122583599566e-05,6.6e-05
-0.00017486564485684293,3.4e-05
6.189206343195385e-05,5e-05
1.537593067265937e-05,-1.6e-05
3.2736101197582635e-05,-8.4e-05
-0.0002670575278848038,-0.000266
-0.00018461636082838236,-0.000318
-0.00017409312442158212,-0.000382
-0.0002652514233514764,-0.000384
-0.00026789586650099415,-0.000366
-0.000363162131158515,-0.00025
-0.00020051913392665194,-0.00015
-0.0002898459241227282,-0.000118
-0.00016386604024332734,-8.2e-05
0.0002515977259616363,-5e-05
-0.00010093318872157727,3.2e-05
7.864465190818431e-05,5e-05
0.00011231257945097776,8.4e-05
6.202749908272549e-05,0.0001
9.582053935437152e-05,6.6e-05
7.453125721612838e-05,5e-05
-4.770538280938214e-05,1.8e-05
-0.0001650146532988949,1.6e-05
3.6969856733696815e-05,1.6e-05
4.515541421777423e-05,1.8e-05
1.694248769784733e-05,3.2e-05
0.00012830600294168126,8.4e-05
3.681502954683154e-05,1.6e-05
3.681502831409665e-05,0.0
3.221614009534616e-05,3.4e-05
8.669610201332765e-05,1.6e-05
0.00010730539279670716,5e-05
2.4531253261672077e-05,3.4e-05
3.3197200133656616e-05,-3.4e-05
-4.307978184206162e-05,-5e-05
-1.0614043479971546e-06,-1.6e-05
0.00014492936382001618,6.6e-05
0.00019899635647000185,0.0001
2.350045915083185e-05,0.000118
0.00013671545404997292,8.2e-05
6.214835147981876e-05,3.4e-05
8.27225389046399e-05,3.4e-05
6.612146340753894e-05,1.6e-05
-4.179454378089921e-06,-3.4e-05
1.1807885565960752e-05,-3.2e-05
-4.738216118985756e-06,-1.8e-05
-1.749923122987242e-05,-3.2e-05
-2.9167032390880977e-05,-6.8e-05
-2.0955272510475525e-05,-5e-05
-6.268741142993207e-05,-5e-05
-1.678609409944631e-05,-1.6e-05
-3.414522018973906e-05,-3.4e-05
1.2050162349133484e-05,-5e-05
0.00011069739596555336,-3.2e-05
0.0004608113563947528,-3.4e-05
-4.33301862806648e-06,-5e-05
-9.42203259795135e-05,-1.6e-05
-3.330305516446863e-05,-1.8e-05
-4.220503809927537e-05,-3.2e-05
-2.9341222760937557e-05,-3.4e-05
-2.5206531341024685e-05,-6.6e-05
-3.7938764557838414e-05,-5e-05
-5.0319831053701025e-05,-5e-05
-2.9194261038999995e-05,-3.4e-05
-2.9194261038999995e-05,-3.4e-05
-7.945273405751482e-05,-5e-05
-2.970010640226287e-05,-3.2e-05
-4.196330865039115e-05,-3.4e-05
-3.35089909232594e-05,-3.4e-05
7.309999630833026e-06,-1.6e-05
4.1282236408899776e-05,-3.4e-05
-5.028528489131025e-05,-5e-05
-3.3802796024585657e-05,-6.6e-05
-4.196330865039115e-05,-6.6e-05
-0.00022646049124658556,-6.8e-05
-2.970010640226287e-05,-5e-05
-0.00018017320955484158,-5e-05
-2.5468743912742358e-05,-3.2e-05
-0.00010071795321082119,-5e-05
-1.6556159457932744e-05,0.0
2.080573829270049e-05,0.0
0.00011481442969098702,0.0
-5.189309674642558e-08,1.6e-05
5.711474485151308e-05,-1.6e-05
-2.852892578144221e-07,0.0
4.153059797146021e-05,1.6e-05
0.00047285566930592866,0.0
-2.852892578144221e-07,-1.6e-05
-2.8528679234465177e-07,-3.4e-05
-4.646939843617227e-05,-3.4e-05
-5.473821421795135e-05,-1.6e-05
-8.855131501870549e-06,-1.6e-05
0.00010764136729294719,0.0
3.731258415163169e-05,1.6e-05
-4.33301862806648e-06,0.0
-2.5229115044100577e-05,0.0
0.0001965916753244934,0.0
6.231258628295171e-05,1.6e-05
-3.414522018973906e-05,1.8e-05
7.811936385033012e-05,1.6e-05
-1.316215432763485e-05,3.4e-05
6.216262654977612e-05,1.6e-05
-4.179454378089921e-06,0.0
-2.5229115044100577e-05,-1.6e-05
-6.691277296603699e-05,-3.4e-05
-3.330305516446863e-05,-5e-05
-2.5468743912742358e-05,-6.6e-05
-2.5206531341024685e-05,-3.4e-05
-4.633301851047945e-05,-3.4e-05
0.00032172329953735705,0.0
1.2148349682648505e-05,3.4e-05
-4.700104887310299e-06,3.4e-05
7.064465615710144e-05,3.2e-05
2.4637798229517273e-05,3.4e-05
7.064465615710144e-05,3.4e-05
3.344383864103286e-05,5e-05
5.803669494394935e-05,5e-05
4.968016760969995e-05,3.2e-05
3.530597197323557e-06,5e-05
4.1144869062564816e-05,3.4e-05
0.0003782536613752113,1.6e-05
3.269694645582782e-05,1.8e-05
-3.35089909232594e-05,0.0
3.3197199825472894e-05,0.0
-2.5133188546362918e-05,1.6e-05
0.0001279742296059261,5e-05
0.0004571802519677952,5e-05
0.00013651466619205797,0.0001
1.5572525999233657e-05,8.4e-05
2.4317613218039675e-05,0.0001
0.00013210237273813486,8.2e-05
4.113127939320299e-05,6.8e-05
8.321389716754535e-05,6.6e-05
7.865877411901605e-05,8.4e-05
7.479346978784605e-05,8.2e-05
7.479346978784605e-05,6.8e-05
7.463780002668753e-05,8.2e-05
2.4385901491493093e-05,8.4e-05
8.731258286696473e-05,0.0001
0.00013271363172680307,8.4e-05
9.179495976451616e-05,0.0001
8.694161842377568e-05,0.0001
0.00011671364022463736,0.000116
0.00017463780115555826,0.0001
-7.34666819412111e-05,0.000116
9.971470447464702e-05,0.000118
0.00012416229776429617,0.000132
0.00012865877221798164,0.000134
0.00013714834123185784,0.000116
0.0001247934580249326,0.000118
7.883296448907263e-05,0.0001
0.0001166969440633677,0.000116
0.00017015540946518822,0.00015
0.00012054726820022666,0.000166
0.00018731258399583547,0.000184
0.00021231257564890895,0.000184
9.971470940558655e-05,0.000132
0.0001659710240366293,0.000118
0.00015375649509266306,0.0001
0.0001247934580249326,0.0001
0.00032737303199165325,0.000116
0.00013269693556553343,0.000134
0.00013714834123185784,0.00015
0.0001834438378688692,0.000182
0.0001034531603862477,0.000184
0.00014489612928754203,0.000184
0.00020415540126916948,0.000182
0.00021644383513490462,0.0002
0.0007305769046089174,0.000218
0.00022080572452488846,0.000216
0.00020724857964024153,0.0002
0.0002736129114327648,0.000216
0.0002038205510271437,0.000218
0.0002161971895393028,0.000216
0.00017479345119295864,0.000184
0.000235625840814827,0.0002
0.0002038205510271437,0.0002
2.077242424882633e-05,0.0002
0.00018696984425055176,0.0002
0.00022453124658208562,0.000216
0.00024153060146193654,0.000216
0.00021196985562738337,0.000234
0.00022054726439815786,0.000216
0.00022029986929974653,0.000218
0.00022080572452488846,0.00025
0.00022915540278412204,0.000232
0.0002203261807931118,0.000234
0.0002042998777975808,0.0002
0.0004818867442377937,0.000216
0.00021214833591483648,0.000218
0.0003218650147396281,0.000216
0.0001952998875085521,0.0002
9.943654524446919e-05,0.00015
0.00014128223383956585,0.00015
7.387969765863062e-05,0.00015
0.00014529988447864697,0.00015
0.00013731258096593034,0.000116
6.214835147981876e-05,0.0001
0.0001284582309070435,6.8e-05
-1.84739004623602e-05,5e-05
-8.747929771081884e-05,0.000318
8.243837379010697e-05,8.2e-05
6.987905383000993e-05,0.000134
0.0002120612160751105,0.0002
0.00022054726439815786,0.000216
0.0002157162256969397,0.000218
0.00019951134379516487,0.00025
0.00021231257564890895,0.000232
0.00021591894648315287,0.000268
0.00021231257564890895,0.000232
0.0001997147154653968,0.000234
0.00024111656033095905,0.000266
0.0002161971895393028,0.000234
0.000241144863923897,0.000216
0.0002648751879557887,0.0002
0.00022838992373051895,0.000218
0.00024504474400309495,0.0002
7.728233686405643e-05,0.000182
0.00019948085086507288,0.0002
0.00015369915812773587,0.0002
0.00019088203195483214,0.000218
0.00020779494746461308,0.0002
0.0002042998777975808,0.0002
0.00021694247146456555,0.000216
0.00021669693039941983,0.0002
0.0001997147154653968,0.0002
0.0002038205510271437,0.0002
0.00018319720213514644,0.000184
0.00022932619080589863,0.000232
0.00019910998504067454,0.000218
0.0002080474312926258,0.000232
0.00021621389556245152,0.000234
-0.0001524539329519696,0.000234
0.00019933909621528556,0.000216
0.00022479345422286376,0.000234
0.00018656066502595697,0.000216
0.00021231257564890895,0.000216
0.00022029986929974653,0.000234
0.0003299841814374224,0.0002
0.00022080572452488846,0.000216
0.0002161971895393028,0.000218
0.00018321390815829514,0.0002
0.00024179493926859434,0.000216
0.00022080572452488846,0.000216
0.00019582055527606084,0.0002
0.00019796456723392646,0.000134
0.000383106415934147,0.000116
0.00010693746088133289,8.4e-05
3.3197200133656616e-05,6.6e-05
7.826554155288142e-05,5e-05
0.0002783285069775609,5e-05
3.34438392574003e-05,3.4e-05
1.189206533298825e-05,0.0001
7.032851143420634e-05,8.4e-05
6.634708347695832e-05,0.000132
0.0001082822316425909,0.000134
0.00023123732435134756,0.000134
9.526178007894544e-05,0.00015
0.00021649099464062904,0.00015
0.00011216261971780218,0.000116
6.987905383000993e-05,0.000134
0.00010382054003639392,0.000116
7.883296448907263e-05,8.4e-05
2.8458242413705324e-05,0.0001
7.889611996265256e-05,0.0001
0.0001331971991052413,0.000132
-4.174077534912146e-05,0.000134
0.0002930922133192051,0.00015
8.669610201332765e-05,0.00015
-0.00013138621765084704,0.000166
-5.4967315530683305e-05,0.000184
0.00014994810366562015,0.000166
0.0001160872235278348,0.00015
0.0004561392714604243,0.00015
0.0003192885396606777,0.000134
0.000502754993172797,0.000116
6.599115839935473e-05,0.000134
0.00017029988599359954,0.000134
0.0001370501563638126,0.000166
6.641882371627081e-05,0.000166
0.0001869698541124308,0.000184
0.00019545316083309603,0.000166
0.00010724857851137082,0.000134
0.00012929989297648124,0.000166
0.0001541554081011434,0.00015
0.00019103669580432527,0.000168
0.0004923913811406633,0.000166
0.00020680301994374854,0.000134
0.0005177898222939008,0.000166
0.0001623125824808829,0.000166
0.00018731259385771455,0.000184
0.00015828223960343555,0.000166
0.00017029988599359954,0.000168
0.00016621390239442545,0.000166
0.0005379313690838138,0.000166
0.0001700447197344791,0.000184
0.00017080574121874147,0.000166
0.00017029988599359954,0.000168
0.00019994810669552528,0.0002
0.00022064466031587732,0.0002
0.00018294247966058427,0.0002
0.00038137754963771497,0.0002
0.00017080574121874147,0.0002
0.00019994810669552528,0.000182
0.0002246377943235843,0.000168
0.00018716263412453895,0.000166
1.9851515200999647e-05,0.000184
0.00017479346105483772,0.000182
0.00017032619748696482,0.000168
0.00021981359976644245,0.000166
0.0001578820346887967,0.000166
0.0002736745481769676,0.000168
0.00017015540946518822,0.00015
0.00014128223383956585,0.000166
0.00014563694378158496,0.00015
0.00015828223960343555,0.000166
0.00017880573696982434,0.000184
0.00018731259385771455,0.000184
0.00021151968057148447,0.000182
0.00022880573999972946,0.0002
0.00018979521343353252,0.0002
0.00019128223686947098,0.000168
0.00019948085086507288,0.00015
0.00019064711213344744,0.000166
0.00019582055527606084,0.0002
0.00026621612737702706,0.000216
0.0002326969416253437,0.0002
0.00020828222290958254,0.0002
0.0002038205510271437,0.0002
0.0002161971895393028,0.000218
0.00021231257564890895,0.000216
0.00040382054342300613,0.000384
0.0008270909336542002,0.0007
0.0009701193437425072,0.00095
0.0005554757702962406,0.001082
0.0007724007392799896,0.001118
0.0009584343582572149,0.001082
0.0010564107067313597,0.000884
0.0005468543183735285,0.000716
0.0009459869311770738,0.0005
0.00029054897277272875,0.000384
0.0006162140578679997,0.000366
0.00048804205578461776,0.000634
0.0008768952375557917,0.00085
0.000468340388248852,0.00085
0.0006700652824657594,0.00075
0.0007687923171748986,0.000784
0.0008807292994540602,0.00065
0.0007567083595098515,0.000616
0.0006982852466691393,0.000666
0.0006774306860222886,0.000684
0.0006533774446220488,0.000584
0.0006196182207337422,0.00055
0.0006365146964911094,0.00055
0.0005906377084162953,0.000666
0.000586323530797264,0.000766
0.000630762420218218,0.0009
0.000717306523443939,0.000934
0.0008138410651976924,0.00085
0.0008981882967937197,0.000766
0.0008609315377686126,0.0007
0.0006374027389778248,0.000618
0.0007313848686375646,0.000582
0.0006647235364948956,0.000584
0.0006815310975505456,0.000534
0.0006691353467167441,0.000516
0.0005532617784444769,0.000566
0.0005493391568721378,0.000584
0.0005493391174246216,0.000516
0.000544749911722018,0.00055
0.0005533774385622386,0.000618
0.000781740885501985,0.0006
0.0005699979000481261,0.00055
0.0005787498838022411,0.000466
0.0005570378524937994,0.0004
0.000502095036225269,0.00035
0.00043964093948496984,0.000316
0.000381598771309068,0.0004
0.00036561597892400464,0.000618
0.00041808362133541674,0.000866
0.0005447144878523897,0.000934
0.0006992551033046398,0.000766
0.0007930519085328502,0.000616
0.0007925332525886722,0.000618
0.0007302571430418725,0.000582
0.0006437380889889955,0.00055
0.0005908061098633363,0.000518
0.0005660777636693133,0.000466
0.0005279365518814733,0.0004
0.0006191675723076478,0.000366
0.00043604210312633726,0.000334
0.00015613475626413643,0.000316
0.0007828792619270753,0.000268
0.00032011938324877294,0.000266
0.0002952617675438683,0.000334
0.0002952617872676264,0.000366
0.00048209139795230504,0.000366
0.0003319863204029518,0.00035
0.0003162139016222618,0.000284
0.00034065946829576154,0.000334
0.0003327360993450716,0.000366
0.00033273607962131343,0.0004
0.000524317597289533,0.000416
0.00037821377993624235,0.000484
0.0004154337738761673,0.00055
0.00046102240060690307,0.000534
0.0004947043073632817,0.000466
0.00047827228666271035,0.0005
0.000511696088320005,0.000534
0.00041578694748950967,0.000566
0.0003472907732978962,0.000634
0.0008314502786793834,0.000616
0.0005865146540136879,0.0005
0.0004110526932695085,0.000316
0.0005133587616841028,5e-05
-0.0002297623864263468,-0.00025
-0.00030277271742082265,-0.000532
-0.000764891297826802,-0.000884
-0.0008357284651488742,-0.000916
-0.00044116998909670996,-0.0008
-0.0007867439595308167,-0.000734
-0.0008890399688287571,-0.000616
-0.0007691933650583325,-0.000568
-0.0006817850850932513,-0.000716
-0.0006602098183237864,-0.001016
-0.0011805693429402517,-0.001118
-0.0005141400441770539,-0.001016
-0.0009702321091768953,-0.00105
-0.0004979990672516685,-0.001134
-0.0010807001448444585,-0.00105
-0.0010635810273051517,-0.000982
-0.0010553372064558816,-0.001
-0.0010429622050156487,-0.00085
-0.0009723330838944889,-0.000784
-0.0008390097095538578,-0.0009
-0.0008854556886036355,-0.001016
-0.0008896041472067335,-0.001068
-0.0009447189546462872,-0.001132
-0.0009134444903615574,-0.0011
-0.0010800634619315414,-0.000984
-0.001072367093713341,-0.00105
-0.0010678865659181156,-0.00105
-0.0010470230112375508,-0.000966
-0.0010134445753164003,-0.000984
-0.0008355102414887591,-0.000934
-0.0007066159553821115,-0.000916
-0.000776579360218365,-0.000916
-0.0009381921263910461,-0.00095
-0.0013724125554315375,-0.000968
-0.0007361621450831537,-0.000982
-0.0008427464149819231,-0.000934
-0.0009589525652640295,-0.00095
-0.0009589525652640295,-0.001016
-0.0009712813342151708,-0.00095
-0.0009632845337129074,-0.000918
-0.0006201234495076974,-0.00095
-0.0009593861723630867,-0.001082
-0.0009765665913427075,-0.00125
-0.001053243963451481,-0.001334
-0.0011576868643759762,-0.0015
-0.0012952380657224804,-0.001584
-0.001420270282194294,-0.0016
-0.0015071168295274085,-0.001632
-0.001580210552571321,-0.001384
-0.0015524152014332842,-0.001134
-0.0014424470446921453,-0.000966
-0.0012852562662005154,-0.001084
-0.0011457804994292656,-0.001132
-0.001080692886501461,-0.001018
-0.0010515670495340028,-0.00095
-0.0010477024552581259,-0.0009
-0.0010130302186052923,-0.000866
-0.0009349194815446137,-0.000934
-0.0009133038994135006,-0.001166
-0.0009694179913357071,-0.001334
-0.0014693846490359773,-0.001266
-0.001178755151666085,-0.001066
-0.0012105160827217004,-0.001018
-0.0011742812510535962,-0.000982
-0.0010857225237234402,-0.000884
-0.0009891565028516873,-0.000916
-0.0009513107135133414,-0.00095
-0.0009552945970784784,-0.00095
-0.0009256824511301998,-0.000968
-0.0009464693987341298,-0.000932
-0.0009503198707991748,-0.00085
-0.0007963629996929809,-0.00085
-0.0003561908477372369,-0.000884
-0.0008798348120075053,-0.001
-0.0008975289954392844,-0.001066
-0.000952159150693702,-0.001118
-0.0008854125330208145,-0.001066
-0.001063539291832917,-0.001016
-0.0010673958388154707,-0.00105
-0.0010634134542559528,-0.001034
-0.001041963315008159,-0.001034
-0.001033802807313293,-0.000916
-0.0010098350486808531,-0.0007
-0.0005634393015275875,-0.00055
-0.0008046507650753976,-0.000416
-0.0006501047058658996,-0.000318
-0.00026268741368767353,-0.000216
-7.161008458703279e-05,-0.000134
-0.00015446940517800496,-0.0001
-5.4844574583747666e-05,-3.2e-05
-5.942015116947322e-05,-5e-05
-0.00027437161022264003,-3.4e-05
-3.5044598906448264e-05,1.6e-05
6.231258628295171e-05,1.8e-05
-1.3246803766653174e-05,3.2e-05
-2.983000214246556e-05,3.4e-05
2.880573835835545e-05,3.4e-05
1.2148349682648505e-05,1.6e-05
6.169610049837508e-05,1.6e-05
4.1282236408899776e-05,1.8e-05
2.080573829270049e-05,1.6e-05
9.910998391180383e-05,3.4e-05
2.080573829270049e-05,6.6e-05
-6.459769685378075e-05,6.6e-05
4.49652389744761e-05,6.8e-05
9.130999693018919e-05,6.6e-05
9.179495976451616e-05,6.6e-05
-2.852892578144221e-07,3.4e-05
0.0005845570710178078,6.6e-05
-8.855131501870549e-06,3.4e-05
6.600091919416668e-05,5e-05
-0.00010628204510725225,6.6e-05
0.00014957456527199317,8.4e-05
9.934660983826804e-05,8.4e-05
7.064465615710144e-05,0.000132
9.089004360270777e-05,0.000268
0.00014013120462362554,0.00045
0.0005484807394701561,0.000466
0.00037377084562404116,0.000466
0.00041042437323004496,0.000484
0.0002812403253924907,0.000434
0.0004620501661963169,0.0004
0.0003661971986290182,0.00035
0.000157548959585004,0.000266
0.0003609315469170775,0.000266
0.00031907836329388573,0.00025
0.0004719088500199414,0.000184
0.00019566698609514474,0.000184
0.00022007046226876333,0.00035
0.0002403149276286764,0.000382
0.0002727256184488589,0.00035
0.0001969795824759289,0.000384
-0.0004233050373669125,0.000416
0.00028597006287187673,0.000384
0.0003829189218892217,0.000416
0.0005904546719407108,0.00045
0.00041591893887901526,0.000468
0.0005617531719059815,0.0005
0.0004577449826109996,0.000566
0.0004949027678177356,0.00065
0.0005442716894820369,0.000884
0.0006463997312556155,0.00115
0.0008068702156990936,0.001316
0.000993698702129558,0.0014
0.0011826157767575007,0.0014
0.0013139688265544902,0.001384
0.0013741384387314158,0.001216
0.0013480742023982395,0.001084
0.0012677808342612476,0.000966
0.0011586443889535622,0.000934
0.001047248863282994,0.000732
0.0003226590143475087,0.000534
0.0007871941890489162,0.000484
0.0006665879839048156,0.00045
0.0005472908051412749,0.000482
0.00039097213233977944,0.0005
0.00045396523994266217,0.0004
0.0005284582452844056,0.000484
0.00046553101503372674,0.000466
0.00046155541544701056,0.00045
0.00044922285953430527,0.000468
0.0004666969652727037,0.00045
0.00045828225778286636,0.000416
0.0005656392256307199,0.000484
0.00045387115761631107,0.0005
0.00046169612473761617,0.000432
0.0004571324021305357,0.000468
0.00038319718466912976,0.000366
0.000591740187601562,0.000334
0.00039868928939906464,0.0003
0.0003654417392445527,0.000216
0.0001360420948087855,0.000166
0.00025234957589836125,0.000184
0.00021522376290357813,0.000216
0.0003575534194120862,0.000318
0.0004532041001158509,0.000416
0.000502209512917542,0.000434
0.0007013581292930803,0.000466
0.0004071294799844251,0.000584
0.0004733768104436329,0.000782
0.0005631178587320263,0.000934
0.0006870398643053803,0.00105
0.0008331726361356275,0.000966
0.0009305960882214548,0.00075
0.0009222829186385474,0.000568
0.0008288296223821883,0.000466
0.0006827818993970619,0.000534
0.0005768943515310025,0.000532
0.00040722908496305677,0.000484
0.0005032617754145717,0.00045
0.0004991274390223055,0.000434
0.0004740678125864809,0.000532
0.0004740678125864809,0.00075
0.0005383756270122693,0.000934
0.0006576882692021955,0.001
0.0007994917155671561,0.00085
0.0008608886188708893,0.0008
0.0008940949858183947,0.00075
-0.0008155845120604674,0.000634
0.0007565130943042171,0.000482
0.00035209250249451104,0.00055
0.000601519424127379,0.000484
0.0005359600583522649,0.000466
0.0004946991791861641,0.00045
0.0004865554366857213,0.000518
0.00047887117885502174,0.0005
0.00048283135446286864,0.000432
0.00047412635270065493,0.000518
0.0002339497158476744,0.00075
0.0005470280057877525,0.000732
0.000604613016697372,0.000768
0.0006894886083265845,0.000732
0.000745126253147043,0.000584
0.0005392923872908437,0.00045
0.00034515540034609805,0.000384
0.000534191192274315,0.000366
0.0004438770504692637,0.000416
0.0004032040576384295,0.000518
0.00041954116761480767,0.000466
0.00041578694748950967,0.000266
0.0004141666802054234,0.000184
0.00017080574121874147,0.000166
0.0002675489011623934,0.000168
0.00023978729737454248,0.000216
0.00013716262123275474,0.0002
0.0002035305920586557,0.00025
0.00020776563796000977,0.0003
0.00024054896974282363,0.000334
0.00023159911724699925,0.000382
0.00031530384742145664,0.000384
0.00034912739048507377,0.000316
0.00035326176632485633,0.000218
0.000165938312183746,0.000166
7.054727010126106e-05,0.000116
0.0003710282570539945,0.0001
0.0001488533857791835,0.000168
0.00013675318559930408,0.000216
0.00014886686696787552,0.00025
0.00018210237576804,0.000266
0.0002240677974369552,0.000318
0.0002615865471415008,0.0003
0.0002828313817907644,0.000266
0.0002869416157505776,0.000284
0.00031953530359882834,0.000332
-6.884847245225537e-05,0.000334
0.00030326176329495115,0.000316
0.00031600090475805513,0.000384
0.0003536669712121849,0.000384
0.000353749889891426,0.0004
0.0003701944943496938,0.00035
0.0003790447418668865,0.00035
0.00037045820099609097,0.00035
0.0003619606537220451,0.000366
0.0007190102616724944,0.0004
0.00045742234137526554,0.0004
0.0003784582361946901,0.000366
0.00038257533402233775,0.000368
0.00038308724444123017,0.000366
0.0003660258780657717,0.000366
0.00012835964170195628,0.0003
0.00027387531631112435,0.000284
0.00038604210009643213,0.000334
0.0003202137811552544,0.000316
0.0003080366879042471,0.000334
0.00031649100070043934,0.00035
0.00033319718163922463,0.000366
0.00034103670489404067,0.00035
0.00034971472455511224,0.000434
0.00040828225475296123,0.000416
0.00022880572027597133,0.000234
0.00035655561421129445,0.0
-0.0003083474798704101,-0.0003
8.085584791723095e-05,-0.000634
-0.00018307502802439193,-0.000666
-0.00040673976295631427,-0.000618
-0.0011330470778560238,-0.000482
-0.0006017435104527369,-0.000484
-0.0006931156740921962,-0.000666
-0.0005645164159598798,-0.000834
-0.0009593861723630867,-0.00095
-0.0007378621752451779,-0.001034
-0.0008744227705626132,-0.000966
-0.000947784736717296,-0.00085
0.0004596913625122535,-0.000816
-0.0009186756254967446,-0.000734
-0.0008435670022157829,-0.00065
-0.0007644208467475302,-0.000634
-0.0007103049293154661,-0.000632
-0.00013023727915327011,-0.000618
-0.000633786057327145,-0.000616
-0.000625206538114249,-0.000634
-0.000625206538114249,-0.000816
-0.0006730836730550199,-0.001116
-0.0008004816359737638,-0.001368
-0.0009904650558620518,-0.001516
-0.001210589928472195,-0.001216
-0.0013077634410948102,-0.000968
-0.001272024149126338,-0.00075
-0.0011195767766784888,-0.0006
-0.0008892607960249472,-0.0004
-0.00010087819888386934,-3.2e-05
-0.00045217253255018915,0.000282
-0.00019590801512874928,0.000384
5.0914709683095474e-05,0.000466
0.0002703170122754796,0.000518
0.00041028733255845426,0.000466
0.0004573095214786768,0.0003
0.00043546175126668205,8.4e-05
0.00021216261591573338,0.0002
0.0002590241153783495,0.000366
0.00023485823159534425,0.000484
0.00027970303595892,0.000582
0.0007608169761214968,0.0006
0.0005056906378875658,0.000668
0.0005818677760422687,0.000682
0.0006319383112312999,0.000684
0.0006576471254427053,0.000666
0.0005697498935132123,0.000734
0.0006908653660926139,0.000784
2.917360493878087e-05,0.000816
0.0007485951099395007,0.000816
0.0007866668546511544,0.000818
0.0008081449227404814,0.000816
0.0008164438912175245,0.00075
0.000627242755024779,0.0007
0.0006119416157212029,0.00065
0.0007274760931434433,0.0005
0.0006476800003968002,0.000416
0.0005636760410875267,0.000318
0.00011177407154422697,0.000266
0.00037276655130681976,0.000184
0.00029391270193427423,0.00015
0.00022785653413900673,0.000116
0.00015813128382047366,0.000116
0.00013163075795713245,0.000118
0.0001246377981256531,0.000166
0.00026731111153419865,0.00015
0.00011231257945097776,0.000116
0.00016969915949178067,0.000168
-0.00017770957409623804,0.000216
-0.0002488031305504355,0.00015
0.0001080146542086578,0.000116
7.350045416796024e-05,0.000168
0.00016160352323745325,0.000216
0.00016160352323745325,0.00015
0.00016160353309933233,0.000166
0.00017438588931653176,0.000168
0.0001743858991784108,0.000232
-0.00018090640081636148,0.000284
0.00021128196983832227,0.000266
-0.00014189385256495467,0.000268
-0.00011590242648497024,0.000232
9.512630744612728e-05,0.000134
0.00018319720213514644,0.000166
0.00019868925755568595,0.000134
0.00012416229776429617,5e-05
5.803669494394935e-05,0.0
0.00017426889784509533,0.000116
0.0004622880347195443,0.000234
0.00036222443926347484,0.000384
0.00028544016438555614,0.000432
0.0003577949565543285,0.000368
0.00035267804170255833,0.000182
0.00033914257322811267,0.0
0.00024131204249793305,-0.0003
5.638925571754873e-05,-0.000382
0.0001298337953857052,-0.00025
-0.00012518116278598156,-0.000134
-0.00026872844577980617,-0.00015
-0.00025703261222753416,-0.0002
-0.00018462845149212518,-0.000216
-0.0002544354272025316,-0.000234
-0.0003043330244801485,-0.0003
-0.0006843184045893807,-0.000366
-0.0006379619714015807,-0.00045
-0.00033948383840060953,-0.0004
-0.00044329167376035557,-0.000284
-0.00023768741217272096,-0.000234
-0.00021268741065776843,-0.000216
-0.0005355711302744797,-0.000266
-0.0004718055219600944,-0.0003
-0.00032573775963669273,-0.00035
-0.00033399909518319534,-0.0004
-0.00033025880003114766,-0.00045
-0.00037638710823224386,-0.000434
-0.00040945106964594317,-0.0005
-0.0007478150202901861,-0.00055
-0.0004846284499477978,-0.000634
-0.0005313114691229608,-0.000666
-0.0005891355714288128,-0.00065
-0.0011998333797302988,-0.000616
-0.0006208445895529908,-0.0006
-0.0007215645127850895,-0.000618
-0.0006214527519116303,-0.00055
-0.0005966828280354378,-0.000632
-0.0007850295704728631,-0.000734
-0.0011393849525082368,-0.000934
-0.0007160594540967861,-0.001116
-0.0008586179653710493,-0.001266
-0.001017439188605968,-0.001284
-0.0011534899642228745,-0.001134
-0.0006759717835126595,-0.001132
-0.0010352246535904417,-0.001134
-0.0011726186171370147,-0.0011
-0.0011253621494175473,-0.00105
-0.0011048439182945833,-0.001116
-0.0011007771949452377,-0.001118
-0.0010966828583344893,-0.00105
-0.0009502853147749051,-0.000966
-0.00109262244658775,-0.000934
-0.0010335925520514684,-0.000982
-0.0009840518364537252,-0.000968
-0.0009629387367851112,-0.0008
-0.0005926225740787638,-0.000532
1.8306887296664145e-05,-0.000384
-0.0003002852753861383,-0.00025
-0.00021285167011559904,-0.000184
-0.0003408088015777505,-1.6e-05
9.128223080966073e-05,0.0001
0.00019128224673135006,0.0002
2.1457848266323985e-05,0.000166
0.00011045513397519923,6.8e-05
0.00013220512365619066,-3.4e-05
9.773580009621226e-05,-0.000184
7.874341728209064e-07,-0.000332
-0.00012425627631905149,-0.000518
-0.0002714428688232219,-0.000666
-1.144750392988576e-05,-0.0007
-0.0005576029625974826,-0.000766
-0.000664753146564945,-0.00085
-0.0011931543629572117,-0.000834
-0.0008718979717300024,-0.0008
-0.0008479662681274514,-0.0008
-0.0008215417181804842,-0.000884
-0.0008303543722146528,-0.000766
-0.0008135810516031423,-0.000634
-0.0007732323173562101,-0.0005
-0.0005399920528725912,-0.000216
0.00011270934256982034,-3.4e-05
1.2885014556731806e-06,6.8e-05
-0.00017584934757056107,0.0001
-2.3556308599255876e-05,0.000132
-0.0002966247431120285,0.000218
6.863032790903846e-05,0.00025
0.00017348333014382167,0.000232
0.0002068750313847355,0.000268
0.0003407449905110778,0.000316
0.0003861402455169611,0.000284
0.0002742481742350953,0.000266
0.00027021379784910736,0.000234
0.00027426217810337823,0.0003
0.0002703899112855831,0.00035
0.0002864331767131187,0.0004
0.00031947607315311927,0.000466
0.0003774760719341073,0.00045
0.00041537156514297836,0.00045
0.00044088203724247877,0.0005
0.000465991170311247,0.000584
0.0004946413491272833,0.000732
0.0005638494129216202,0.000684
0.0006227734697716962,0.000616
0.0006911629976030203,0.00065
0.0006694354634206768,0.000634
0.0006453774488709659,0.000616
0.0006286446803062013,0.000718
0.0006535418618699445,0.000782
0.000691771199409176,0.000884
0.0007475839123069286,0.000916
0.000969394692868264,0.000834
0.0008527389986905193,0.000784
0.0008287564866869871,0.00075
0.0005253003138153439,0.00065
0.0007528298008132082,0.000566
0.00047026550593882565,0.000534
0.0003202006254085717,0.00045
0.0004206587551988133,0.000432
0.00030150433699672536,0.000434
-0.00012966572408974755,0.000416
0.0006104401643561815,0.000368
0.00039526177360367856,0.000366
0.00041183781718622393,0.000366
0.0002365554412599537,0.0003
0.0002239718413535803,0.000368
0.00036621388492840876,0.0004
0.00035759671306121425,0.000316
0.0003450055786792295,0.000316
0.00034910999413038994,0.000284
0.00042453127842546434,0.000284
0.00029959988980528756,0.000332
9.712624228168403e-05,0.000368
0.00042477088263940843,0.000432
0.0003526600141876139,0.000368
0.0002164708566835631,0.000232
-0.00014237071386562366,5e-05
0.0002668704433297256,-0.00015
0.00012017018939201269,-0.000316
-5.1115231048409925e-05,-0.000466
-0.00022526223349176732,-0.00055
-0.0003742797824645277,-0.000484
-0.0004561229646215125,-0.000316
-0.0004561229646215125,-0.0001
-0.0003668126437634872,0.000166
-0.0001895355055572337,0.00035
1.8709690816438586e-05,0.000366
0.0003408820509064266,0.000334
0.0003494365603939949,0.0004
0.0003618920939387335,0.000434
0.00038257249380116486,0.000482
0.0009226796028623574,0.000534
0.0004612461469192987,0.000566
0.00039671363944072377,0.000584
0.0004890988941935371,0.000616
0.000629044717568896,0.00065
0.00035561932741215663,0.000634
0.0005829911624111689,0.0006
0.0008485368125702346,0.000634
0.0005742622160065672,0.00065
0.0008070698201315199,0.000716
0.0008980337414248963,0.000766
0.0007968549646833149,0.000818
0.0007359600704718854,0.000766
0.0007451051881733442,0.000666
0.0007526337466572479,0.0006
0.0007103950030098399,0.000668
0.0008852880911216045,0.000766
0.0006735302734016207,0.0008
0.0007065354580160483,0.000834
0.0007654616055844877,0.000932
0.0008314616395640748,0.001034
0.0008977358337818759,0.001066
0.0009642402437047441,0.00105
0.0010192013636208328,0.000934
0.0010197223075209558,0.000716
0.0004525300998525238,0.000518
0.0007994340432983405,0.0005
0.0004910366745362398,0.0005
0.0005562373045982147,0.0006
0.0005284731169980468,0.000582
0.000777099096260167,0.00055
0.0005910367200435664,0.00055
0.0006070996697817307,0.000668
0.0005863017557682721,0.000682
0.001022894045620719,0.0007
0.0008690170162874954,0.00075
0.0006992292257339537,0.0008
0.0007318580021479442,0.000818
0.0007658580531231999,0.00095
0.0008276669462870635,0.000966
0.000881639984815126,0.000934
0.0009155543557850003,0.000882
0.0012184156601109937,0.000868
0.0009115195849238494,0.000866
0.0008868150255821491,0.000884
0.0008747934738878724,0.000732
0.0008359788535494496,0.0006
0.0004497147306149225,0.000484
0.00033111096029272356,0.000466
0.0004397872897704049,0.000534
0.0005197102851769523,0.00055
0.00044865591983018864,0.000534
0.000520194463991893,0.000532
0.0004525536894672651,0.0006
0.0005533171627573477,0.000668
0.0005821120745106512,0.0007
0.0008728682773028663,0.000566
0.0006321816235117752,0.00045
-0.00012751124867818605,0.000434
0.0011474327736637473,0.000516
0.00021761081100930507,0.000484
0.00047021379024496975,0.000482
0.0005076413964631278,0.0005
0.0006910367261033767,0.000518
0.000495636964990921,0.000582
0.0005195632642837403,0.000634
0.0005571802185800893,0.0006
0.0005824529404989112,0.000484
0.0005736164601649036,0.000382
0.0005225312165143504,0.000318
0.0004433508994969907,0.000216
2.0398035884496814e-05,-5e-05
-0.0006621145022003219,-0.000334
-0.0007259645676470837,-0.000766
-0.0002425205613160606,-0.00085
-0.0005080665073314986,-0.001116
-0.0007734714481999587,-0.001184
-0.0009949177337107767,-0.00125
-0.0011037671588899375,-0.001234
-0.001250319810083573,-0.0012
-0.0012176529273688467,-0.001066
-0.0012033709540961333,-0.000984
-0.001123504881455592,-0.000966
-0.00105629017955441,-0.00095
-0.0007536833117084857,-0.00095
-0.0009628516366691434,-0.000916
-0.0009459552398068089,-0.00095
-0.0009418687926993184,-0.000984
-0.0009505984491592133,-0.000866
-0.001219826564411446,-0.000934
-0.000934566268483755,-0.0011
-0.0009731192728941441,-0.0012
-0.0010282760524910302,-0.001234
-0.0011198909366982206,-0.0013
-0.0012102916263540115,-0.00125
-0.0012468948189292297,-0.0012
-0.001246894740034197,-0.001232
-0.0012463992003345647,-0.001034
-0.001181123422754058,-0.000734
-0.0010548928696323936,-0.00055
-0.0008940324464903912,-0.000432
-0.0006931328732092985,-0.000418
-0.0004013766364316215,-0.000382
-0.00021268743038152656,-0.000268
-6.433439454442557e-05,-0.000166
-0.00021331679578017178,-0.000184
-0.0002041794492394221,-0.0002
-0.00020545812075619706,-0.000282
-0.0002091017694933348,-0.000318
-0.0002510420926800106,-0.000282
-0.00023358118213581117,-0.000268
-0.0002879619501922448,-0.000316
-0.0002965377810623677,-0.000334
-0.00037177991446221204,-0.00025
-0.00033486559932601655,-0.000232
-0.0002417177649120474,-0.000234
-0.00015470011397702573,-0.00015
-0.00021746896244980102,-0.000216
-0.0002457001297478073,-0.000234
-0.00024648781775308155,-0.0002
-0.00020077716013070337,-0.000134
-0.00012546874504161312,-0.000116
-0.00039727989352237935,-0.000216
-0.00031285159728037675,-0.000318
-0.0004713411852458475,-0.000432
-0.00019401098407037396,-0.000384
-0.00033950876923090464,-0.000334
-0.00036310793027113285,-0.0003
-7.536219427020927e-05,-0.000282
-0.00032596462230287523,-0.000368
-0.0003045377965372087,-0.000316
-0.00031729701678610416,-0.000216
-0.00017573780971825173,-0.00015
-0.000264605016625794,-0.000118
-0.00023600217482930546,-0.0001
0.00010273898282757944,-3.2e-05
-0.00010107120571919614,-1.8e-05
-6.806169173985578e-05,-8.2e-05
-5.8843911713391244e-05,-0.00015
-0.00028472859507203704,-0.0002
-0.00019223436655547318,-0.000218
-0.00016380856521209315,-0.000182
-0.00018812490182222762,-0.0002
-0.0003844274982400075,-0.000334
-0.0005798347543805582,-0.000516
-0.0003113150376258574,-0.0007
-0.00044217519070680603,-0.000584
-0.0005367893879200568,-0.0004
-0.00033914498423568036,-0.00035
-0.0005119909040420706,-0.000366
-0.0004273203606025325,-0.0003
-0.00014196329991738284,-0.000168
-0.0001917177816059004,-0.00015
-0.0002482396425039942,-0.000182
-0.00025896329201730467,-0.000284
-0.00045564107376251656,-0.0004
-0.0002564241934600388,-0.000334
-0.0001837860892292733,-0.000166
0.0002334438408987743,0.000234
0.00039994809909138767,0.000366
0.00024529989053845725,0.00025
-0.00014789786316304933,-5e-05
-3.7921614750131434e-05,-0.00035
4.709933604566926e-05,-0.000416
-0.00014806594902996005,-0.000418
-0.00031226268530968666,-0.000482
-0.000417658519885194,-0.000468
-0.00044673149718082403,-0.000416
-0.00022225879822025451,-0.00035
-0.0004302858670871327,-0.00025
-0.0003730194737665857,-0.00015
-0.00011423198196016338,0.0
0.0001905502882047142,0.000166
-6.239859643941647e-05,0.000318
0.0002094652933706292,0.00045
0.00022933045113765794,0.000382
0.00025366696515237463,0.00025
0.0003797497084305011,0.000218
0.00022054726439815786,0.0002
0.00026073181808229206,0.000132
0.00013207775748797003,0.000118
2.9299892136532734e-05,8.2e-05
1.9574515357980282e-05,8.4e-05
0.00014943653841249525,0.00015
0.000243727137787742,0.000234
0.00013596005383678187,0.0003
0.0002863017967601156,0.00035
0.0002566409725767353,0.000332
0.000393968447334602,0.000384
0.00045382058590042753,0.000434
0.0009940378718746173,0.000432
0.0007762963393036701,0.000418
0.0005898122691379318,0.0004
0.00048696987229186165,0.000432
0.00039566697849100716,0.00045
0.0004161972016589233,0.0004
0.0004847554859649351,0.00045
0.0004324910377099316,0.000518
0.00045345829991082226,0.000532
0.0006285472843884819,0.0006
0.0005373125953432924,0.0006
0.0005615606680264874,0.000618
0.0005866831738032779,0.000666
0.0006203285127120559,0.000616
0.0005828547923473551,0.00055
0.00038485173184487183,0.00055
0.0005942885366013979,0.000568
0.0005164438335905773,0.00055
0.0004896780626277037,0.000466
0.00032710425633941285,0.000384
0.0004901822018858869,0.000432
0.0004564969420906237,0.000518
0.00044878668834668923,0.00055
0.0005444211561212589,0.0006
0.0005955645454108232,0.0006
0.000515621550113517,0.00055
0.0004824529344391008,0.00055
0.000578805702037791,0.000566
0.0005408900905956122,0.000566
0.0005577949686739491,0.000584
0.0005661972107486389,0.000584
0.0005747708917291239,0.000532
0.0005659710186902332,0.00055
0.0005619416126912978,0.000618
0.0005807845472449514,0.00065
0.0005863017557682721,0.000716
0.000632017009026298,0.00075
0.0005383327870095786,0.0008
0.0006723750134395583,0.0008
0.0007276470586790432,0.0008
0.0002513746897045339,0.000766
0.0007911312878597336,0.000668
0.0007571584556707178,0.000516
0.0006847660700189213,0.000434
0.0009047596218473357,0.000416
0.00017317666515218494,0.00035
0.00023587268364801028,0.000216
0.0003518770796080526,0.000118
0.00027212828443344095,3.2e-05
0.00012832850774972457,0.000168
0.00013181114158724653,0.000132
0.00011126093825232956,0.000134
0.00011523832283915788,0.0001
0.00013290123425239818,0.000166
0.00013241881085193237,8.4e-05
0.00012021378875939197,0.0
8.603284133631043e-05,-1.6e-05
5.669500355443172e-05,-3.4e-05
7.377573226237413e-06,-8.4e-05
-3.428375986694875e-05,-3.2e-05
-4.213465386833533e-05,0.0
-3.824680035066621e-05,3.2e-05
-2.2063432138087913e-05,1.8e-05
3.904322966652894e-06,-6.8e-05
-5.452975528519284e-06,-0.000166
-0.0003609426955495033,-0.000284
-0.00012779094143055964,-0.00045
-0.00024553058432279386,-0.0005
-0.0003532971751798004,-0.000466
-0.0004270682120784083,-0.0003
-0.0004309009327611229,-0.0002
-0.00036953389122722105,-0.0001
-0.0002698516349111249,-8.4e-05
-0.00017315127552264742,-3.2e-05
-0.00010550995859467061,-3.4e-05
-6.324680679655831e-05,-8.4e-05
-5.913464977032597e-05,-0.000116
-6.737845089583779e-05,-0.000166
-0.0001011918263621312,-0.000168
-0.00013437844982773357,-0.000166
-0.000870888509788147,-0.0001
-0.00015071794637884728,-0.000216
-0.0006761109543501299,-0.000434
-0.0004423346770151656,-0.000616
-0.0005462946614452413,-0.00065
-0.00048328076500127397,-0.000518
-0.0005566029680595367,-0.0002
-0.0005004048529276331,3.4e-05
-0.00034014304584532797,0.000216
-0.00012380631822449215,0.000418
0.00011134850187661379,0.000432
0.00044504477584647367,0.000418
0.00036877596166391344,0.00045
0.00042916999076101167,0.000416
0.00042865879039741245,0.000434
0.00033696065220709256,0.00035
0.00041155541241710543,0.000266
0.00020228850811323954,0.000134
0.0002932522124452764,8.2e-05
0.0001812234752432247,3.4e-05
0.0006431426287306013,-0.0001
3.534448099625103e-05,-0.00035
-8.765849791544423e-05,-0.00055
-0.0005924693599254942,-0.000666
-0.0004218279251194418,-0.000784
-0.0005914712588683304,-0.0009
-0.0007282384013810589,-0.000884
-0.0008108192520926626,-0.00095
-0.0008809954368317831,-0.001032
-0.0009429302464676436,-0.001034
-0.000976551127916322,-0.001016
-0.001008849728618967,-0.001018
-0.0010252065623534902,-0.000932
-0.0010009901265783596,-0.000868
-0.0009600562278747847,-0.000866
-0.0009225376162365462,-0.0008
-0.0008676585471543402,-0.000716
-0.0008140399840076576,-0.000618
-0.000752304621014158,-0.00065
-0.0006977282721719598,-0.000416
-0.000602776483114301,-0.000216
-0.00010862254514375722,-0.000168
-0.0003672181247834298,-0.000166
-0.00024404741688157272,-0.000166
-0.00017953258189029562,-0.000184
-0.00017119424479199532,-0.000266
-0.000797243231571471,-0.0004
-0.00037520652296472345,-0.0004
-0.00031478618237425996,-0.000168
-0.000121452731474458,-1.6e-05
-2.852892578144221e-07,0.0
4.5530598312471405e-05,1.6e-05
-4.3826202814357224e-05,1.8e-05
4.155413804246623e-06,-3.4e-05
0.00014139289398463776,-0.00025
-6.523394584401855e-05,-0.000584
-0.0007004886515718531,-0.00085
-0.0004372359277446469,-0.001182
-0.0007249969200724955,-0.0014
-0.0010117288450428928,-0.001534
-0.0012479122492693754,-0.001566
-0.0014242475385766943,-0.001534
-0.001510087543084159,-0.0015
-0.0015340811003922525,-0.00145
-0.0015135668140209173,-0.001384
-0.0014684011435598405,-0.001416
-0.0014385666714097525,-0.001434
-0.0014216100776375598,-0.00135
-0.001396796011990639,-0.001266
-0.0009594406099355665,-0.00105
-0.0012785422200329631,-0.00095
-0.0011579868232898436,-0.000816
-0.0010245733508220066,-0.0007
-0.0008822874218853058,-0.000668
-0.0007862473153007285,-0.000682
-0.0007179528559836627,-0.000568
-0.0006557708682107304,-0.0005
-0.000492376376069789,-0.000466
-0.0005560468369748834,-0.000466
-0.0005010338435748736,-0.000434
-0.0004670810507241331,-0.000416
-0.0002392319993968053,-0.000384
-0.000425737765696503,-0.00035
-0.0003967959119450201,-0.000284
-0.00035971449712982116,-0.00025
-0.0003183105023746211,-0.000216
-0.00027622917404096747,-0.000234
-0.0001762291679811572,-0.000266
-0.0003131079272412277,-0.000316
4.1139163965521404e-05,-0.000368
-0.0002972610315497826,-0.0004
-0.000338766090841717,-0.000432
-0.0003800634195128695,-0.000418
-0.0004378373840255171,-0.000416
-0.0004167861380624456,-0.0005
-0.00044235290176769147,-0.000516
-0.0004636382292924266,-0.000468
-0.00047594849735842806,-0.000416
-0.00047594849735842806,-0.000366
-0.00044289278047563335,-0.000268
-0.00021742472206028203,-0.0002
-0.0003260924717031704,-0.000182
-0.00013014848279410183,-0.0002
-0.00018768740914281584,-0.000184
-0.00016680280921231046,-0.0002
-0.00010474484443059318,-0.000216
-0.0002457001100240492,-0.000218
-0.00024196330597719311,-0.0002
-0.00021081053728021717,-0.0002
-0.00017536221019189864,-0.000182
-0.0004355445760362065,-0.0002
-0.00020028528905008614,-0.0002
-0.00016705752182499353,-0.0002
-0.000129727725723476,-0.000168
-0.00016268740762786328,-0.00015
-0.0001797001154919783,-0.000182
-0.00017545814655151536,-0.000184
-0.00017984457229663144,-0.000166
-0.00015005189479005255,-0.00015
8.363591016067813e-06,-0.0002
-0.00017119426451575349,-0.00015
-0.0003346322672671625,-0.000118
-0.00017116704572951353,-0.000182
-0.00017095525201455374,-0.000168
2.3889066495681507e-05,-0.000116
-0.0001459552702233593,-0.000134
-0.00015065339051843906,-0.000182
-0.00013768742583666885,-0.000168
-0.00012536219730011443,-0.000116
-0.00015065339051843906,-0.000116
-0.0001462435132248887,-0.000184
-0.00017632543964466238,-0.0002
-0.0003818967428324369,-0.00015
-0.00019633302266925534,-0.000166
-0.00017134122623769103,-0.000184
-0.00017520653056886102,-0.000216
0.0003385269947364107,-0.0002
-0.00019196332267104612,-0.000184
-0.0004665764775432705,-0.000184
-0.0003765708547631216,-0.00015
-0.00013768740611291071,-0.000132
-0.0002191248113935807,-0.00015
-4.2530475177726486e-05,-0.000168
-0.00016730306289013924,-0.000166
-0.0001168028061824053,-0.000134
-0.0001291942572369312,-0.00015
0.00017233943106645074,-0.00015
5.5624654371183075e-05,-0.000182
-0.00013413773122145428,-0.000184
-0.00017945275984108326,-0.000184
-0.0002940144023403433,-0.00015
-0.00018768740914281584,-0.000182
-0.00016285164736193578,-0.000184
-0.00017536221019189864,-0.00015
-0.00017119424479199532,-0.000166
-0.0002514123273441483,-0.000184
-0.00017178621394519785,-0.000166
-0.00012095527857028579,-0.000134
-0.00015484459050543704,-0.00015
-0.00017119426451575349,-0.000184
-0.00020028528905008614,-0.000216
-0.000376597994654329,-0.000166
-0.00014220505402096474,-0.00015
-3.90198483964574e-05,-0.000168
-0.00017522911427193694,-0.000166
-0.00013427746418603174,-0.000184
-0.0002087177873697701,-0.000182
3.632354801043768e-05,-0.000168
-0.00023380279828232715,-0.000216
-0.0005908894080030562,-0.000234
-0.00021765290621826025,-0.000182
-0.00014570010396423887,-0.00015
-0.00017919426026683635,-0.000184
-0.00018824681437132115,-0.0001
-0.00013200338390507966,-1.6e-05
-3.401959957411426e-05,-3.4e-05
-3.7837374579094613e-05,-5e-05
0.00015129579847402311,-3.4e-05
-4.636304793225504e-05,-8.2e-05
-0.00012522911124203178,-0.000118
-0.00010495526734436191,-0.000132
-6.373458519736046e-05,-0.000118
-0.00012134122320778589,-0.00015
7.168609870571396e-06,-0.000116
-0.00013768742583666885,-0.000134
-0.0001503198223206927,-0.000166
7.264020245647095e-05,-0.00015
-5.443542494479011e-05,-0.00015
-0.000150285286020181,-0.0002
-0.0003110807588266124,-0.000184
-0.00013768740611291071,-0.000132
6.258624702919772e-06,-0.00015
-0.0002170088466197971,-0.000168
-0.00019185511813386326,-0.000166
-0.00016285164736193578,-0.0002
-0.0001791670414805964,-0.0002
-0.00015005189479005255,-0.000166
-0.00016285164736193578,-0.000168
-0.0001839127749278379,-0.000232
-0.00025518408189043713,-0.000218
-0.0001798445920203896,-0.000182
-0.0001880583735860049,-0.000168
-0.00020871776764601197,-0.000216
-0.00019617945348833924,-0.000216
-0.0002753621965279508,-0.000218
-0.00020502548012128893,-0.000182
-0.00019570012671790216,-0.0002
-0.00020436305770399286,-0.000218
-0.00023768741217272096,-0.000232
-0.00026742470536642905,-0.00025
-0.00023355615268672535,-0.00025
-0.0002548445965652473,-0.00025
-0.00026728638265055896,-0.00025
-0.00030433298503263216,-0.000268
-0.00021699910308327353,-0.00025
-0.00029674484107537275,-0.000232
-0.0002291942632967415,-0.000234
-0.0001793553244758475,-0.000184
-0.0001793412219887739,-0.00015
-0.00020087256394885018,-0.000132
-0.00015031984204445084,-0.00015
-2.612468214454829e-05,-0.0001
-5.051915442257372e-05,-8.4e-05
3.666982053955919e-06,0.0
-5.053958970308663e-06,0.0
-4.7150356255185e-05,5e-05
0.0001667136333926634,0.000166
0.00023133270844573624,0.000384
0.00014633206818988524,0.000432
0.0007018771008173886,0.000484
0.00036349827845950434,0.00065
0.0007073775835938024,0.000816
0.0005917647634042106,0.0009
0.0007085404174789924,0.00095
0.0008261752779060819,0.001
0.0009148143992744367,0.001018
0.0009658579863477878,0.0011
0.0010156598445033695,0.00115
0.001065487422439572,0.001132
0.0010987438088377328,0.001168
0.0011368751192989842,0.001132
0.001145126277386284,0.002368
0.0014368530468692926,0.001282
0.001474820334557811,0.00135
0.001520887459661142,0.00135
0.0015763053818158663,0.00135
0.0013322681348861543,0.001268
0.0013286179773088287,0.001182
0.0012857758444522523,0.000818
0.0011494622694818235,0.000832
0.0010199821088632403,0.00095
0.0009418831271624158,0.001118
0.0009265165838768313,0.0012
0.0015223511203055577,0.0012
0.0011144686933612937,0.00125
0.0011908248048974031,0.001282
0.0012321333761106982,0.001318
0.0012614233936409547,0.00135
0.0013873126468516798,0.001366
0.0013282007014815155,0.001384
0.001353896182432415,0.001382
0.0013701553441166046,0.001368
0.0013747934252918914,0.0014
0.0013832138921191068,0.001416
0.0013910473799039307,0.001434
0.0014038960671197713,0.001382
0.0014075201893363456,0.001018
0.001308258404096382,0.000416
0.001052427691011581,-0.000434
0.0005784595500823483,-0.000882
1.1227712452863753e-05,-0.0012
-0.00054006649033583,-0.001434
-0.000996794488745779,-0.001566
-0.001276941834297087,-0.001668
-0.0014713409302638198,-0.001732
-0.0016027937822770224,-0.001734
-0.0016551838708714088,-0.001766
-0.0017258834452566622,-0.0018
-0.0017586900510740868,-0.00185
-0.0017885668109616374,-0.001868
-0.0018220022101887213,-0.001866
-0.0018466829432305825,-0.001916
-0.0018756140672576346,-0.0019
-0.001888030094114809,-0.001934
-0.0019046225084166147,-0.001934
-0.001921355355876412,-0.001866
-0.0019092009449472713,-0.001884
-0.0019052501972958175,-0.001866
-0.0018881919867216623,-0.001884
-0.0018752290594986464,-0.0019
-0.0018838027404791315,-0.0019
-0.001887851633551114,-0.001916
-0.0013640659343548164,-0.00175
-0.001868176474746295,-0.001434
-0.00175480036817785,-0.00115
-0.001569801141972775,-0.000766
-0.001283988423026962,-0.000566
-0.000987337183400403,-0.0003
-0.0007031901752774421,-1.8e-05
-0.0004194783916017065,0.000234
-0.000169936894657775,0.000684
0.00014103448371350792,0.001
0.0004652344091587439,0.00115
0.0007583040904388055,0.001216
0.0010074123155875683,0.0013
0.001163775800767569,0.0013
0.0010345940211622013,0.0013
0.0012780965964561217,0.001266
0.0012911312392637523,0.001334
0.001299401568843969,0.001384
0.001319917590906021,0.001332
0.0013279594404718873,0.001318
0.001341377434242822,0.001232
0.0013151443625399255,0.001234
0.0012778515484849296,0.001334
0.0012783372263054894,0.001332
0.0012817589038684645,0.001234
0.0012822714060001014,0.001084
0.0012434730380383899,0.000982
0.001154661294338751,0.00075
0.00034915445148124856,0.00075
0.0007511968314288766,0.000934
0.0008513866589370732,0.001034
0.0008639689176278927,0.001182
0.0009711059261249145,0.001234
0.001093051926712281,0.001234
0.001168968671811955,0.0013
0.001236460689752654,0.0013
0.001266180132945241,0.001366
0.001298841650797752,0.00135
0.0013282656320933285,0.001384
0.0013492228351775653,0.001382
0.0013701553441166046,0.001318
0.00135782862643631,0.0013
0.0013450675127066327,0.00125
0.001311327736443857,0.001282
0.0012868750889411832,0.0012
0.0012570569480628393,0.001034
0.00055151946054499,0.00085
0.0010873935749756754,0.00045
0.0008765762649390726,1.6e-05
0.0005777869304820913,-0.000382
0.00022204891300076074,-0.000668
-0.0001564440295009223,-0.001
-0.0005177621545702974,-0.001266
-0.0008372792259092578,-0.001484
-0.0011120572911233317,-0.001532
-0.0013257183726092644,-0.001568
-0.0014654088127641633,-0.001666
-0.0015641563601817732,-0.001716
-0.0016223304014046317,-0.00175
-0.0016767021754273512,-0.001734
-0.001717283886705491,-0.001784
-0.0017466224246807838,-0.001782
-0.0017630302246063531,-0.001718
-0.0017552224566021505,-0.0016
-0.001722853718215542,-0.001616
-0.0016808536320416872,-0.001684
-0.0014866391504511905,-0.001716
-0.0016766944437141584,-0.001766
-0.001696850231057452,-0.0018
-0.0017426087187933316,-0.001818
-0.0017759645918275753,-0.001832
-0.0018046145339585139,-0.001634
-0.0017729818862258727,-0.001284
-0.00164747929756982,-0.00095
-0.001433361492740284,-0.000716
-0.0006052798619455665,-0.000566
-0.00034584455316475444,-0.000384
-0.00026655614995276075,-0.00025
-0.00020005189781995767,-0.000216
-0.00023330305742221013,-0.000218
-0.00025871779039967523,-0.00025
-0.00027970014127554673,-0.000282
-0.0003825051418761741,-0.000268
-0.00024617943679448623,-0.000232
-0.00020051915365041007,-0.000234
-0.00030617076592154025,-0.0003
-0.00027145273070229434,-0.000234
-0.00022984459505029473,-0.00025
-0.0002459552762831696,-0.00025
-0.00025048864402646507,-0.000232
-0.0001631079575990286,-0.000184
-0.00023810794242012814,-0.0002
-0.00025028527235623315,-0.0002
1.675326782408435e-05,-0.000216
-0.000255839265688494,-0.000184
-0.000200285269326328,-0.00015
-0.00019617945348833924,-0.000184
-0.00022520653359876618,-0.000182
-0.00023812490485213277,-0.000218
-0.00026330387974849204,-0.000216
-0.00022067381673948947,-0.0002
-0.00012522911124203178,-0.000166
-0.00016293876720166174,-0.00015
-0.000150285286020181,-0.000168
-0.00010896329278946831,-0.000166
-0.00012983000327133632,-0.00015
-0.00015871776461610682,-0.000116
-0.00015051915062050495,-6.8e-05
-5.0051893661181784e-05,-5e-05
-9.69788414842622e-05,-5e-05
-7.167148464613782e-05,-3.2e-05
-9.585227600436508e-07,-3.4e-05
6.492647733110298e-05,-3.4e-05
5.3377450176173175e-05,-3.2e-05
-7.13008357830791e-05,-5e-05
-1.6912779798010927e-05,1.6e-05
6.231258628295171e-05,0.0
-4.643542426276771e-05,1.8e-05
9.912180337387215e-05,5e-05
2.054726707135592e-05,8.2e-05
3.672174788178762e-05,0.000118
6.60777604904294e-05,0.000182
0.00031231258170871925,0.00025
0.0004222325138611939,0.00035
0.0006946321699756084,0.000384
0.0004497147306149225,0.000434
0.0007187746022101793,0.0005
0.00011187511142626369,0.000382
0.00027080574727855175,0.00025
8.213343955824746e-05,0.000168
0.00018321390815829514,0.0002
0.0004078900675460083,0.000232
0.0002117217307499207,0.000218
0.00026335876625833526,0.00025
0.00026657529701284543,0.000266
0.00034971472455511224,0.00035
0.0004198790750393459,0.0004
0.000314977320605368,0.0005
0.0005316598057064838,0.00065
0.00047215882893066974,0.000766
0.0005755306114453487,0.000734
0.0006599470339849481,0.000716
0.0011718384786220362,0.000884
0.0007733768286230637,0.00095
0.0008185447081450527,0.001084
0.0009052153195555152,0.00105
0.0008315310671927448,0.0009
0.0009941607114403437,0.000966
0.0009982149693745417,0.00115
0.0010141778013163624,0.0012
0.0008979429332423972,0.001066
0.0010932978425288314,0.001134
0.0010970051201097447,0.001266
0.0011646529557397883,0.0014
0.0012133247214487005,0.001384
0.0012933490575245963,0.001366
0.0013527043940702683,0.001418
0.0013276970355935278,0.001432
0.0013993465061710388,0.001234
0.0013605613925748007,0.001034
0.0012754865120932924,0.0009
0.0004645968189529523,0.00075
0.0005077990681857381,0.000566
0.000808180267715077,0.000266
0.0006146382084872557,0.000118
0.0004188627492296561,-1.8e-05
0.00022762128887561265,-0.0002
3.7238839485397726e-05,-0.0003
-0.00042176240279488453,-0.0004
-0.0004188333063678198,-0.000566
-0.0003698516409709352,-0.0006
-0.0004695339367345477,-0.000634
-0.0005522291852433915,-0.0007
-0.000626229136079029,-0.000766
-0.0006765794330535873,-0.000834
-0.0007353471593966069,-0.001
-0.0008277674829914018,-0.001132
-0.0005082820880080222,-0.001318
-0.0010754000554507967,-0.001416
-0.0012205007224648382,-0.00155
-0.0013577780002582262,-0.00165
-0.0016557001599646092,-0.001716
-0.0015858045259613417,-0.001768
-0.001673019513096603,-0.0018
-0.0017349085636135673,-0.001766
-0.0017632468703658167,-0.0017
-0.0017594034199586712,-0.001666
-0.0017343103814765491,-0.0014
-0.001636453085606567,-0.001184
-0.001492713121219425,-0.000984
-0.0014919847622786506,-0.000832
-0.0011052941722455147,-0.000668
-0.0005103590786357115,-0.000616
-0.0007785862920571237,-0.000566
-0.0008524017468590737,-0.00055
-0.0006011466300837563,-0.0005
-0.0005590278463333856,-0.00045
-0.000517628427490075,-0.000418
-0.0004112869570540693,-0.000282
-0.0004145044937202449,-0.000234
-0.0003482404769616466,-0.000116
-0.00026518355389969987,-5e-05
-0.00017278510395268756,1.6e-05
-9.829011637325063e-05,8.4e-05
-1.8347081628428113e-05,0.000116
3.991247934427685e-05,0.000234
0.00011054301317961379,0.000316
0.00018519666853144724,0.0003
0.00020731832284904186,0.00015
0.00047453128145536947,0.000316
0.0002687666065427425,0.000568
0.00032977844291621306,0.000766
0.0012600519612896242,0.000816
0.0008326215543330593,0.0009
0.0007594725258713087,0.001084
0.0008884988822624946,0.001216
0.0010001284105996937,0.001318
0.0014790446901822506,0.00145
0.0012636687462681687,0.001532
0.0013759946810579476,0.0016
0.001472394470096055,0.001684
0.0015643630407342997,0.001634
0.0012200729291653599,0.00155
0.0016157868229696515,0.0016
0.0016157868229696515,0.001582
0.001590744908468641,0.001584
0.001394648780351122,0.0015
0.0011264746238391196,0.0013
0.001488632172331383,0.001234
0.0014009640121289849,0.001182
0.000904301715078244,0.00115
0.000749410568996243,0.0011
0.0011652910587632917,0.000984
0.0011021347962330344,0.000716
0.00041836870853564293,0.00055
0.0008321271980589158,0.000368
0.0006488815717429867,0.000182
-3.3912775700001556e-05,-5e-05
0.00025698418569221446,-0.00015
8.249551844839224e-05,-0.00025
-7.097280996137146e-05,-0.00035
-0.0002027727113610124,-0.00045
0.00014698667013707687,-0.000532
-0.0003981258849567299,-0.000518
-0.0004642854841397092,-0.000616
-0.0013105717886745117,-0.000866
-0.0006364629657825692,-0.001068
-0.0007723356753109434,-0.001282
-0.0009641054365268978,-0.0014
-0.0011590703676672913,-0.0015
-0.0013164892316981085,-0.001534
-0.0014314337715142353,-0.001616
-0.0015144207738535583,-0.001684
-0.001585279242834427,-0.001616
-0.0016138187319197541,-0.00155
-0.0016176759100625683,-0.0016
-0.0016136895018563889,-0.001584
-0.0015881079453325343,-0.001534
-0.001567652988025699,-0.001582
-0.0013199386803125516,-0.001584
-0.0015715325723577658,-0.001584
-0.0015715325723577658,-0.001466
-0.0015552611030484938,-0.0012
-0.0014623890264971484,-0.000966
-0.001309942206314527,-0.000818
-0.0005924693993730106,-0.000616
-0.0009052854816723105,-0.000416
-0.0004413062013704586,-0.00035
-0.00041380856063786067,-0.00035
-0.0004357041412395986,-0.000284
-0.00035115833084656874,-0.000234
-0.0001794527401173251,-0.000116
-0.00024812293702705093,-0.000134
-0.00019372615327900363,-1.6e-05
0.0005126390023018796,0.000166
0.00015705698988559603,0.000218
5.5001709055814006e-05,0.000182
0.00013525287821225505,0.000368
0.0005149773327249886,0.00045
0.000301792067180543,0.0004
0.0003474876558516985,0.00045
0.00041613345447259905,0.00045
0.0001598776352285011,0.000432
0.001029411879842246,0.00045
0.00044529988293431964,0.000418
0.00043716264927406463,0.000382
0.0005458205173141224,0.00055
0.00044844822865692293,0.000684
0.000505547048928271,0.000766
0.0005918945851803201,0.000918
0.000726192470963374,0.001082
0.0008587302874646105,0.00115
0.0009753022740127883,0.001234
0.0012538268276389673,0.001316
0.0011933180457169821,0.001418
0.0012770400341798162,0.001482
0.0013601459313332368,0.0014
0.001402530078525689,0.001268
0.0013900700282403352,0.001166
0.0013259947174755586,0.00115
0.0012435256610251204,0.001016
0.0006865626677008228,0.001034
0.001089836796344599,0.0012
0.0010980821161994882,0.001316
0.0008605672005081602,0.001384
0.0012302105463766694,0.001334
0.0013068275637855193,0.001216
0.0013109858053726572,0.001084
0.0012516281019760078,0.001082
0.0011764039763673497,0.001034
0.001102320830719857,0.0009
0.0008677261357644288,0.000816
0.00041138310566595166,0.0007
0.0008594783701635298,0.000518
0.0007299474800389977,0.000316
0.0005828047334491834,-1.6e-05
-0.000258883430520576,-0.000284
0.0001258794481483901,-0.000384
-9.872669189790865e-05,-0.000266
0.0002686291122247145,0.000134
0.0003166969364592301,0.00035
0.00021165435439209776,0.000232
-0.00018399908609347993,-0.00015
-0.0003713553408443852,-0.0004
-0.0006253621980135285,-0.000566
-0.00022845241330539596,-0.000766
-0.0007041551404209226,-0.000934
-0.0006714991452206922,-0.001116
-0.0008505430587865321,-0.001268
-0.00102568245719001,-0.0014
-0.0011838085362928705,-0.001482
-0.0015756141279732363,-0.001584
-0.001436368498012021,-0.001734
-0.0015530908584922955,-0.001782
-0.0016484598050347187,-0.001768
-0.0017189533055948741,-0.001832
-0.0017798751030124133,-0.00175
-0.001783757527565653,-0.001718
-0.0017680321696718969,-0.00175
-0.0017635476182300098,-0.00165
-0.0017180136657568518,-0.00165
-0.00169307967966041,-0.0016
-0.0016638519103108589,-0.0015
-0.0016015193119207323,-0.001482
-0.0015597262463123661,-0.001384
-0.0014934009281134535,-0.0012
-0.001394452513942896,-0.001016
-0.0012749246461040927,-0.00085
-0.0011174530012964799,-0.000668
-0.0009383858925910615,-0.000416
-0.0007430226993262064,-0.000166
0.00011149063127780586,8.2e-05
0.00047534689830217686,0.0002
-8.087886039018094e-05,0.000234
-0.0002511630782124714,0.000216
0.00018152276354931523,0.000118
8.669609708238812e-05,6.6e-05
0.000156781182713577,8.4e-05
-4.726468995021137e-05,0.000132
0.00012827226545337442,8.4e-05
6.196985886501683e-05,8.4e-05
0.00010132203790432977,0.00015
0.00045268852107794357,0.000266
0.0005373125953432924,0.0005
0.00024607302241022057,0.000734
0.00040693610825957263,0.00095
0.0006061613317117458,0.0011
0.0008153851987753395,0.001282
0.0010115143839115094,0.0014
0.0011787396638068674,0.001484
0.001312925913118821,0.001584
0.0014347492319305264,0.001632
0.0015227735243099887,0.001568
0.0015656750651260975,0.001466
0.0015609992721252377,0.001416
0.0015184033706653422,0.00135
0.0014480258458030785,0.001434
0.0014154483511602649,0.001384
0.001395204201380482,0.001332
0.0013740355596089321,0.0012
0.0013353373883385965,0.000968
0.0006277534425706664,0.000816
0.0010740384605457066,0.000766
0.0007071502870049407,0.000768
0.0008274554287047177,0.000882
0.000773139591260097,0.001034
0.0008597822738290263,0.001134
0.0009510243001122457,0.001082
0.0010306667053354237,0.001034
0.0010699742618374038,0.001016
0.0010653622949179007,0.000868
0.0009980172584228974,0.000966
0.0009694005311006749,0.000834
0.000919184395129018,0.0006
0.0008136686795515061,0.000466
0.00029971472152520706,0.0003
0.0005451548404767324,0.0001
0.0003618631000142605,0.0
0.00021203535822818256,-8.4e-05
7.544745043665611e-05,-0.000366
-0.0005299553029604347,-0.0006
-0.000268386061062169,-0.000866
-0.0004861566467288637,-0.000984
-0.0007099420910606327,-0.001166
-0.0009090955594806747,-0.001268
-0.0010748701964119925,-0.001132
-0.0011400241600621965,-0.000834
-0.0011040054218883278,-0.000534
0.0002361569818979107,-0.0002
-0.0006835863375820751,-0.000132
-0.0001752395678637537,-0.000268
-0.00028727944898915725,-0.000316
-0.00023072494527133367,-0.0004
-0.00028140902740497796,-0.000534
-0.00038200340891648445,-0.000632
-0.0004735107197467525,-0.000768
-0.0010861794837521408,-0.0009
-0.000711929772511442,-0.000882
-0.0007981563626785467,-0.00075
-0.0005100855495577581,-0.000618
-0.00079032003467255,-0.0005
-0.0006183691790107748,-0.00055
-0.000606828019169875,-0.00075
-0.000995953625488546,-0.001016
-0.000993819199277139,-0.001216
-0.0008892872258608615,-0.0014
-0.0011014836999619876,-0.001468
-0.0014268231458102864,-0.001432
-0.001381408955996584,-0.00145
-0.0014381248592273072,-0.001518
-0.0014677971231904115,-0.001432
-0.0014588794598678796,-0.0013
-0.0014269590030563883,-0.001268
-0.0013820014576912563,-0.001282
-0.0013221215480739628,-0.001168
-0.0012557709834646246,-0.000966
-0.0011741311138065973,-0.00085
-0.0010706811068671158,-0.000684
-0.0009213691808040431,-0.000616
-0.000782409308650831,-0.000516
-0.0006695163552619029,-0.000384
-0.0005528009375444955,-0.000434
-0.0004896799016462851,-0.000432
-0.00044267751537924003,-0.000318
-0.00039317100077812,-0.000132
-0.0003320515318564528,-0.000134
-0.00025716280875504857,-6.6e-05
-0.00016482775096671396,1.6e-05
-8.052070652790699e-05,0.000166
-7.273902466092558e-06,0.00025
8.843305011965953e-05,0.000184
0.00015187706748843205,0.000166
0.0001906413626579482,0.000268
0.0002159336801304871,0.000332
0.00023584349248595584,0.000284
0.00024510515787429276,0.000234
0.000278623653294441,0.000332
-2.1745925355414963e-07,0.000284
6.214835147981876e-05,8.4e-05
0.00023119320230437744,3.2e-05
-4.363048049842075e-06,3.4e-05
-4.772844481359305e-05,0.00015
-0.00012160532432934594,0.0001
0.00014529988447864697,0.0001
-2.596459426156531e-05,5e-05
1.6236001172120704e-05,5e-05
-0.00017016931942375436,5e-05
1.1753194050094746e-05,3.4e-05
4.582054495361056e-05,8.2e-05
5.356456946969372e-05,8.4e-05
-1.013107127814243e-05,6.6e-05
4.510516671116524e-05,5e-05
-4.435429311294275e-06,5e-05
4.0596703910732324e-05,3.4e-05
5.803669494394935e-05,1.6e-05
2.038991955802019e-05,-1.6e-05
2.038991894165275e-05,-1.6e-05
1.5615968809282654e-05,-3.4e-05
4.959989314678514e-05,1.6e-05
-1.2949837933084204e-05,1.8e-05
-8.943005775345563e-06,-1.8e-05
-8.484014052848396e-05,0.0
-6.285165116400455e-05,-5e-05
-8.803934396146387e-05,-3.2e-05
-2.5458132530860414e-05,-6.8e-05
-0.0002506458226551217,-0.000132
-7.143671275293923e-05,-0.000134
-7.649953519799702e-05,-0.000134
-0.00021842051543774304,-0.0002
-0.00013785164584698319,-0.000166
-0.00021655614692285563,-0.000234
-0.0005612337119967935,-0.000232
-0.00022520653359876618,-0.000234
-0.0002505191566803152,-0.00025
-0.0002847088121426177,-0.000234
-0.00023391279768150117,-0.0002
-0.00022995526505724569,-0.000182
-0.00015462254043624189,-0.000168
-6.285165116400455e-05,-0.000132
1.11516317540245e-05,-0.0001
-0.00014629467665351655,-0.0001
-7.546874201170795e-05,-6.8e-05
-4.844583881191368e-06,-3.2e-05
-1.3225931099596343e-05,-6.8e-05
-1.6912779798010927e-05,-1.6e-05
2.8645676439850962e-05,-3.4e-05
5.77450076811539e-05,-1.6e-05
-3.402898315205169e-05,1.6e-05
2.880573820426359e-05,1.8e-05
-4.546841424645444e-06,1.6e-05
1.5980399757586218e-05,3.4e-05
0.00014089815309721045,6.6e-05
0.00011189205906544968,8.4e-05
-4.257770864754396e-05,8.2e-05
7.463780002668753e-05,8.4e-05
-0.00023156551267219434,5e-05
0.00026068990509623416,8.4e-05
7.463780002668753e-05,0.0001
7.904472861839522e-05,0.000116
0.00020356457609393936,0.00015
6.600091919416668e-05,8.4e-05
0.00010788203165889158,0.0001
4.5666981936368885e-05,0.0001
9.968016324319578e-05,0.0001
5.8282238474564825e-05,6.6e-05
-8.427745129424753e-05,0.000134
0.00011956242150853611,0.000132
0.00010730999336329447,0.0001
0.00010730999829423399,0.000134
0.0003759947388023936,0.00015
0.0002038205510271437,0.000134
0.0001290447267173608,0.000132
0.0001276506613535592,0.000134
0.0001115146646771054,0.000116
0.0002968110884699074,0.000134
0.0001288057339399192,0.000134
0.00012929989297648124,0.000132
0.0001288057339399192,0.000134
0.00020828222290958254,0.00015
7.437794444406817e-05,0.00015
0.0001370501563638126,0.000134
0.0001417949627944213,0.000132
0.0001407656488899931,0.000118
0.0001155470292397626,0.0001
0.00013245295267728116,0.0001
5.803669494394935e-05,8.2e-05
-7.670230529360554e-05,8.4e-05
6.196985886501683e-05,8.4e-05
8.731258779790427e-05,5e-05
7.479346485690652e-05,6.6e-05
5.814486989549498e-05,5e-05
6.61972026388153e-05,5e-05
9.943654031352966e-05,5e-05
5.382054686836785e-05,8.4e-05
5.8131280226133154e-05,8.2e-05
1.9756494763401762e-05,6.8e-05
6.644383837253806e-05,6.6e-05
8.702750059767806e-05,6.6e-05
4.496523774174122e-05,3.4e-05
5.315608550757356e-05,5e-05
-4.6738213535928955e-05,0.0
-1.0291659651488337e-05,3.4e-05
-0.00010998834636213722,3.2e-05
2.854726605836786e-05,1.8e-05
5.7890043871202566e-05,3.2e-05
-2.6572569244502412e-05,1.8e-05
1.5736101289203634e-05,0.0
5.382054686836785e-05,1.6e-05
-0.00015896330568125253,1.6e-05
3.6369501667105606e-06,1.8e-05
3.266754603702682e-05,0.0
-3.1983295473542343e-07,0.0
-2.852892578144221e-07,1.6e-05
8.282237910129453e-06,1.6e-05
-5.189309674642558e-08,0.0
-2.5229115044100577e-05,-1.6e-05
1.214834844991362e-05,0.0
-1.2949837933084204e-05,1.6e-05
-2.5468743912742358e-05,-1.6e-05
1.2061232308392302e-05,0.0
3.2347082119281705e-05,0.0
-8.010427882219398e-05,-3.4e-05
2.0644653127196302e-05,-1.6e-05
-2.1194260356977592e-05,-1.6e-05
6.669694842987187e-05,3.2e-05
3.2991159900584415e-05,5e-05
-5.189309674642558e-08,0.0
1.5854779141961426e-05,-3.2e-05
-0.00012171145787192359,-5e-05
4.5110681967036506e-05,-1.8e-05
-2.1194260356977592e-05,-1.6e-05
-4.633301851047945e-05,-1.6e-05
4.582054495361056e-05,-1.8e-05
-2.9929543018883278e-05,-1.6e-05
-0.00014717102295165206,1.6e-05
7.864465190818431e-05,5e-05
6.599115839935473e-05,5e-05
1.1774067949886457e-05,0.0
1.9749908260916255e-05,1.8e-05
-1.3058382705095058e-05,0.0
-3.857656679403012e-05,-1.8e-05
3.269694676401154e-05,1.8e-05
-5.0051893661181784e-05,-3.4e-05
-5.910995562512857e-05,0.0
8.319720100627571e-05,3.4e-05
-4.843915738884215e-06,-1.8e-05
1.9435485668654178e-05,-3.2e-05
4.622129696819803e-06,-0.0001
-2.2468045312672145e-05,-5e-05
-3.378609986331601e-05,-5e-05
-4.1963303719451625e-05,-1.8e-05
-5.5229316072000925e-05,1.8e-05
-2.5697534576283527e-05,-1.8e-05
-1.7652918753337382e-05,-5e-05
-4.954026084197821e-06,-5e-05
2.710425495599482e-05,-0.0001
-0.00020896332843491582,-0.00015
-0.00018400882963000352,-0.000132
-0.00010894299704233722,-0.000118
-0.00012522911124203178,-0.000132
-0.00013365291138437387,-0.000118
-0.00034193262186932993,-0.000132
1.885653419582728e-05,-0.00015
-0.00015417944620951696,-0.00015
-0.0002059953564805475,-0.00015
-0.00022130083501091546,-0.000168
-0.00015470011397702573,-0.000132
-0.00015417944620951696,-0.00015
-0.000255569858875993,-0.000134
-0.00013768740611291071,-0.000134
-0.0002741396785506143,-0.000132
-0.00014636305892300487,-0.000134
-0.00013355615648879412,-0.00015
-2.1436709723034092e-05,-0.000134
-0.0005301749467311361,-0.000132
-0.00013768742583666885,-0.000134
-8.380278919261173e-05,-0.000134
-0.00019812293399714578,-0.000116
-0.00045217332150051495,-0.000134
-0.00013355615648879412,-0.000116
-0.00020484459353534216,-0.000116
-9.633300674756597e-05,-0.0001
-0.00020137662431200093,-0.0001
6.833709233122865e-05,-0.0001
-9.196329688747768e-05,-8.4e-05
-0.00010433301236052792,-0.0001
-6.385201059147604e-05,-8.4e-05
5.320407587660984e-05,-6.6e-05
-8.38027990544908e-05,-6.6e-05
-0.00017152209309987965,-6.8e-05
-0.00010028528299027585,-6.6e-05
0.00023137752082424143,-3.4e-05
-0.00021413560787579867,-1.6e-05
-4.179454378089921e-06,-3.4e-05
-8.46284355704358e-05,-3.2e-05
-6.655615755689835e-05,-3.4e-05
-4.179454378089921e-06,-3.4e-05
-0.00015534728992927578,-5e-05
-3.768741484591903e-05,-3.2e-05
1.2312585718516335e-05,1.6e-05
4.1282236408899776e-05,3.4e-05
0.00015389612943844978,8.2e-05
2.080573829270049e-05,3.4e-05
9.128223080966073e-05,8.4e-05
0.00017854726698121465,0.0001
9.113127502669882e-05,0.0001
0.00022261068508024344,0.00015
7.438590298047963e-05,0.00015
3.273610058121519e-05,0.00015
0.00013696064994935108,0.000166
0.0001667136333926634,0.000166
0.000157794954296587,0.000168
0.00044431787646380193,0.000166
0.00022838992373051895,0.000184
0.00017083296986686048,0.000166
0.00018299115789568586,0.000184
0.0001706587794968039,0.000166
0.0001747708872136409,0.00015
0.00020300560478811322,0.000134
3.20777606736714e-05,0.0001
8.344383673999846e-05,8.2e-05
7.479346978784605e-05,8.4e-05
8.24910066387166e-05,8.4e-05
-8.531560144232463e-05,3.2e-05
-5.896329962144225e-05,3.4e-05
7.064465615710144e-05,0.0001
4.948084300809236e-05,3.4e-05
7.88203546096037e-06,3.2e-05
4.928204848248492e-05,-5e-05
4.935418319696031e-05,0.0
1.4814427329381393e-05,1.6e-05
2.045824203986664e-05,5e-05
5.3377450176173175e-05,6.8e-05
0.00011214833971690529,0.000116
0.00010353060079166406,0.000116
0.00012797423946780517,0.000168
0.00014566698306523962,0.000166
0.00012436135979337345,0.0002
0.00021669693039941983,0.000216
0.00024128223989937613,0.000284
0.0003326159619342111,0.000316
0.00023250076912683466,0.000284
0.0002740939147226442,0.0003
0.00020347790990065073,0.00025
0.0003198136058262527,0.0002
0.00011974990569158234,0.00015
0.00024469914431288025,0.0001
0.00014027290010213843,0.0001
-1.7452979017022655e-05,5e-05
9.912180337387215e-05,1.6e-05
4.1036695343754064e-05,0.0
6.921104465821933e-05,0.0
-7.970009957028893e-05,-5e-05
-5.433300933062278e-05,-5e-05
-0.00010920094435135608,-5e-05
-7.919425420702606e-05,-6.6e-05
2.8054064471581092e-05,-5e-05
-5.417945987346483e-05,-6.6e-05
-0.00015077715710079821,-6.8e-05
-0.00013012094842773157,-8.2e-05
-6.678609712935144e-05,-6.8e-05
-9.220503126730144e-05,-8.2e-05
-7.916702555890704e-05,-8.4e-05
0.0001357937628318623,-8.4e-05
-7.967378807692365e-05,-6.6e-05
-0.0001168028061824053,-8.4e-05
-5.871775855629654e-05,-5e-05
-2.145273034558728e-05,-3.2e-05
-4.33301862806648e-06,0.0
-2.1313776469456542e-05,1.6e-05
-1.714522428774843e-05,5e-05
3.300091946266149e-05,6.6e-05
0.00018229106310033307,8.4e-05
6.98818940511828e-05,0.000116
1.2768361088993521e-05,0.00015
0.0002193126163095623,0.000168
0.000232991160925591,0.000166
0.00017064464742409308,0.000184
0.00019152022373524722,0.000182
0.00021231257564890895,0.000218
0.00022479345422286376,0.000216
0.0002326969416253437,0.000234
0.00021669693039941983,0.000232
0.00024101464767262444,0.000234
0.00023731257716386154,0.00025
0.00023731257716386154,0.00025
0.00021168321025026373,0.000266
0.0002334438408987743,0.00025
0.0002748188417295014,0.000268
0.0002915306044918417,0.000266
0.00028344384392867947,0.000284
0.0003770155221814241,0.000266
0.0003243858885443681,0.000266
0.0005250132542393032,0.00025
0.00010293917404181053,0.000268
0.0002582822259394877,0.000266
0.00037390749182046894,0.000284
0.00026669693342932496,0.00025
0.00026669693342932496,0.000266
0.0002747934769765271,0.000266
0.000274770873549693,0.000268
0.000258047434322531,0.000266
0.00026619719256920795,0.000266
0.00025779495049451826,0.000268
0.00023716261743068594,0.00025
0.00029844271663868513,0.000232
0.00011076800701971205,0.000234
0.0002910146704262877,0.000234
0.00017869915964268844,0.000266
0.00024114488364765512,0.000466
0.0002998725510378825,0.000668
0.0004041799497439223,0.000816
0.0005488531634714478,0.000866
0.000603521780054248,0.000768
0.0007776865486727543,0.000582
0.0007553374794237492,0.000418
0.0006542275780456098,0.000282
0.00024968016247103213,0.00025
0.00023687510420820792,0.000218
0.000274770873549693,0.00025
0.000290110257220312,0.00025
0.0002541263117558109,0.000232
0.00024018814331132105,0.000184
0.00023321390132632121,0.000216
0.00021989612397052067,0.000218
0.00021214833591483648,0.000216
0.00019545316083309603,0.0002
8.804645459814066e-05,0.000184
0.00016621390239442545,0.000166
0.00017479345119295864,0.000166
0.0001331971991052413,0.000134
0.0001330872194298254,0.000116
0.00013257528928717485,0.000118
6.231258628295171e-05,0.0001
0.0001404423370464821,0.000116
4.504472695253488e-05,8.4e-05
-6.60873991348915e-07,6.6e-05
7.029989472660787e-05,8.4e-05
3.7148348732131304e-05,0.0001
0.00012453125038415443,0.0001
4.948084300809236e-05,6.6e-05
3.22359994543283e-05,0.0001
9.113127502669882e-05,6.6e-05
8.257529118820925e-05,5e-05
-2.5468743912742358e-05,3.4e-05
6.189206343195385e-05,-3.4e-05
2.8054064933856675e-05,-8.2e-05
8.245295457831558e-05,-0.000118
-0.0002996369751796739,-0.00015
-0.0006867646239695422,-0.000182
-0.00018785166860064647,-0.000184
-0.00017522911427193694,-0.000166
-0.0001708446017313609,-0.000168
-0.0003108485312982145,-0.000166
-0.00023428376212469024,-0.00015
-0.0002984679480344264,-0.000184
-0.00016268740762786328,-0.0002
-0.0006685906009496144,-0.000216
-0.00018810795911398115,-0.000234
-0.00020896330871115768,-0.000416
-0.0006175322605051709,-0.000634
-0.0004565411082941841,-0.000766
-0.0005175499663801747,-0.000784
-0.0006536450415578744,-0.00085
-0.0007604443793154557,-0.00085
-0.0007671686029422108,-0.000816
-0.0013628255466526008,-0.0008
-0.0008256823661753569,-0.0008
-0.0008170088040836261,-0.00075
-0.0007921179735700055,-0.000666
-0.0005132259663295872,-0.000518
-0.000686150505035943,-0.000382
-0.0001632259451202513,-0.000284
-0.0004660685907710397,-0.000216
-0.0003528155999009348,-0.000218
-0.00016268740762786328,-0.000232
-0.0002587177706759171,-0.00025
-0.00018408103830857195,-0.00025
8.8735868978458e-05,-0.00025
-3.439012023274505e-05,-0.000234
-0.00023355615268672535,-0.000216
-0.00021678610621906686,-0.000218
-0.00022984459505029473,-0.000232
-0.00022934122501867902,-0.00025
-0.00027119425085180563,-0.00025
-0.00022536221322180377,-0.000234
-0.0002461794565182444,-0.000216
-0.00021268743038152656,-0.000234
-0.0002173030659200444,-0.000216
-0.0002252291173018421,-0.000234
-0.00028148368182955637,-0.0002
-0.0004098642823790786,-0.000184
-0.00020896332843491582,-0.000182
-0.0003468790642794538,-0.00015
-0.00021878376789149741,-0.000118
-0.00014171775885223712,-0.000116
-0.00018442746639662876,-0.000116
1.6077759925994034e-05,-5e-05
-4.220503809927537e-05,-5e-05
-2.135534922068643e-05,-3.4e-05
-0.00012536219730011443,-5e-05
-9.440638658810855e-06,-5e-05
0.0002450847240608547,-6.6e-05
-3.768741484591903e-05,-5e-05
-5.417945987346483e-05,-1.8e-05
-2.0700106251355104e-05,0.0
0.00018971591406391098,1.8e-05
-2.067379968892936e-05,-1.8e-05
3.269694645582782e-05,1.8e-05
-3.330305516446863e-05,-1.8e-05
-4.493243578961518e-07,-3.2e-05
-8.855131501870549e-06,-3.4e-05
-3.35089909232594e-05,-3.4e-05
-4.171776265430591e-05,-1.6e-05
-8.381989955280241e-05,-3.4e-05
-2.9844587861613708e-05,-3.2e-05
-0.0001259485353203666,-3.4e-05
-8.96330645341619e-06,-5e-05
-5.028528982224979e-05,-3.4e-05
-3.768741484591903e-05,-5e-05
-6.742470310868756e-05,-5e-05
-2.9194261038999995e-05,0.0
7.032620375450339e-05,5e-05
-9.806420044745907e-05,3.4e-05
0.00010382054496733346,0.0001
4.520407519458744e-05,0.0001
3.731258415163169e-05,1.6e-05
-1.3107933716494549e-05,-5e-05
-5.8501898283294165e-06,-0.000116
-0.00015484459050543704,-0.0001
-5.4873676988890444e-05,-6.6e-05
-8.36529182163478e-05,-6.8e-05
-2.9673799839837126e-05,-1.6e-05
1.2312585718516335e-05,1.6e-05
7.453125721612838e-05,3.4e-05
0.00011214833971690529,3.4e-05
-3.0285872433528824e-05,6.6e-05
6.214835147981876e-05,5e-05
4.4641353909244015e-05,5e-05
0.00010594086376072753,0.0001
0.0001246377981256531,0.000116
4.4512176853478724e-05,0.000118
4.1036695343754064e-05,5e-05
-2.5697529645343993e-05,1.6e-05
4.165252654610725e-05,1.6e-05
-4.570010776630768e-05,0.0
2.9391753784095523e-06,-3.2e-05
-3.768741484591903e-05,-6.8e-05
-0.00010945104160463326,-8.2e-05
-0.00011268741445983719,-8.4e-05
2.704359106755125e-06,-5e-05
-9.352882727884716e-06,-6.6e-05
-7.084457594779247e-05,-3.4e-05
0.00011155543861613042,3.4e-05
-2.9945938392841217e-05,-8.4e-05
8.251529151593249e-05,0.0
5.722909333935806e-05,1.6e-05
-6.701959684014971e-05,-5e-05
5.3210276533076644e-05,1.8e-05
-1.3107933716494549e-05,1.6e-05
6.214835147981876e-05,1.6e-05
-4.263169750452605e-05,5e-05
3.6514668761391876e-05,5e-05
4.971471130662095e-05,5e-05
8.675319736221757e-05,6.8e-05
5.429989336256306e-05,3.2e-05
6.608722296339942e-05,6.8e-05
-1.3030143214371113e-05,0.0
-5.189309674642558e-08,1.6e-05
6.61972026388153e-05,3.4e-05
-2.62291638223813e-05,1.6e-05
-2.5697534576283527e-05,1.6e-05
5.3453159821812324e-05,-1.6e-05
-0.00016061436175180297,-1.6e-05
0.0005216880258536564,-3.4e-05
-1.2949837933084204e-05,-5e-05
-9.220504112918051e-05,-6.6e-05
-7.536219427020927e-05,-0.0001
-0.00017860528912487183,-6.8e-05
-7.145272844455288e-05,-0.000182
-0.000183652914414279,-0.000168
-4.570010776630768e-05,-0.0001
-0.00013067015647327595,-8.2e-05
-3.378386121676656e-05,-6.8e-05
-2.576560619658107e-05,-8.2e-05
3.689206499883849e-05,-3.4e-05
3.666982053955919e-06,0.0
-5.530083441903429e-05,-1.6e-05
-7.976238719851049e-05,-1.8e-05
0.0003058778634040147,0.0
-4.33301862806648e-06,-1.6e-05
1.1387477359307117e-05,-1.6e-05
-5.051915935351326e-05,-5e-05
2.005406463706392e-05,-5e-05
-4.633301357953991e-05,-3.4e-05
-7.179939321770743e-05,-3.4e-05
5.3453159821812324e-05,5e-05
-1.7974110292847817e-05,5e-05
6.9572969222163686e-06,0.0001
0.0002326215376979558,0.000184
9.464134954273985e-05,0.0002
0.0001319773142496172,0.000234
0.00011102240405226483,0.0002
0.00020404473126221852,0.0002
0.00020813127698849973,0.0003
0.0008026574576444432,0.00025
0.00023647070799496327,0.000266
0.00025310515362537566,0.000266
0.00027004474551804757,0.000334
0.00034103670489404067,0.00035
0.0003030459656570879,0.000316
0.00031571623175675,0.000334
0.0003331972013629828,0.000316
0.0006181455660556123,0.000518
0.0006856516667596268,0.000816
0.0004910169902256112,0.00095
0.0006438440055702335,0.000784
0.0005327225217953304,0.000582
0.0007797339536632263,0.000568
0.0007170960314970168,0.000632
0.0006299124840322384,0.0007
0.0006192170789405915,0.000684
0.000658131304257646,0.000684
0.0006743613536748137,0.000666
0.0006831972028485606,0.000684
0.0006792999065816797,0.000732
0.0006908900996853276,0.000768
0.0008166969864820397,0.000832
0.000752660018703097,0.000968
0.00119871588605601,0.00095
0.0008774437947173173,0.000982
0.0009315260239704699,0.001
0.0009745418836887865,0.00105
0.0007219372673811958,0.001068
0.0010241263860296115,0.001032
0.0010368750343441413,0.000968
0.001051319452488936,0.000816
0.0009686094506089997,0.000616
0.0006199694614187864,0.000384
0.00013294247663067914,0.000134
0.00048117692562967544,-0.000134
0.0002430656621108369,-0.000384
-7.131050682258439e-06,-0.000616
-0.000930700964152585,-0.000816
-0.000493823034834684,-0.00095
-0.000696797705262684,-0.001034
-0.000857915089525798,-0.001034
-0.0009607107410650648,-0.001066
-0.0011276785864691155,-0.001116
-0.0010633332180078193,-0.001184
-0.0011014048838244406,-0.0011
-0.0011175662156682315,-0.0011
-0.0011258615549737758,-0.00105
-0.0011096946215826719,-0.000916
-0.001043367252112912,-0.00085
-0.0009814891680054762,-0.000984
-0.0009518526434921305,-0.001016
-0.0009430875631626073,-0.001018
-0.0009687088038878495,-0.000932
-0.000988363607774263,-0.000884
-0.0009639164040288371,-0.00095
-0.0009471929450779169,-0.000866
-0.0009088497225591568,-0.00085
-0.0005576886426028639,-0.0007
-0.0008437344963699493,-0.0006
-0.00041303014279891456,-0.00035
-0.00017095525201455374,-0.000168
-0.00012116703283772931,-0.000116
-0.0003131966052578471,-0.000116
-6.268741142993207e-05,-8.4e-05
-4.603476077075199e-05,-3.4e-05
-4.234747321871868e-05,-3.2e-05
-5.983792636668385e-07,-3.4e-05
-1.7057512735278117e-05,-1.6e-05
-2.9194261038999995e-05,-5e-05
3.820546303932482e-06,0.0
-2.5468743912742358e-05,-1.8e-05
2.915541358566576e-05,0.0
-8.01209453978264e-05,-1.6e-05
4.5210279549258886e-05,-3.4e-05
-4.668283415399765e-05,-6.6e-05
-7.970009957028893e-05,-6.6e-05
-7.084458580967154e-05,-3.4e-05
2.4531252953488355e-05,1.6e-05
-3.3912775700001556e-05,-0.0001
-4.706082518602582e-05,1.6e-05
-5.189309674642558e-08,0.0
-1.678609409944631e-05,-1.6e-05
6.657529475510397e-05,0.0
-1.700883450017653e-05,0.0
-5.189309674642558e-08,0.0
1.2061232308392302e-05,0.0
-5.189309674642558e-08,0.0
2.4793466757940917e-05,1.6e-05
-0.00015048865769041295,1.8e-05
7.904472861839522e-05,1.6e-05
3.2918952762934586e-05,6.6e-05
0.000157794954296587,0.000168
0.0001370501563638126,0.00015
9.846379907840054e-05,0.000116
5.297693707781331e-05,0.0001
0.00014994810366562015,0.000134
0.00019566698609514474,0.000132
0.00012015541629716217,0.000118
0.00012065877646689879,0.000116
-2.1194260356977592e-05,-1.6e-05
8.600955250888086e-05,-0.000134
-0.00022916704451050152,-0.000234
-0.0003667861350325404,-0.000416
-0.00020363659224400036,-0.000584
-0.0003462765034681275,-0.0007
-0.00048786208120061967,-0.000666
-0.00045913470359520433,-0.0005
-0.0006144207982102985,-0.00035
-0.0002165561666466138,-0.00025
-0.00020470011700693085,-0.0002
-0.0001835561496568202,-0.0002
-0.0003798347422609377,-0.000434
-0.0002733883019840848,-0.000632
-0.0006900105233999302,-0.000834
-0.0005308263435676292,-0.001066
-0.0008259352247547743,-0.001034
-0.0008958200501385787,-0.000934
-0.0009692550730934302,-0.000766
-0.0009528980026738095,-0.000566
-0.0008294032137018737,-0.000384
-0.00021268743038152656,-0.000234
-0.0002507179327148994,-0.00025
-0.00040042543847132613,-0.00035
-0.0003004254126877577,-0.000282
-0.000294634162268772,-0.000268
-0.00023012883412892074,-0.000232
-0.00025443540747877345,-0.000268
-0.00020106141893308748,-0.000266
-0.0002463008562496262,-0.0003
-0.00044195258837238284,-0.000534
-0.0005637346056345327,-0.00075
-0.00046734633527118185,-0.000982
-0.0006477717008574897,-0.001084
-0.0008427807343210951,-0.001084
-0.0009783828338877215,-0.001116
-0.0010677533911031213,-0.001034
-0.0010802292992900236,-0.00095
-0.0010475544481770066,-0.000832
-0.0006461794413099691,-0.000684
-0.00087826259179826,-0.000666
-0.000359330317768675,-0.00065
-0.0007098007900572828,-0.00055
-0.0006387886335529493,-0.000518
-0.000597569884334246,-0.000416
-0.00026268741368767353,-0.000266
-0.0004402451420772962,-0.000168
-0.00019570012671790216,-0.0002
-0.00016940977722135287,-0.000216
-0.00021337916230342594,-0.000334
-0.00015735579966868603,-0.000282
-2.322920979418105e-05,-0.000268
-0.00027604300148783786,-0.000332
-0.00030473152328970777,-0.000268
-0.00031091665715884693,-0.000182
-0.00026382304851038174,-0.000134
-7.11942584559432e-05,-5e-05
4.968016760969995e-05,3.4e-05
5.803669494394935e-05,6.6e-05
-2.2929497427290405e-05,5e-05
-7.536219427020927e-05,-1.6e-05
-9.739895753274831e-05,3.2e-05
3.223600068706319e-05,6.8e-05
3.2722539264755696e-05,0.000166
7.045824198793457e-05,0.0002
0.00039416339696010606,0.000216
0.00024128223989937613,0.000234
0.00021560973712671545,0.000184
8.669610201332765e-05,0.00015
8.321390209848489e-05,0.000116
0.00016492649325279232,0.000134
-6.132891786394475e-05,0.0002
0.0001492228314929954,0.000316
0.00046181505899922984,0.000366
0.00025172334657726106,0.0004
0.0003186218963591386,0.000284
0.0003403913632512981,0.000234
9.4209492927218e-05,0.00015
2.756584559919568e-05,0.0001
7.054726517032152e-05,6.6e-05
0.00015803669853828984,0.00015
8.605267357512512e-05,0.000116
0.0001286446500071499,0.000134
8.344383673999846e-05,0.0001
9.582053935437152e-05,0.000116
0.00011619719334137161,0.0001
0.00019114487075587092,0.0002
0.0002788057430296346,0.000284
0.0003371626234904962,0.00035
0.0002202655499605744,0.000266
0.00017479346105483772,0.000168
5.8282238474564825e-05,0.000116
5.8282238474564825e-05,6.6e-05
0.00015216337756166322,8.4e-05
0.00022020061934876144,0.00015
0.00010320407890651499,0.00025
0.00013571178103113308,0.000316
0.00011112130883748236,0.000418
0.0004095857979287569,0.0004
0.0005165090008874881,0.00045
0.00039477057313083827,0.000566
0.0004568974527235138,0.00065
0.0005582822638426767,0.000566
0.00034971472455511224,0.000368
0.00022479347394662193,0.000232
0.00044993212587719544,0.000168
-3.126948145939578e-05,0.000132
0.00023669609137928492,0.000168
0.0002786446590968653,0.0003
0.00037426220388694665,0.0003
0.00021649099464062904,0.000216
0.00018731258399583547,0.000184
0.00017333268007911103,0.000216
0.00019940162052860486,0.000316
0.0004202999011431252,0.000418
-7.141895150872976e-05,0.000432
0.00042005402477409104,0.0005
0.0004148677809124416,0.0004
0.00028706124034372633,0.000284
0.00019900992641560554,0.000184
0.00018308721259785148,0.0002
0.000607136750447043,0.0002
0.0003321598894746268,0.000232
0.00029948085692488313,0.000318
0.0002365554412599537,0.000216
0.0002952998935683624,0.000284
0.0002417949589923525,0.00025
0.0004619698510531509,0.000416
7.449570021113268e-05,0.00055
0.0005774623957655753,0.000484
0.0003162139016222618,0.00035
0.00044814736245018085,0.00025
0.0002905502745407663,0.000182
0.00018731259385771455,0.000184
0.00023731257716386154,0.000216
0.00020730999942310472,0.000368
0.0002356013636309692,0.000482
0.0003095231886605947,0.000518
0.0003930797736876259,0.000432
-6.350361012760475e-05,0.000334
0.00030307837179172,0.000266
0.00024128223989937613,0.000234
0.0002869698601722411,0.000184
0.0002531498082138157,0.00035
0.00025700215403588446,0.000382
0.0002854845033938659,0.000334
0.00031061046082833167,0.000366
0.00019496521478034963,0.000318
0.0003493705844230002,0.000266
0.0003201020855128799,0.000184
0.00022039803444403363,0.000116
7.91699942063734e-05,0.0001
0.00016487420556995022,0.0003
-2.508203644668891e-06,0.000266
0.00019114487075587092,0.0002
0.00024074500417502567,0.000168
0.0001997147154653968,0.000216
0.0002116208437270096,0.0002
0.0003036369486223832,0.000316
8.507722525419061e-05,0.000434
0.0003865865547162636,0.00045
0.00035681592837129067,0.000284
0.00036921106776858966,0.00015
0.0002239718413535803,0.0001
8.716262313378915e-05,6.6e-05
0.00014482679041578369,5e-05
9.054896065310822e-05,0.000134
8.669609708238812e-05,0.000166
0.00010281593013904219,6.6e-05
3.317163944967955e-06,6.8e-05
2.4793466449757195e-05,3.2e-05
0.00028889998769678353,0.0001
0.00022391539195776964,0.00015
8.642342598791411e-05,0.000134
4.079905857468492e-05,0.0001
3.705016078224884e-05,5e-05
3.6845317842932784e-05,3.4e-05
7.851217235566464e-05,5e-05
5.7882036025395746e-05,8.2e-05
0.00015320407207454104,0.0001
6.585477600819214e-05,1.8e-05
6.172174631490297e-05,-1.8e-05
-7.112094524691864e-05,-0.0001
0.00022619249983559696,-0.0001
-0.00010886872723104265,-0.0001
-8.038194002747863e-05,-0.000132
-0.00013768740611291071,-0.000184
-0.00011680279632052624,-0.000116
7.596704179227119e-06,-8.4e-05
-0.0001379498504387866,-0.000134
-0.000121452731474458,-0.000116
-0.00011294983906195493,-0.0001
-7.194593087884488e-05,-5e-05
-3.40088353331067e-05,-8.2e-05
4.105699355635492e-05,-1.8e-05
8.689206741237619e-05,5e-05
4.922283529506419e-05,5e-05
2.8359641805820425e-05,0.0001
-1.7956225775149938e-05,8.4e-05
0.00017064465728597217,0.000166
0.00019968015944112698,0.000168
0.00019853677318146782,0.000182
0.00021214833591483648,0.000218
0.0002417949589923525,0.000232
0.0002573774577058654,0.00025
0.0006036369668018141,0.00055
0.0004370501844051225,0.000434
0.0005195623964383819,0.000534
0.000439038181436062,0.000566
0.0004161972016589233,0.000434
0.00048291896739654827,0.000416
0.0006917949468139825,0.000666
0.0005179695057306007,0.000818
0.0005793468430662542,0.000582
0.00042015544433847207,0.000418
2.4344130578130593e-05,0.000366
0.0002449043305688615,0.000234
0.00022054726439815786,0.00025
0.00023714833742978904,0.00025
0.0003656895090943688,0.000282
0.0006155227401450214,0.000918
0.0004179347858564554,0.000532
0.0004888731755053271,0.000634
0.0005858490955188469,0.000616
0.0005120612145307832,0.000534
0.00047017000350188813,0.000484
0.000629044717568896,0.000632
0.000546340475026338,0.000668
0.0008563344820102672,0.000716
0.0008117740942391408,0.000734
0.0006249654893568865,0.000732
0.000460306073158597,0.0007
0.0005906822446621865,0.00065
0.0007031560681905357,0.00075
0.0007070569541813991,0.000818
0.0007279584573726347,0.0007
0.0005617740396420988,0.000482
0.0006843797999394118,0.000284
0.00012361291220492845,0.0002
0.00025366696515237463,0.000234
0.0004698266128725856,0.000332
0.0004746377897493519,0.000484
0.0003097660275708746,0.000566
0.00040079700964194365,0.000668
0.0005094517218806982,0.000632
0.000585761995402879,0.00065
0.0006280431056827822,0.000718
0.0006662029366983111,0.000666
0.0006657029788768545,0.000684
0.0006788711909746424,0.000666
0.0004652550007622472,0.000584
0.0006490363243493915,0.00055
0.00043344381357087857,0.00045
0.0005605792138211978,0.000282
-0.000240692642306225,8.4e-05
-7.960197387351811e-05,-1.6e-05
0.00019554104989938964,-0.000184
3.731733203003763e-05,-0.0004
-0.00013354883897452236,-0.000616
-0.0007510338587243992,-0.00075
-0.0004928354268168531,-0.000784
-0.0006412399811102286,-0.000666
-0.0007056503590783703,-0.000434
-0.0006618861010810041,-0.0005
-0.0005994115705272668,-0.0007
-0.0005777563436422825,-0.000784
-0.0010211287936995835,-0.0008
-0.0008812232856858728,-0.00075
-0.0007924294511586295,-0.00075
-0.0007715417545980954,-0.000782
-0.0007710346962237066,-0.000868
-0.0007886981894878123,-0.00085
-0.0008136982107265229,-0.000716
-0.0008054907604872722,-0.000516
-0.00033028586102732245,-0.000318
-0.0007091469080272634,-0.00035
7.724999829550311e-06,-0.00035
-0.000385425007584427,-0.00045
-0.0003682326360073702,-0.0006
-0.0004400375297990631,-0.000566
-0.0006969943905789048,-0.000484
-0.0005264995427433851,-0.0005
-0.0005386764387568109,-0.00045
-0.0003925679665965982,-0.00045
-0.00047154181531369727,-0.000532
-0.00048386656061817716,-0.000518
-0.0004884393167064879,-0.00055
-0.0005923585912997526,-0.0007
-0.0005768121673398866,-0.0006
-0.0005937082880696073,-0.000632
-0.0006218502250857661,-0.000484
-0.0004486918415028445,-0.0006
-0.0005803990116535671,-0.000584
-0.000576372366980772,-0.000582
-0.0005636382353522368,-0.000684
-0.0006135393829063198,-0.000816
-0.0006688725717960537,-0.000884
-0.000744397445268905,-0.000834
-0.000806333122750124,-0.000766
-0.0008260477290712329,-0.000666
-0.0007895263506447998,-0.000584
-0.0007148626164525543,-0.000666
-0.0006721002464739158,-0.000784
-0.0006767682288665502,-0.000666
-0.0006767682288665502,-0.000468
-0.0006488146931881914,-0.0003
-0.00015548782170605812,-0.000182
-0.00040851892483601573,-0.000134
-0.0002741936230291406,-0.000166
-0.0001970570029357216,-0.000268
-0.0001887306184348571,-0.000232
-0.000201310746959797,-0.000134
-0.000201310746959797,-6.6e-05
-0.00017697888775200252,-1.8e-05
-0.00011449340065061571,0.0002
0.0005362461317403983,0.000484
0.0001446108349878553,0.000466
0.000277867306340859,0.000518
0.00041385875289326544,0.000616
0.0003632219880554107,0.000534
0.0005321635110419879,0.000716
0.0007760116071310905,0.0009
0.0006881138229363695,0.001016
0.0007869582929015033,0.001084
0.0014890613613086157,0.00105
0.0010906413678868454,0.000984
0.0010325724937424155,0.001016
0.0006446127193201724,0.000966
0.0010032041334448074,0.000918
0.0003746100126380736,0.00095
0.000615630786892139,0.000766
0.0006489531689850527,0.000766
0.0008478977628063402,0.000968
0.0008601014042358106,0.000916
0.0008517703254805076,0.000766
0.0004950447788763788,0.000518
0.0004703898839576873,0.000416
0.0006490979019223199,0.000634
0.0005802618282065955,0.000632
0.0006662139031078396,0.000734
0.0006011204913951404,0.000816
0.0006871483844226935,0.00065
0.0007061822449551896,0.00045
0.00047083295846065407,0.000484
0.0006190000781534814,0.000766
0.0005843293405062669,0.000884
0.0006414326183469557,0.00075
0.0007173722430060778,0.0006
0.0004035306041782763,0.000466
0.0006711064602107118,0.000484
-0.00018120807569718756,0.000484
0.0005071765074836528,0.000482
0.0005076413964631278,0.000484
0.0004834438166007837,0.000366
0.00040382054342300613,0.000384
0.0007327361038605546,0.00045
0.0004198094896206107,0.000616
0.0005499480687335868,0.0005
0.00045382058590042753,0.00035
0.00047662460335480273,0.000418
0.00046854121555428324,0.000432
0.0004236783047807305,0.000468
0.0004159383076095136,0.000332
0.0004112609761555185,0.000234
9.548203035520987e-05,0.00015
0.00021133508591900644,8.4e-05
5.3530597761758926e-05,6.6e-05
0.00013186478034752153,-5e-05
-5.4700107917215435e-05,-6.6e-05
-2.5468743912742358e-05,-3.4e-05
-0.0001007708128826495,-0.0001
-0.0001418687244970781,-0.000134
-0.0003502852784160434,-0.000282
-0.00013975313447469925,-0.000318
-0.00022546876096330245,-0.0002
-0.00011268742432171627,-0.0001
-2.5468743912742358e-05,-5e-05
-0.00016954338595902635,-0.000166
-0.00013044099598926958,-0.000266
-0.0001475047686632217,-0.000268
-0.00029861404191100564,-0.000266
-0.00024370067321338555,-0.000134
-0.0002349254943196923,-0.000116
-0.00018010427502012519,-0.000134
-7.916702555890704e-05,-0.0001
-0.0005762867658704231,-0.0002
-0.00013844456174057668,-0.000366
-0.0004862942396656825,-0.00055
-0.0006253621980135285,-0.0006
-0.0004329265627226029,-0.00065
-0.0005441614975543554,-0.000666
-0.0006176284729974016,-0.000684
-0.0007594510908552791,-0.00075
-0.0006884445358982587,-0.00075
-0.0007134445571369694,-0.000816
-0.0007511583550858097,-0.000734
-0.0007632845215932869,-0.00075
-0.0009467986277050843,-0.000734
-0.0007593405589146351,-0.000832
-0.0007635094513311712,-0.000784
-0.0007759322631611475,-0.000816
-0.0006098927756054603,-0.00075
-0.0007962814222292937,-0.00065
-0.00024939638174791744,-0.000584
-0.0007134445571369694,-0.000534
-0.000631504768012591,-0.0006
-0.0005930278578611249,-0.0008
-0.0008628374295034689,-0.000816
-0.0006905470096214712,-0.000734
-0.0007396113570124991,-0.0006
-0.0007396114359075317,-0.000532
6.727693540000138e-05,-0.000534
-0.0007583763038264478,-0.0007
-0.0005931957859379704,-0.000766
-0.0006355467577692229,-0.000834
-0.0007112609793202652,-0.000866
-0.0019976683118297003,-0.000818
-0.00043602930711637524,-0.000666
-0.0007432581221034237,-0.000634
-0.0005134393379451986,-0.0007
-0.0006570033664096882,-0.000582
-0.0006465788868599194,-0.000418
4.5840716194518365e-05,-0.000316
-5.835449624066307e-05,-0.00025
-0.0003913555866309482,-0.0002
-0.00010048865466050779,-0.0001
-4.67315222509783e-05,1.6e-05
3.687510873050831e-05,0.0
-9.636303616934157e-05,-6.6e-05
-3.8676442974336296e-05,-0.000134
-4.7473273623533104e-05,-0.000216
-0.00010598833862471672,-0.000284
-0.0002834246968685948,-0.00025
-0.00022238175612852975,-0.000132
-0.0002219011275900551,-8.4e-05
-0.00018953824715961585,-0.00015
-0.00015549975457973577,-1.6e-05
-9.678678138932635e-05,-1.8e-05
-6.836924430060902e-05,-5e-05
5.382054686836785e-05,5e-05
0.0001035645700341291,0.00015
3.110004412055023e-05,0.000284
0.0001428901244654162,0.0004
0.00021771262504884897,0.000416
0.00016456784629656474,0.00035
0.00036122330074755667,0.000234
0.0003291554088439323,0.000366
0.0003398460999573827,0.0004
0.00033595128888402794,0.000518
0.0004910366745362398,0.000566
0.0006485613368057464,0.000584
0.0005152206844529802,0.000532
0.0005493465730052004,0.000468
0.000474156451155584,0.000432
0.0005025498660880902,0.000584
0.0005317293516777027,0.0008
0.0009823102830717322,0.000784
0.0005811777995348441,0.0007
0.0004993391538422327,0.0005
0.0006930398315330552,0.000432
0.0004331972271465512,0.000434
0.0003368751102680182,0.000366
0.00028344384392867947,0.0003
0.0003286587843376022,0.000334
0.00039179492863455163,0.000466
0.0005161972077187336,0.000534
0.0006370275142028764,0.000634
0.0005061347774734724,0.000566
0.0005484998715155566,0.000434
0.0005262209793980309,0.0004
0.0004892955400622417,0.000566
0.000489628161519597,0.000634
0.0005061347774734724,0.0007
0.0005722325229509093,0.000616
0.0005816529054210383,0.000434
0.0005238073831138409,0.00045
0.0003015721472772275,0.000466
0.0003938793748428197,0.000316
0.00025363696531623624,0.000284
0.0002747934572527689,0.000266
0.00032479346028267404,0.000334
0.0004660872250134126,0.00045
0.00046621389098821907,0.00045
-0.00018592081129705266,0.0005
0.00041454427183134913,0.000534
0.0004826159710239265,0.0006
0.0004365554336558161,0.000516
0.0004194504383273412,0.000366
0.0005018770492502517,0.000268
0.00028079519961867686,0.000116
0.00022065878252670905,0.0002
-1.9105238236819924e-05,0.0003
0.00036196984499334067,0.00035
0.000303820557086954,0.0003
0.00022838992373051895,0.000234
0.00027856329859451766,0.000316
0.00032479346028267404,0.000316
0.00021065260443967705,0.000334
0.0003661971986290182,0.000416
0.00034447311610435007,0.000518
0.0005791554437172162,0.000632
0.0007410367291332819,0.000684
0.000559927580299607,0.000666
0.0004623125710746765,0.000484
0.0006145468085920124,0.000284
0.00024068224317660863,0.000182
0.0003993819877851131,6.8e-05
0.0002507070799388457,-1.8e-05
0.0001261679475587754,-0.000166
1.3349980200109516e-05,-0.000366
-0.00012458178736159565,-0.00045
-0.0002541924502259447,-0.000568
-0.00039113633733540965,-0.0007
-0.0006109829077181282,-0.000682
-0.0006024877272950599,-0.000634
-0.0006472678771794366,-0.000616
-0.0006588496679621149,-0.000768
-0.0006764605382394899,-0.000732
-0.0006890902128448898,-0.000768
-0.0007225475448910307,-0.000782
-0.0007629619987001017,-0.000734
-0.0007545377449113223,-0.000816
-0.0007757310808280696,-0.00085
-0.000796564497606189,-0.000734
-0.0007847641675832655,-0.000716
0.00013503546322622394,-0.00065
-0.0007392882029590533,-0.000618
-0.0006806744008245963,-0.000616
-0.000651003635867111,-0.000616
-0.0003082372240623802,-0.0006
-0.0006126874348970095,-0.0005
-0.0005842002926657988,-0.000468
-0.0008186151858419784,-0.0006
-0.0005434661561847155,-0.000632
-0.0005219033942779143,-0.00055
-0.0005640355507363074,-0.0005
-0.0005717435165242971,-0.000534
-0.0009074410517524489,-0.0005
-0.000521541778896086,-0.000634
-0.0005433622908743246,-0.000782
-0.0006152170463266076,-0.000784
-0.0006779247511491338,-0.000666
-0.0007181735253897878,-0.000568
-0.0007022308116812748,-0.000566
-0.0006482159587859451,-0.000484
-0.0005725995276277852,-0.0005
-0.0005304419275213853,-0.0005
-0.00033465108373243276,-0.00045
-0.00048400884780943433,-0.0004
-0.0003500519069096731,-0.000332
-0.00017536221019189864,-0.00015
-0.000335818572424545,-0.0001
-0.00042204157286766726,-0.00015
-0.00018519288627895743,-0.000118
-0.00013003475560463838,-0.000166
-0.000359557653805053,-0.00035
-0.00019824648361816536,-0.0004
-0.0002614523316763988,-0.000384
-0.0002378516519067935,-0.0003
-0.0002295417564677381,-0.00025
-0.00033502267933588245,-0.0003
-0.000503088664698408,-0.00025
-0.00019617945348833924,-0.000216
-0.0002547448535203086,-0.000166
-0.0002342130524517408,-3.4e-05
-0.00016853702064719973,1.6e-05
-0.00010234055776024761,0.000218
5.077218433966572e-06,0.000366
0.00013752458178035065,0.000384
0.00022847311854237408,0.00045
0.00035239705704402625,0.000616
0.00045155412885199847,0.000684
0.0005304937765724743,0.00055
0.0005728587522720095,0.000432
0.0006730954434295586,0.000534
0.0005477768774369976,0.000534
0.0005113351040984374,0.0005
0.0004989661775757129,0.000532
0.0005246378322267734,0.000634
0.0003462857689253816,0.000634
0.0005735095179482421,0.00065
0.0005873125589256812,0.000582
0.0004701554079208609,0.000518
0.0005082822608127715,0.000516
0.0005651344157647597,0.000516
0.0004826969962223857,0.0005
0.00043526826119928073,0.000584
0.0004329012129843127,0.00045
0.00043964093948496984,0.000534
0.00051578695354932,0.000716
0.000568608124601721,0.000816
0.0006254149149099759,0.000784
0.0007097918504857692,0.000734
0.0007615147237896304,0.000782
0.0008907449449450018,0.00085
0.0007661971439732268,0.000768
0.0006012133508484865,0.000616
0.0005098153096383411,0.00045
0.0002664438381648098,0.000284
0.00024086533882346762,0.00025
0.00016669694709327284,0.000166
0.00024165253373478824,0.000216
0.0004536669772719952,0.000318
0.00034906683854756893,0.000432
0.00043714836927316776,0.0004
0.0006813056944424659,0.00035
0.0003404274380049451,0.000284
0.0002868920499463595,0.0003
0.00042355727980075345,0.0004
0.0005403820065857999,0.00045
0.0005121483540942673,0.000516
0.00043198749016449265,0.000534
0.0005155724774032525,0.000384
0.0004695319793734173,0.000382
0.0004522316004967591,0.00045
0.00033651465858792036,0.0003
0.0001623125824808829,0.000168
0.00026214835866849976,0.000232
1.2618480250850518e-05,0.000334
0.0002824909891726999,0.00035
0.00021993657739847582,0.000366
0.0004638811621124232,0.000384
0.00035803669093415223,0.000334
0.0003580366712103941,0.000332
0.0002770705059593218,0.00035
0.00027453124961199075,0.0003
0.0005638084663997114,0.000234
0.00010321028202845155,0.000116
5.382054686836785e-05,3.4e-05
0.0001684464838882407,-0.000166
5.088417484001742e-05,-0.000284
-7.892720438362335e-05,-0.000484
-0.00022965769271811375,-0.00065
-0.000400600901023783,-0.000666
-0.0007131849924797827,-0.000766
-0.0006440103012842269,-0.0007
-0.0006966052802782224,-0.000718
-0.0007133965100621284,-0.00065
-0.0007095304956756652,-0.000682
-0.000688124932121279,-0.000768
-0.0013288535034139109,-0.000832
-0.0007347765905209916,-0.00075
-0.0006955049312588353,-0.00045
-0.000703658180610704,-0.00025
-4.4028553780105166e-05,-0.0002
-0.00016268740762786328,-0.000184
-8.94535176966942e-05,-0.0002
-0.0002172639142601268,-0.000184
1.6884173174157085e-05,-0.00015
-0.00017084458200760275,-0.0002
-0.00018400882963000352,-0.0003
2.0286539945173528e-05,-0.000266
-0.0003692444253526867,-0.000216
-0.00020935863199565566,-0.0002
-0.0002464878374768397,-0.000268
-0.00016705752182499353,-0.000182
-0.00020499441520221073,-0.000134
-0.00012154176451872402,-0.0002
-0.0002719709724475513,-0.00025
-0.00019253045961274424,-0.0003
-3.239829186178586e-05,-0.000316
-0.00026762845178806573,-0.000218
-0.00019719287990558172,-0.00025
-0.00021597589368199118,-0.0004
-0.00029772830710399315,-0.000382
-0.00031447356080766345,-0.0004
-0.00035955769325256927,-0.000468
-0.00041331680789979237,-0.000482
-0.0004340617044513575,-0.0005
-0.0004634392954677772,-0.000484
-0.0006469325732909735,-0.000484
8.863215652719264e-05,-0.000416
-0.00039171775427800467,-0.0003
-7.612029663826619e-05,-0.000266
-0.00028349923295062433,-0.000334
-0.00031758119669345573,-0.000366
-0.0001793412219887739,-0.0004
-0.00034272709484740605,-0.000418
-0.0003803008541134177,-0.000432
-0.00040461460691123516,-0.0005
-0.0004384393136765828,-0.0005
-0.00046343933491529353,-0.000468
-0.00034121763563657777,-0.0004
-0.00046801374779928856,-0.000432
-0.00045093317048339697,-0.000434
-0.00043409878511666987,-0.000434
-0.0005063029666682478,-0.00055
-0.00046375388941018815,-0.0006
-0.0004253622253414243,-0.00055
-0.000500770768088737,-0.000516
-0.0005100080746357651,-0.000516
-0.0005385811335574548,-0.000434
-0.0005050608432753153,-0.00045
-0.0005553872745025183,-0.0004
-0.0004510468582253441,-0.000384
-0.0004176529183378808,-0.000366
-0.0004007771130790495,-0.000334
-0.00041781989967433546,-0.00025
-0.00015920093751938216,-0.000166
-7.135534238871249e-05,-0.0001
-0.0001291670285888122,-0.000116
-0.0001594497132808636,-8.4e-05
-8.446896898583439e-05,-0.0001
-0.00016701961276183907,-8.4e-05
2.009051475848312e-05,-0.000116
-0.00016324679313261045,-0.000116
-0.000104333022222407,1.6e-05
-7.634340192852209e-05,0.000116
-2.742126776465833e-05,0.0003
7.52350452851938e-05,0.000518
0.00024234010394371904,0.00045
0.00034217003203704596,0.000332
0.0002991274269026849,0.000318
0.0004024362906288816,0.00035
0.00036121517455920093,0.00045
0.00036121517455920093,0.000482
0.00039831528749712127,0.000584
0.0003235004693174859,0.000566
0.0005191098939790219,0.000584
0.0005529519970990533,0.0007
0.0006071765135434631,0.000766
0.0006519507068528801,0.0008
0.0007104551999196981,0.000784
0.0007615554336264414,0.000666
0.0007527044366064392,0.000668
0.0005234833217675204,0.0006
0.0006778565219606367,0.000632
0.0005416524927429446,0.00055
0.0006551057981007691,0.000518
0.0005739075039400895,0.00055
0.000544464193361531,0.00065
0.0005657673117161129,0.0007
0.00021808958551451408,0.000566
0.00020405802507520818,0.000384
0.0003871483662432626,0.000366
0.00022380738465816824,0.000534
0.0007118378353656548,0.0007
0.0004926613204946342,0.000666
0.0006201554170105764,0.0006
0.00038222377775716325,0.000484
0.00041996526786243905,0.00045
0.0004248188508192168,0.00045
1.826940845798421e-05,0.000566
0.0005525820188437715,0.000634
0.0005230464405246112,0.000582
0.0005563321758748917,0.0005
0.0005693126177951401,0.00045
0.0005397332132853819,0.0005
0.0005068248328759295,0.0005
0.0006278094974913142,0.000434
0.0006853740351399793,0.000534
0.0002987158117939592,0.0005
0.00041147075804714756,0.000416
0.0004645443143087706,0.0005
0.0004346884616048536,0.000516
0.00079331952048336,0.0006
0.0005063800621297622,0.0006
0.0006657162726898441,0.000568
0.0005701470511072178,0.00055
-7.722883101728333e-05,0.000466
0.0003746377836895416,0.000334
0.00047720818991079365,0.000166
0.0001623125824808829,0.0001
0.000262945573248958,0.000134
0.0001747708872136409,0.000166
0.00024782670119439886,3.4e-05
0.00010728548659379943,-0.000168
3.826656870913247e-05,-0.000332
-7.97156813392234e-05,-0.000468
-0.00023814802109667853,-0.000516
-0.0003743538649001199,-0.0005
-0.0003598081060859768,-0.000516
-0.0005004886394522326,-0.0006
-0.0005339741370250044,-0.000718
-0.0005856441112095209,-0.000716
-0.0006396050393500825,-0.000734
-0.0006933294007354543,-0.000882
-0.0007642202166796804,-0.000784
-0.0007805995354984886,-0.00065
-0.0007645829760394812,-0.00055
-0.000719639000619953,-0.000484
-0.0006198045557860108,-0.000332
-0.00025066087188258625,-0.0003
-0.0002797001018280304,-0.0003
-0.00035588970539788075,-0.000384
-0.00032985296398355845,-0.000366
-0.00033844459358395535,-0.00055
-0.0004022836531736723,-0.000584
-0.0007467381819905078,-0.000666
-0.0006111104415382931,-0.000684
-0.0005796019745869322,-0.000616
-0.0006384852821526809,-0.000468
-0.0006106047243794582,-0.000366
-0.00028380280131223227,-0.000334
-0.0004487260030519514,-0.00025
-0.0003007771464667555,-0.000166
-0.0001589633254050107,-0.0002
-0.00023906843027050975,-0.000284
-0.0006081091956039343,-0.000332
-0.000247134086412457,-0.00045
-0.0003187421765453801,-0.000518
-0.00039830134750918684,-0.000666
-0.0004944943526669033,-0.00075
-0.0006195192713482031,-0.0007
-0.0006606440565831042,-0.000516
-0.0006601642169949554,-0.000418
-0.0005993412750532384,-0.000382
-0.0007842750972763048,-0.0004
-0.0004302858670871327,-0.000518
-0.00043080673209222294,-0.000632
-0.00048549605862107515,-0.000634
-0.0006226239092227574,-0.0007
-0.0007717861714090268,-0.0007
-0.0006673324618650683,-0.0007
-0.0006842105550798445,-0.0006
-0.000676074899320241,-0.000616
-0.0006551503587794923,-0.000534
-0.0006139671912204824,-0.000416
-0.0005434522312114652,-0.000384
-0.0004898033329247557,-0.000434
-0.0005050956359846829,-0.00045
-0.0004216100959344897,-0.000466
-0.0004342638729723426,-0.000366
-0.00042994590839174745,-0.000334
-0.0009447199013866782,-0.0002
-0.0003438587257472108,-0.000116
-0.00025650796026088015,-6.8e-05
-0.00018200339679686387,8.4e-05
-7.756047614861055e-05,0.000116
1.5659432341484777e-06,0.000268
9.704066089509336e-05,0.000366
-1.0309366655362914e-05,0.000266
0.0002517840957523473,0.000368
0.00031575887452185925,0.000532
0.0003806339639556527,0.000468
0.0004059970995818108,0.000482
0.00046102322900474515,0.00055
0.000507156113117731,0.000584
0.0002603763959605212,0.00055
0.0005405798358799931,0.000534
0.0005540447327477964,0.0005
0.00034525514339103677,0.0005
0.00032489677332783696,0.000466
0.0004452040649172518,0.000466
0.00031544826477859355,0.000318
0.0004357542151524545,0.000182
2.7741183645429316e-05,0.00015
0.00011906161556547926,0.000168
0.00024545314413924304,0.000216
0.0001997147154653968,0.000216
0.00020755341032237078,0.000218
0.00025348201547225,0.00025
0.0002203285081965729,0.000316
0.0002620501738004545,0.0003
0.00042064463298798155,0.000416
0.00031530384742145664,0.00055
0.0003930282552313515,0.000468
0.0003190509867175806,0.0005
0.0004822910812797639,0.000382
0.00024943655433418464,0.00025
0.0004743613415551931,0.00035
0.0003069951945791644,0.000434
0.0004871483328555566,0.000516
0.00038505149406736327,0.000734
0.0005049585708802602,0.000816
0.0006684431217008912,0.000634
0.00041989611636638306,0.00045
0.00040813128910812026,0.0004
0.0005709289403275974,0.000366
0.0004599350298203754,0.000368
0.00039515613315505455,0.000382
0.00035366701065970115,0.000334
0.00021214833591483648,0.000234
0.000179155409616096,0.000166
0.00016694248815841856,0.0002
0.0002452998708146991,0.000234
0.00020779905000630722,0.000216
0.00025321030098004603,0.000266
0.00027032620354677507,0.000268
0.0002759541412483211,0.000216
0.00019103669580432527,0.000184
0.0001237708304745155,0.000216
0.0002704582541075551,0.00025
0.0002873125801937667,0.000284
0.00024130999122708597,0.0003
0.0002616960928942375,0.000332
0.00029076563825595033,0.000368
0.0004453774367513453,0.0004
0.0003740353806682804,0.000432
0.0003820777824993748,0.000334
0.00033198054134181534,0.0004
-0.0002691513626019488,0.00045
0.0004736745602965881,0.000384
0.00041151466313277805,0.0005
0.0004323715906306062,0.000516
0.0004612233068073669,0.000566
0.00046172176562320454,0.000534
0.0004699365925480015,0.000566
0.0005449652951609601,0.000468
0.0005325065860911602,0.000482
0.000520220065429965,0.0004
0.0004775353281633848,0.000318
-0.00011529027992718549,0.000366
0.00022045825107764997,0.00025
0.00012796944659457596,0.00015
6.608722296339942e-05,1.6e-05
0.00010393094377260992,-0.0001
7.571261664115598e-05,-5e-05
-0.00013003475560463838,-0.000132
-6.788658421504547e-05,-0.0002
-0.0004935817738250557,-0.000168
-0.0001388883660225948,-0.0003
-0.00020155173183681127,-0.000416
-0.0002734018719296885,-0.0004
-0.0003234525255705097,-0.000484
-0.0004016320590995978,-0.000532
-0.0007340811308088028,-0.000534
-0.0005043329971522527,-0.000484
-0.0005091099730323956,-0.000466
-0.0005047382414870976,-0.000516
-0.0007429978473909438,-0.0006
-0.0005177762373336129,-0.000568
-0.0005387661029613376,-0.000582
-0.0005672774659675501,-0.000668
-0.000605452957647046,-0.000732
-0.0006391535230786297,-0.0008
-0.0006974955318258501,-0.0008
-0.0007513617464797998,-0.000718
-0.000763439313647208,-0.000732
-0.000763439313647208,-0.000734
-0.0007467897793418148,-0.000734
-0.0007296738964988439,-0.000766
-0.0007418551317390615,-0.0007
-0.0005929302252583078,-0.000534
-0.0006857176868872117,-0.00035
-0.0002391355896669931,-0.000366
-0.0004910285727807162,-0.0005
-0.0004394992289917728,-0.0006
-0.0003791849233250962,-0.000766
-0.0005616203765514659,-0.00065
-0.0006313753407116442,-0.000534
-0.0006396040926096915,-0.000534
-0.0007469377864229341,-0.0006
-0.0005807115148776147,-0.000682
-0.000589009694404332,-0.000684
-0.0006265511067069861,-0.000684
-0.0006633964675847071,-0.000716
-0.0009445497248014042,-0.000634
-0.0006802292750507825,-0.00055
-0.0006475544239377656,-0.000532
-0.0006098177858769934,-0.000534
-0.0005635393404288983,-0.00045
-0.0005174689806292318,-0.000384
-0.00047655113706478706,-0.000466
-0.00045982349667714005,-0.0005
-0.0004510468187778278,-0.000416
-0.0005175517809659241,-0.000334
-0.0004305494948384973,-0.000284
-0.00038553703853068996,-0.000232
-0.00031818265297432595,-0.000118
-0.0002439883442259288,-0.000116
-0.00018930738057052995,1.6e-05
-0.00011467765013732619,0.000318
0.00010689176586465073,0.0005
0.00017347754122080613,0.000666
0.0003690225875357571,0.000684
0.0006477184617251826,0.0008
0.0006598466795035069,0.00085
0.0007480821344376684,0.00075
0.0005786991937438087,0.000632
0.00037740049049289604,0.000568
0.0003996801715607475,0.0004
0.00044235697987655346,0.000216
0.0001621483427468104,0.0002
0.00029104745131232454,0.000334
0.0004458205507018284,0.000432
0.00039971472758501737,0.0004
0.0003392923357237068,0.000334
0.0003621483450045519,0.000384
0.0003866208346079194,0.000416
0.00041231256804477134,0.000416
0.00039582054767192324,0.0004
0.00040366697424209,0.00045
0.00042004475460776295,0.00055
0.0005236783108405409,0.0006
0.0004980390820478706,0.000534
0.0005321598818704893,0.000716
0.0010309748693326795,0.000834
0.0006681614269870659,0.00095
0.0005141777710173112,0.00085
0.0006106682893428852,0.000716
0.0008354401582669964,0.00065
0.0007886113805191427,0.000734
0.0007357117878043576,0.000734
0.0007076414085827484,0.000732
0.0007116035171188935,0.0007
0.0007246378443463939,0.000684
0.0006408061128932416,0.00055
0.0006647772640120823,0.000584
0.0006279147829122916,0.0008
0.0006520848678557817,0.0008
0.0006329012251039333,0.000632
0.00014886686696787552,0.000484
0.0004703285430698567,0.000516
0.0006049305297559885,0.000584
0.0005525677782903909,0.000584
0.0005409201890505412,0.000532
0.00047065875822871846,0.00045
0.0005361402940541928,0.00035
0.00047680547021699133,0.000318
0.00041040551731725845,0.000232
0.0002930646395053185,8.4e-05
-2.1355344289746897e-05,-1.6e-05
0.00040120410801005414,-3.4e-05
-0.00037849459179002513,-0.0002
-0.00012135534541861762,-0.0002
0.00015515333164448403,-0.000216
-0.0001643474182846115,-0.000284
0.00014564258477641438,-0.0003
-0.0002510614022392345,-0.000416
-0.0005948861120109874,-0.000484
-0.0004593177400707889,-0.000534
-0.0004356756601328374,-0.000482
-0.00048004062490826434,-0.000418
-0.0004805220423970647,-0.000416
-0.0004637180710653971,-0.000584
-0.00047669433154891885,-0.000732
-0.0005407578869538409,-0.0007
-0.0004595892967729276,-0.000568
-0.0006477646003045575,-0.000432
-0.0006109451958925552,-0.000484
-0.0005485121246784385,-0.0006
-0.0011287181074183838,-0.000666
-0.0006381248896438575,-0.000534
-0.0005727008288496174,-0.000434
-0.0005394915427859065,-0.000216
-0.00016268740762786328,-0.000184
-0.000246795942302821,-8.2e-05
-0.0002321813475727522,-0.00015
-0.0002459552565594114,-0.000218
-0.0002252291173018421,-0.000216
-0.000304363044040045,-0.00025
-0.0002094032865840957,-0.0005
-0.00029893997701434987,-0.0004
-0.00034434566588829185,-0.000316
-0.00036882221858583724,-0.000484
0.00047671367584658505,-0.000566
-0.0006211038386300472,-0.000584
-0.0004901275126136252,-0.000516
-0.0005384853155403869,-0.000368
-0.000534484706228343,-0.000382
-0.00024220093781532272,-0.00035
-0.00040562868421249645,-0.000318
-0.00035509566634248384,-0.00035
-0.0004215326210124966,-0.000466
-0.00045124926343142693,-0.000516
-0.00041451549957728976,-0.000518
-0.00046419215131616765,-0.000616
-0.0005303493442006532,-0.000616
-0.00056772858776384,-0.0004
-0.0005397048749540016,-0.000318
-0.0004907667201675846,-0.000382
-0.00043178211138000393,-0.000468
-0.0005595777052629487,-0.000532
-0.0004270224924070284,-0.000518
-0.0004764570941859522,-0.0005
-0.00044339084481630805,-0.00045
-0.0005350125534438165,-0.000516
-0.0004966828614231439,-0.000516
-0.0004961732389601962,-0.000518
-0.000500717947864425,-0.0005
-0.0005126873893896829,-0.000466
-0.0005005191718298409,-0.000484
-0.0004924797680099845,-0.000482
-0.0004833030134004614,-0.000368
-0.0004511876858584986,-0.000332
-0.00013035297871854802,-0.000268
-0.0004514049233307064,-0.00015
-0.0002815562455357714,-0.000116
-0.00021866635235926092,0.00015
-9.978962494809481e-05,1.6e-05
-2.7939849744743267e-05,-8.2e-05
-1.0561798708510496e-05,3.2e-05
0.00017846739562260694,0.000218
4.330989915020358e-05,0.0003
0.00011326966495307939,0.000332
6.312952955249436e-05,0.000484
0.0005208057427043193,0.000466
0.0004908820008248676,0.000484
0.0005233989435301766,0.000534
0.0004913695721262092,0.000516
0.00045828225778286636,0.000466
0.0003703262096065854,0.000334
0.00026231255895505597,0.000266
0.00033321392710988963,0.000334
0.0004661972046888285,0.000484
0.00035252175064301824,0.000582
0.000413427433750153,0.000518
0.0004772411680344119,0.000632
0.0006551678490438928,0.000634
0.0007147322574259008,0.00065
0.00034273474295649226,0.00055
0.0006155310241234422,0.0005
0.00033696065220709256,0.00035
0.0005478409007559358,0.00045
-0.0003574068568743855,0.000566
0.0010275976096730465,0.0005
0.0004645442748612543,0.000618
0.0005907990487579205,0.00075
0.0006062238165775488,0.0007
0.0006396547187877755,0.000582
0.0006608580349261442,0.000534
0.0004645442748612543,0.000584
0.0006957606056265937,0.00065
0.0005864754826300122,0.000816
0.0006433606551531348,0.000916
0.0005803417094270824,0.000984
0.0008486381926870993,0.000834
0.0008858312834209147,0.000782
0.0006294817171543541,0.000818
0.0008525875202279666,0.00065
0.0007692051748803873,0.000632
0.0007184968128004667,0.000568
0.0006647094931790965,0.000532
0.0005943167810230613,0.000684
0.0006025499115954167,0.000634
0.000680595520806701,0.000632
0.0006191308072224657,0.000534
0.0006196506465921324,0.000434
0.0005564545420704225,0.0005
0.0005232268734641206,0.00035
0.0004527577514690321,0.00025
0.00038117782686273986,0.0001
-0.00025660417275311093,-8.4e-05
0.00014994061849940416,-0.000266
-4.806904106725329e-06,-0.000384
-0.0001630518040595901,-0.000484
-0.0003081915438385166,-0.00065
-0.00044949171879065227,-0.000766
-0.0005746530469832821,-0.000834
-0.0006867894759048049,-0.000882
-0.0007851615618623686,-0.000784
-0.000817624106442714,-0.000734
-0.000809870618220926,-0.000782
-0.000796835107567937,-0.0008
-0.0007756141583897867,-0.000768
-0.0007716019515079536,-0.000632
-0.0007471497773754753,-0.00065
-0.0006799242668548299,-0.000584
-0.0006601786547859174,-0.000616
-0.00044381265710799467,-0.000584
-0.0006091786572180665,-0.000566
-0.00023445289335078268,-0.000468
-0.0006063517298581922,-0.000466
-0.0005223493484495703,-0.0004
-0.0010092223498578403,-0.00055
-0.0004723198386774805,-0.000534
-0.00047546873666531186,-0.00045
-0.0004850226884255978,-0.000432
-0.00027197095272379315,-0.0004
-0.00042546873363540674,-0.000434
-0.00042945273554309267,-0.000534
-0.00038473708234784964,-0.000516
-0.0004723817712780554,-0.000466
-0.0005850252980214832,-0.000434
-0.0004884853125104818,-0.000434
-0.0003273003940994796,-0.000616
-0.0004893685818477261,-0.000566
-0.000514495900221504,-0.000484
-0.0005267507445271183,-0.000484
0.0002836971758782924,-0.00045
-0.0004970608080767162,-0.000466
-0.0007613885950653677,-0.00045
-0.00021045225521351528,-0.000466
-0.0004582050439788031,-0.0005
-0.00047095527019398454,-0.000468
-0.00047145274282191495,-0.000482
-0.0004793412204444466,-0.000418
-0.00046775753618098645,-0.000416
-0.00012586158313258484,-0.000234
-0.00038979449062129663,-0.0003
-0.0003439483505042212,-0.000266
-0.0003057053641243535,-0.000284
-0.00027161006712101614,-0.000232
-0.0003426904875522891,-0.000268
-0.0002629725008878998,-0.000182
-0.00024247277065007558,-0.000218
-0.00018456624275893618,-0.000182
-0.0002381079621438863,-0.00015
-0.00018359889104072017,-8.4e-05
-0.00015972310429250992,-0.00015
-7.978620363647044e-05,-0.0002
-0.00014702307504180725,-0.000166
-0.00015104682032215512,-0.000184
-4.363048049842075e-06,0.0
-0.00013949153827042362,0.000216
-0.00042980074153180106,0.000418
2.0594384664094288e-05,0.0005
0.00027869982644839657,0.000616
0.0004338806159187553,0.000734
0.0010907935564046913,0.0008
0.000659656503027474,0.000882
0.0007555865510416028,0.00085
0.0008151134053881029,0.000718
0.0006120501752860324,0.000682
0.0007116543255198748,0.000634
0.0007190102616724944,0.000616
0.0006615041457954544,0.000734
0.0009070569663010196,0.000884
0.0007143616874578746,0.0008
0.0006682940100893158,0.0007
0.0006665753212520865,0.00065
0.00041927611975285667,0.000516
0.00038177727132027926,0.000434
0.0003790447024193702,0.00035
0.0005253695442064324,0.00045
0.00043603283296000917,0.000616
0.000460108677787083,0.000766
0.0006393416238509837,0.000584
0.00045375648368645665,0.00045
0.000782452992066048,0.000616
0.0006012133508484865,0.000718
0.0005896250512256205,0.000682
0.0006139491787202222,0.0006
0.00048319719072894006,0.00055
0.0006358580531349498,0.000584
0.0006027958274119672,0.000566
-0.0005045201361695313,0.0006
0.0005745312480676635,0.000568
0.0004990099248712782,0.000632
0.000645820562821449,0.000634
0.0006736782804827399,0.000616
0.0004279365852691792,0.0005
0.0005941210029997151,0.000384
0.0003991273935149789,0.000334
0.00045579524967086113,0.0004
0.00034971472455511224,0.00035
0.0003871483662432626,0.0004
0.0004329911927689697,0.0004
0.0003912822292653334,0.0004
0.00038696067496075585,0.00045
-3.6953538183803576e-05,0.000416
0.0007764660425187487,0.0003
0.00039011478002073745,0.000216
3.6892064382471046e-05,-1.6e-05
-0.00028805835992205706,-0.000234
0.0003234229746717347,-0.00025
-0.00021552171470318881,-0.00035
-0.00039584455619465957,-0.00035
-0.0002973472835441502,-0.000382
-0.0003342326639271471,-0.000518
-0.0004017208160112498,-0.0006
-0.0004650146714783257,-0.000632
-0.0005353955099319576,-0.000684
-0.0006099945107499716,-0.00075
-0.0006679086322879967,-0.000816
-0.000722216659124392,-0.000768
-0.0007556743067506633,-0.000716
-0.0007982532457785544,-0.000684
-0.0007472487117463301,-0.00075
-0.0007303008753227536,-0.00065
-0.0007009218641957475,-0.000532
-0.0006559615575044752,-0.000518
-0.0006148437939274738,-0.00055
-0.0006780883794467037,-0.00055
-0.0005378373506378111,-0.000616
-0.0005593861086763293,-0.000584
-0.0005756823904733476,-0.000482
-0.0005592333678932553,-0.000468
-0.0005390805391136833,-0.000332
-0.0004687232113797602,-0.000368
-0.00041408713899789907,-0.000366
-0.0003847616975980144,-0.000384
-0.00036297250694771003,-0.0004
-0.00037984456469249383,-0.0004
-0.00038785166099650887,-0.000432
-0.00022561410533707214,-0.0005
-0.0004340137362715491,-0.0005
-0.0004590797926525289,-0.000484
-0.00047969399958262604,-0.00055
-0.0005091179808782026,-0.000666
-0.0005517676887503174,-0.000718
-0.000525458128313335,-0.000716
-0.000753870529620797,-0.00075
-0.000713246846185325,-0.00065
-0.0007094032379881144,-0.00055
-0.0006421180039278063,-0.00055
-0.0006270565871807233,-0.000534
-0.0005721436326820243,-0.000332
-0.0004937896622359028,-0.00045
-0.00046864411910959913,-0.000468
-0.00044780758597769285,-0.000382
-0.0004093486638936549,-0.0004
-0.0004258736623901213,-0.00045
-0.000425873622942605,-0.000468
-0.000425873622942605,-0.000382
-0.000425873622942605,-0.00035
3.935993675087107e-05,-0.0003
-0.0003765166538757395,-0.000268
-0.00011330389038253476,-0.00015
-0.0002688256641837023,-6.6e-05
0.0003471687029587375,3.4e-05
0.0003156894863407055,0.000182
0.00025917324671368303,0.0002
8.478298129924563e-05,0.000268
0.00016888301010350336,0.0004
0.0006243859264475571,0.00055
0.00035118118597318466,0.000732
0.000483213522000684,0.0008
0.0005950447454886728,0.000618
0.0006725907124586309,0.000616
0.0006895581937453196,0.000616
0.0005033171597274426,0.00055
0.00047189180869290425,0.0007
0.0001279241608458753,0.000834
0.0005910569960669394,0.000666
0.0005871483783628832,0.0005
0.0003536369713760465,0.0005
0.0005161972077187336,0.000534
0.0005483032650943683,0.00045
0.0004997146941973113,0.000534
0.0005036457180906201,0.000782
0.0005719165877929445,0.000768
0.0006393757854000905,0.0007
0.0006935561206262558,0.0006
0.0007107145278917871,0.000682
-0.00017897536599894437,0.000784
0.0008144794838013262,0.000816
0.0007183824938982589,0.000618
0.0007230367485552245,0.000466
0.00035233510471969316,0.000516
0.0006006745766710008,0.000618
0.0006026600490608978,0.00075
0.0005848056692654659,0.000866
0.0009522239779776503,0.0009
0.0007807582478712066,0.000816
0.0008315988380257306,0.000818
0.0008320891706532125,0.0008
0.0012399408285347707,0.000916
0.0007678798961231161,0.0009
0.0008572536091398191,0.000784
0.0007415306120372298,0.000732
0.0008310794720262594,0.000568
0.0007430385327949228,0.000532
0.0006513617948821902,0.0005
0.00019431261479460973,0.000318
0.00047711170128594886,-3.4e-05
6.132853347252648e-05,-0.00025
-0.0004436654784247175,-0.000434
-0.00043554966476580786,-0.000682
-0.0003559088374432813,-0.000868
-0.0005643379159486685,-0.001
-0.0008198909185187898,-0.000916
-0.0008693898197492658,-0.000834
-0.0009060471343168334,-0.0008
-0.0008894208740460512,-0.000882
-0.0008591017497108271,-0.000918
-0.0008596180388040276,-0.000866
-0.0008675615851592999,-0.000884
-0.0008879725190379557,-0.000732
-0.0008517523618459115,-0.000718
-0.0008018711352875548,-0.000716
-0.0007642468043056597,-0.000766
-0.0007334992799435286,-0.000784
-0.0005512258771140774,-0.000666
-0.0007515450196404821,-0.000584
-0.0006548439304729532,-0.0006
-0.0006604522627589034,-0.000766
-0.0006557759963878481,-0.000868
-0.0007074331501295705,-0.000916
-0.0007905018877226459,-0.000884
-0.0008598928302025022,-0.000816
-0.000705192925679474,-0.0008
-0.0008551839801829917,-0.000766
-0.0008175661974888006,-0.000934
-0.0008305692822833995,-0.000834
-0.000984708795390015,-0.0008
-0.0008350581729520783,-0.000782
-0.000838957875517453,-0.000684
-0.0007763835427475025,-0.000534
-0.0003889775720064517,-0.000416
-0.00060747014584004,-0.000284
-0.0004831580832256128,-0.000282
-0.0003815960344157599,-0.00025
-0.00030958269994799185,-0.000268
-0.00027134121257374314,-0.000366
-0.0002926041930805001,-0.000416
-0.00040042543847132613,-0.00035
-0.00035132101240374777,-0.000318
-0.0003633791713931413,-0.000132
-0.00030661407710960476,-5e-05
0.00015279232876138743,8.2e-05
-0.0001080955361880049,0.0002
0.0001988805188384169,0.000234
0.00011373586556247103,0.000284
0.00019815470426244318,0.000432
0.00028530211780230006,0.000518
0.0003641831662373274,0.000616
0.0004594770836037674,0.000634
0.0005479864226435289,0.00065
0.0006032251741792652,0.000532
0.00032064466637568757,0.000334
0.00016619719637127672,0.000184
0.00026231257867881413,0.000316
0.00040779495958423364,0.0004
0.0006618150316713341,0.0006
0.00037125535640527473,0.000684
0.0007002877603860735,0.0008
0.0007540447054199006,0.000816
0.0010067989067092623,0.000884
0.0008121483722736981,0.000816
0.0008281945173699229,0.000666
0.000565531021093537,0.000584
-0.00018712831949444086,0.000616
0.000756070650961511,0.0007
0.000865980425378541,0.000818
0.0006772556179449946,0.00095
0.0008403183170264227,0.0009
0.0007782723442896575,0.00085
0.0008782564924479194,0.0008
0.0008736129675153846,0.0008
0.0008364707640775831,0.000916
0.0008363618100375908,0.0009
0.0008526527664199099,0.00085
0.0008653715924121247,0.000834
0.0008741564753948251,0.00075
0.0008321598606024039,0.000682
0.0006649704779468697,0.000618
0.0003538205798406173,0.0004
0.00035345314595013614,0.000416
9.333423636671998e-05,0.00035
0.0004434642716588075,0.000266
0.00015366697881632248,0.000134
-4.886510661672901e-07,-3.4e-05
-0.00013003475560463838,-0.000132
5.4706594790040884e-05,-0.000268
-0.00017781464255587587,-0.00025
-0.00017335091940258996,-0.000382
-0.00026019807817220726,-0.00055
-0.0003654635781538931,-0.0007
-0.000474712685568102,-0.000684
-0.0005821689428144568,-0.000684
-0.0006560055809326546,-0.000732
-0.00021837329676074413,-0.00085
-0.0007391830358806248,-0.000818
-0.000772642734777743,-0.00075
-0.0007886981894878123,-0.000716
-0.0007848184473656802,-0.000716
-0.0008885234430504588,-0.00075
-0.000733424724137741,-0.000634
-0.0007146830513584032,-0.000484
-0.0006485444777016064,-0.000366
-0.00024268998839852522,-0.00035
-0.00046132159500327695,-0.000516
-0.0005644342073359319,-0.0004
-0.00040961043761175383,-0.000334
-0.00040176771910811835,-0.00035
-0.00041268742277738896,-0.000416
-0.00037584352145777073,-0.000568
-0.0004192926726950142,-0.000716
-0.0005160116315874224,-0.000934
-0.000663240728790395,-0.000832
-0.0007658782746843723,-0.000718
-0.0008022446243717865,-0.00055
-0.0007620356921225851,-0.000566
-0.0006693737919380317,-0.000666
-0.0006267292122430345,-0.000584
-0.0005926086491055135,-0.000566
0.0007811904348596774,-0.0004
-0.00030066087491249137,-0.000334
-0.00047364811544598986,-0.000384
-0.00042316239514800865,-0.0004
-0.0007200525683807349,-0.000416
-0.0003842639093899537,-0.000416
-0.00040433299109244247,-0.0004
-0.000408205040948898,-0.000468
-0.00042563863408806677,-0.000466
-0.0004382468097970887,-0.000516
-0.0004635245021029632,-0.000518
-0.0004926225680189534,-0.00045
-0.0004882468128269938,-0.000232
-0.0004319011245366502,-1.8e-05
3.4531592573769586e-06,5e-05
-0.00038978407647699613,6.8e-05
-3.595819845277995e-05,-1.8e-05
1.9531028785842897e-05,-3.2e-05
1.5938305559500373e-05,6.6e-05
0.00017865877524788677,0.000184
0.00019128223686947098,0.0002
7.32096717325697e-05,0.000116
4.948084300809236e-05,8.4e-05
-1.4484740791919386e-05,8.2e-05
0.00011955805269610702,6.8e-05
4.971471130662095e-05,3.2e-05
2.8265542144135e-05,0.0
2.865877559629783e-05,-1.6e-05
-6.328454820776855e-05,-1.6e-05
-3.40088353331067e-05,-3.4e-05
-0.00010473821724785649,-5e-05
-0.00019636306195291,-0.000166
-0.0002546145780977616,-0.000268
-0.00021318496218073135,-0.00025
-8.38027990544908e-05,-0.0001
-2.1610081557127657e-05,0.0
-0.00015724047485481287,6.8e-05
-0.00010214425705731062,0.000116
0.00013714834123185784,0.000134
0.00019582055527606084,0.000182
0.0002786587813076971,0.000284
0.0005319773582126165,0.000416
0.00025131952235300266,0.00045
0.00041833853118568125,0.000518
0.0004148888064386241,0.000566
0.0005499480687335868,0.000566
0.0005238204007942166,0.000668
0.0006926014118370107,0.0008
0.0006476167660281877,0.000782
0.0007016588771572735,0.000884
0.0010239570772896957,0.000966
0.0008561822934924213,0.001
0.0009059144873342351,0.000968
0.0007745312207397678,0.000782
0.0009268686135122013,0.0007
0.0008593896132518778,0.00085
0.0008225653567953719,0.000918
0.0006940836917091153,0.0011
0.0010275318901109079,0.001116
0.0009931557465153453,0.000966
0.00022957390148444027,0.0007
0.0009663667015178608,0.0008
0.0008915608773719395,0.000868
0.000831092489706635,0.0008
0.0007905129874894076,0.000932
0.0007997147518242585,0.000834
0.0008572895852746753,0.00075
0.0009080367637106251,0.000866
0.0008438752995702718,0.000934
0.0008443589261199844,0.00085
0.0008483678983054818,0.000684
0.0008312207730296094,0.000632
0.0007719719447779197,0.000484
0.0002245312268583275,0.000266
0.00015366697881632248,0.000168
0.0003666969592128934,0.000316
0.00030566147405340714,0.000566
0.000325359078494995,0.000568
0.0004700447181901518,0.00045
0.00034064136188578456,0.0003
0.00046828003354892867,0.000182
0.00014477068618574054,6.8e-05
0.0002464875763589098,-0.000218
7.8234787282994e-05,-0.00045
-0.00041353937078669924,-0.00055
-0.0002934008751194884,-0.000482
-0.000428096096010371,-0.000468
-0.0004884393167064879,-0.000682
-0.001103884160223253,-0.0008
-0.0005147187786885412,-0.00075
-0.00013804385387010512,-0.000634
-0.0006795607185447034,-0.000634
-0.0007063028998928358,-0.000666
-0.0006721776425008763,-0.000666
-0.0005711732237812958,-0.000684
-0.0006629498428052742,-0.000766
-0.00035288443581686044,-0.000734
-0.000713485345868813,-0.00065
-0.000709608601757919,-0.0007
-0.0007135667655424351,-0.00065
-0.0006843840452564869,-0.000616
-0.0006547448383120334,-0.000734
-0.0006761246820857987,-0.000934
-0.0007365619062132343,-0.001032
-0.0008330486375772446,-0.001084
-0.0009493160892996653,-0.000966
-0.0010054429622171495,-0.000984
-0.0010176376885079382,-0.001116
-0.0010390837252140378,-0.0012
-0.0017228797535762935,-0.001018
-0.0010816028618072335,-0.0008
-0.001037204997803221,-0.000616
-0.0009139649608914847,-0.000534
-0.000459358607697665,-0.000482
-0.0009104443489576547,-0.0004
-0.0002718901247629154,-0.000334
0.0001992589980334592,-0.00035
-0.0005507771616162811,-0.0003
-0.00034689480383845347,-0.000266
-0.0002753622162517089,-0.000284
-0.0005548532340269874,-0.000234
-0.00027161006712101614,-0.000182
-0.00024246196203061215,-0.000168
-0.00043589108301929586,-0.00015
9.821500359316092e-05,-6.6e-05
-6.098314065990673e-05,0.0
-0.00011283737419301279,-1.6e-05
-0.00021910155708272785,0.0
-6.755173397301971e-05,5e-05
7.88203546096037e-06,1.6e-05
-0.00010954529158292859,3.4e-05
2.4531253261672077e-05,6.6e-05
-8.504459700541388e-05,6.6e-05
2.4637798229517273e-05,0.0
4.082134025771422e-05,1.8e-05
-0.0002426663396125095,3.2e-05
2.839803517969247e-05,1.8e-05
7.838991957174308e-05,1.6e-05
2.0832965708084622e-05,1.6e-05
-2.9610077308210526e-05,0.0
3.6433179438248834e-05,-1.8e-05
1.1696101166674597e-05,-6.6e-05
-0.0001464694094269221,-0.000116
-0.00010048865466050779,-0.000168
-0.0001759646132131598,-0.00015
4.6949806536968214e-05,-0.0001
-5.433300933062278e-05,-6.6e-05
-7.536219427020927e-05,-5e-05
-8.868721171232379e-06,0.0
3.3087223848261653e-05,5e-05
-1.762843663854004e-05,6.6e-05
1.5371564325700047e-05,5e-05
4.088203395973069e-05,6.8e-05
0.00013649062293087934,8.2e-05
5.3377450176173175e-05,3.4e-05
0.00017864465303705503,0.0001
0.00012080573818883634,0.0001
7.832851458169851e-05,0.0001
8.278947640884412e-05,0.0001
0.0002038267837347175,0.000166
9.082862875078412e-05,0.0002
0.0001322359913376874,0.0002
-0.0002849910196741548,0.000284
0.0002114188527198478,0.000266
0.00015353058902875058,0.000168
0.00022832564400272474,0.0002
0.00019057983439441523,0.00025
0.00022002904237665907,0.000182
0.00019922919543490224,0.000218
0.00016621390239442545,0.000166
0.00024103667911047226,0.0002
0.00022880572027597133,0.000234
0.00020387118191430166,0.000232
0.00023731257716386154,0.000218
-0.00021531153833639688,0.00015
0.0003192024849038915,0.000116
0.00011571622949900852,8.4e-05
0.00012065877646689879,8.2e-05
0.00014113127805660396,0.000118
0.0001453854066939632,0.0001
5.8282238474564825e-05,8.2e-05
0.0001162139092263994,0.000134
0.00016160353309933233,0.000116
-0.00024086151712346155,0.000134
9.130999693018919e-05,6.6e-05
0.00013702749376570412,0.000118
4.948084300809236e-05,8.2e-05
7.802904876178467e-05,8.4e-05
0.00014582054238427663,0.000116
0.0003020247878028945,5e-05
8.241881768390631e-05,0.000118
6.608722296339942e-05,6.6e-05
0.00012406781110090308,0.000134
9.11323746262154e-05,8.2e-05
0.00012477088418373576,0.000118
0.00017021379178929708,0.000116
0.0001247934580249326,8.4e-05
9.957457210396712e-05,0.000166
0.00012027226970229156,0.0001
4.140264871963943e-05,6.6e-05
2.382035323687681e-05,6.8e-05
0.00011231257945097776,0.000132
0.0001319383105178857,0.0002
0.00017479346105483772,0.000184
-9.868048899445426e-05,0.000184
0.00017463780115555826,0.000216
0.0003366831981012684,0.000184
0.00019546223376184268,0.000132
5.2074491316712564e-05,0.00015
0.00013696985108252569,0.000168
0.0005204656656663852,0.000166
0.00018651965933277374,0.0002
0.00039483317633919014,0.0002
0.00010803669057744518,0.00015
-0.0001343784399658545,8.4e-05
-4.546841424645444e-06,3.2e-05
7.548960357167647e-06,3.4e-05
-5.896329962144225e-05,0.0
4.52998932116553e-05,3.4e-05
1.214834844991362e-05,0.0
-4.570010776630768e-05,-3.4e-05
-5.983792636668385e-07,0.0
7.838991957174308e-05,1.6e-05
4.512631181263145e-05,6.8e-05
0.00019165253070488312,0.000132
0.000157794954296587,0.00015
0.0004823732110086792,0.000184
0.00018269693859543858,0.000184
0.00027856329859451766,0.0002
0.00020828222290958254,0.000216
2.688326241923833e-05,0.000266
0.0002934781086473098,0.00025
0.0002536670045998909,0.000284
0.0003332139073861315,0.0003
-2.429784794141062e-05,0.000316
0.00021573608752139162,0.000268
0.00021422080980191058,0.00025
5.7002149312673215e-05,0.00025
0.0002417949589923525,0.000266
0.00028344384392867947,0.000284
0.00028321390435622634,0.0003
0.00021640109375100464,0.000266
0.00035389610211055404,0.000316
0.00029103670186413555,0.000334
0.000407890028098492,0.000366
0.00034103670489404067,0.000368
0.00038294247205644666,0.0004
0.0003664188147755342,0.000382
0.0003871483662432626,0.00035
0.00024155340212635206,0.0003
0.00024566696940129173,0.00025
0.00028234710435703296,0.000268
0.00027915542553778535,0.000232
0.0002618751057231605,0.000268
0.00027477089327345117,0.000282
0.00016878334595359724,0.000268
0.0002831971983330776,0.000282
0.0002748188417295014,0.000368
0.0004699694917765872,0.00035
0.0002859501024286341,0.000332
0.00035429986716353806,0.00035
0.00025759670700140395,0.000284
0.00019474989051268188,0.00025
0.0002786446590968653,0.0003
0.00029510518062795605,0.000316
0.00042712980466602077,0.0003
0.0008090866138493509,0.000268
0.00029556458640266677,0.000282
0.00029104745131232454,0.000318
0.0003147457834085052,0.0003
0.0001853556222983369,0.0003
0.0003118150301857563,0.000316
0.0003082822289693928,0.000316
0.00029088202815276333,0.000268
2.0170189495876833e-05,0.000282
0.0002949745304540043,0.000284
0.00028294248572039457,0.000284
0.0003082822289693928,0.000316
0.0003291554088439323,0.0003
0.00021621389556245152,0.000234
0.0002788267882795752,0.00025
0.00025415538457531647,0.000232
0.0002533171445779169,0.000284
0.00025310517334913376,0.0003
0.0002664910173942923,0.000266
0.00024128223989937613,0.00025
0.00022080572452488846,0.000234
0.0003732976726661453,0.0003
0.000552516338729149,0.000334
0.00031649100070043934,0.000332
0.00032463778065963645,0.000334
0.000298996342806054,0.000334
0.00025828224566324585,0.000282
0.00027463779735348943,0.000318
0.00026597604979288744,0.00025
0.00022463777459982617,0.000216
0.0002164910143643872,0.0002
0.00017742527113726362,0.000166
0.00018731258399583547,0.0002
0.00019128224673135006,0.0002
0.0002451263017430241,0.000218
0.0002452998708146991,0.00025
0.00020776563796000977,0.000216
0.00044867899662721813,0.00025
0.0001955305765838147,0.000234
0.0002330872156277566,0.000216
0.00011571623936088758,0.00015
0.00015804743812459972,0.00015
0.00018269693859543858,0.00015
0.00014582054238427663,0.00015
0.0001075305986672055,0.000134
0.00021621389556245152,0.000166
-9.091793770579863e-05,0.0002
0.000464002029302335,0.000166
0.0001659189533151268,0.000118
0.00016177406471225303,5e-05
0.00017436136282327858,8.2e-05
4.5666981936368885e-05,8.4e-05
0.0001036669807173569,8.4e-05
7.463780002668753e-05,0.000116
-9.778968518159855e-05,0.00015
0.00012854726395130953,0.000116
0.00011591895028522167,0.0001
0.00012004471670457399,6.8e-05
0.00010776564176207859,8.2e-05
9.10474293308249e-05,6.8e-05
7.932620143994138e-05,8.2e-05
7.481884440269946e-05,3.4e-05
0.00047340004503072753,3.4e-05
5.3974517920856154e-05,3.2e-05
3.731258415163169e-05,3.4e-05
3.705016078224884e-05,3.4e-05
3.344383864103286e-05,3.2e-05
3.294248690460609e-05,-3.2e-05
-0.00018542051817170758,-8.4e-05
-0.00010945103174275418,-0.0001
-0.00012154176451872402,-0.000216
-9.589918268716916e-05,-0.0002
-0.0002631621448224629,-0.000218
-0.0001847089244253563,-0.000282
-0.00022977994057109578,-0.0003
-0.0002510420926800106,-0.000284
-5.517320198007872e-05,-0.00025
-0.0002629725008878998,-0.000266
-0.00027546874426944947,-0.00025
-0.00023561521441826092,-0.000234
-0.00025028529207999126,-0.000266
-0.0008809064432350334,-0.0003
-0.00037990949530430684,-0.000318
-0.00041777232596968995,-0.000316
-0.00041813559814720254,-0.000366
-0.00032561405222560796,-0.0004
-0.00040282585928507527,-0.0004
-0.00037135431520896164,-0.000384
-0.0003878516215489926,-0.000416
-0.0003508725730385656,-0.0004
-0.00037546873060550156,-0.000484
-0.00033219093937902086,-0.0005
-0.000451061414358855,-0.000584
-0.0004936199590208242,-0.000582
-0.0005386382141135261,-0.00065
-0.0005803198404883736,-0.000768
-0.0006478744221899082,-0.000766
-0.0006934654157716214,-0.000666
-0.00018366926540978111,-0.000668
-0.0007182410595376759,-0.000582
-0.000672116341060562,-0.000618
-0.0006343902354866393,-0.000632
-0.0008487747844213267,-0.000718
-0.0008256141219721755,-0.0007
-0.0006680616886512011,-0.000766
-0.0007889777145882416,-0.0008
-0.0007469788118398754,-0.000816
-0.0007716052650993219,-0.000784
-5.282962010636359e-05,-0.000634
-0.0007603049717928875,-0.000566
-0.0005807889503520916,-0.000484
-0.0006197299605327069,-0.000366
-0.0002603620417736657,-0.0005
-0.0005210347205216973,-0.000484
-0.000624469382377342,-0.000382
-0.0002464694154867324,-0.000384
-0.00025443540747877345,-0.00025
0.0002787229229691842,-0.00035
2.5258209658332166e-05,-0.000334
-0.0002252291173018421,-0.000232
-2.9786457015421186e-05,-0.000334
-0.00037134121863355345,-0.000366
-0.00041268742277738896,-0.000384
-0.00032790831977302134,-0.0004
-0.00038768744098619456,-0.000416
-0.0002594497193406739,-0.00045
-0.00027568239201767485,-0.00045
-0.000429541808034875,-0.00045
-0.00044186872295275077,-0.000534
-0.0003757518454299133,-0.000584
-0.0005919632877390128,-0.00055
-0.0005714527094342088,-0.000566
-0.0003311120498084955,-0.000534
-0.0005589633101967355,-0.000532
-0.0004761247094136946,-0.000584
0.000254063570481152,-0.000616
-0.0004646626418429558,-0.00065
-0.0006342837271926568,-0.0007
-0.0006385667807213356,-0.000568
-0.0006346961115279502,-0.0005
-0.0003012408520207418,-0.000366
-0.000536488561160831,-0.000334
-0.0004443750209002217,-0.000282
-0.00025603153288289036,-0.0003
-0.0003213008213469676,-0.000234
-0.0002883964448604186,-0.000184
-0.00019636306195291,-0.0002
-0.0003564355012332661,-0.000166
-0.00019245103203869475,-0.000134
-0.00017161006106120586,-0.0001
-0.00015092190976182356,1.8e-05
-9.722557583677567e-05,3.2e-05
4.0596703910732324e-05,8.4e-05
6.830554517847087e-06,0.000116
6.151967148176906e-05,0.000134
0.0003550816972126433,0.000166
0.00012426219859930002,0.00025
-2.2045882924278496e-05,0.000334
0.00034848394232311306,0.0003
0.00021216263563949151,0.000216
0.0003492820444726878,0.000284
-4.549301816766542e-05,0.000316
-6.586810411589299e-05,0.00025
0.0001327225370036055,0.000234
0.00020237132817368993,0.000234
8.954773338027834e-05,0.00015
3.312627480594629e-06,0.000166
-5.261011586904395e-06,0.0001
0.00016131055639584816,0.000166
0.00014482679041578369,0.0002
0.00044500556501528163,0.00025
0.00015356456320215516,0.00015
0.00012839802413530622,0.00015
0.00011994603874257511,0.000134
0.0001698563381204373,0.000216
0.00016171545556492548,0.000168
-1.6226167658424955e-06,0.0001
0.00015343548106697594,0.000132
0.00015292935957109902,0.000118
0.00015801464737668386,0.000166
0.00019054895685103942,0.00015
4.4902707264747505e-05,0.000166
-5.9811855144351625e-05,6.8e-05
0.00013694160666086221,0.000116
0.0001036369512955813,0.000134
0.00017865877524788677,0.0002
5.4126311963539206e-05,0.000116
7.453125228518884e-05,0.0001
8.946628905195857e-05,0.0001
-3.8107935231447115e-05,0.00015
0.0002323759177377775,0.000216
0.0005701038166293643,0.0001
0.0001403183239171461,0.000168
0.00014933912277101765,0.00015
0.0001574695320109545,0.000182
5.8047434530259236e-05,0.0001
-0.00017298971821968264,0.0001
0.00010366697578641736,0.000118
3.731258415163169e-05,5e-05
-3.38028009555252e-05,6.6e-05
-0.00042864627052006444,0.000116
0.0005309629258837086,0.000168
9.885338768021791e-05,0.00015
2.080573829270049e-05,3.2e-05
6.566754576853202e-05,1.8e-05
4.582054495361056e-05,3.2e-05
-4.27145126340369e-05,3.4e-05
-5.191563236081274e-07,1.6e-05
2.4793466757940917e-05,3.4e-05
8.144869331059615e-06,3.4e-05
0.00014088437605214624,8.2e-05
9.179495976451616e-05,0.0001
1.9699166427618766e-05,0.000118
7.77768558592046e-05,0.0001
8.702749566673852e-05,0.000116
0.00010803669057744518,0.000116
0.00011231257945097776,0.000118
1.5991159067654254e-05,0.0001
0.00017080574121874147,0.00015
0.00014582054238427663,0.00015
0.0001289652399720369,0.000166
0.00018689206361030737,0.000216
0.00013277491344335925,0.000234
0.0002747934769765271,0.00025
0.0002786587813076971,0.000266
0.00026231259840257224,0.000284
0.00033689205297626464,0.0003
0.0003664188147755342,0.000366
0.0003487158148238644,0.000384
0.0005321815780044486,0.00045
0.00037367455423677784,0.000516
0.0006159911794009625,0.000584
0.0004816528993612279,0.00065
0.0004238546351785458,0.000734
0.0005963827263461895,0.000766
0.0006032040697580501,0.000734
0.0007199319134430888,0.00075
0.0009025537167364114,0.0008
0.0007618919998354258,0.00085
0.0007823715723924259,0.0009
0.0008236129250379632,0.00085
0.0008491218192368121,0.000816
0.00044480714400834407,0.0008
0.0006069391972854638,0.000684
0.000785951276705658,0.000682
0.0004978344283333592,0.00065
0.000702584631469562,0.0007
0.00014149468830042353,0.000618
0.0006617217777428251,0.0004
0.0005873711779348879,0.000416
0.0005303027322510829,0.00045
0.00046884788054591997,0.000516
0.00044439468077801813,0.000568
0.0004860421061562424,0.000516
0.0001751715654984752,0.000384
0.0004943116467861333,0.000382
0.0004604759736112571,0.000368
-9.658055963604246e-05,0.000366
0.0003563032290020725,0.000334
0.0003620612448885841,0.0004
0.00025369915432566707,0.00035
0.00019470533454303259,0.00025
0.00027415643903596346,0.000232
0.0003648144053929964,0.000134
7.080574502081027e-05,0.0001
0.00017896524300194203,0.000166
0.0001497147124354917,0.00015
0.00019496523450410777,0.000184
0.0002936456028014762,0.00025
0.00018655544809192764,0.000266
0.0002417949589923525,0.00025
0.00042988927677303947,0.00025
0.0004365606801754827,0.000284
0.00026214835866849976,0.000284
0.00025415540429907463,0.000266
0.0001952998875085521,0.0002
0.00012197195469854822,0.0002
0.0003866543649967657,0.000266
0.00023218010026691507,0.000234
0.00017413841532308783,0.000134
0.00020728548279173062,0.000166
0.00016943387494473193,8.4e-05
0.00015314980215400538,3.2e-05
-0.00014709729554370646,-3.2e-05
-2.945273102760968e-05,-6.8e-05
-0.00015871776461610682,-0.000132
-5.14728573001535e-05,-0.0002
-0.0001806786703048206,-0.000184
-0.00014727989809661183,-0.0002
-0.0002340810413384771,-0.000234
-0.00020495526354229312,-0.000282
-0.00022593217066091658,-0.000368
-0.00027256611712581514,-0.000432
-0.0006188791170538527,-0.0005
-0.0003974955925414519,-0.000568
-0.0006814425228617908,-0.000616
-0.0005307248845557318,-0.00065
-0.0005848976458587695,-0.000666
-0.0004582826766908614,-0.000884
-0.0009845517942751818,-0.000916
-0.0007820170425488454,-0.00105
-0.0008824182298493228,-0.001168
-0.0010073045694058967,-0.001282
-0.0011073738453043116,-0.001268
-0.001194307177173264,-0.001282
-0.0012511835529002541,-0.00125
-0.0012708300728082465,-0.001318
-0.001280121067424945,-0.001266
-0.001279627026730932,-0.001166
-0.001251355465176245,-0.001184
-0.001235029558294493,-0.001066
-0.001172264694020863,-0.00105
-0.0011179666868536052,-0.001034
-0.0010849667882063606,-0.001116
-0.0010720414939138852,-0.001218
-0.001106295429103982,-0.001066
-0.000867886553798495,-0.00085
-0.001065831981479679,-0.000834
-0.000606828019169875,-0.001016
-0.0009440103194636578,-0.001184
-0.0009745245512144511,-0.001332
-0.0010961126050390041,-0.001234
-0.0008422343862204818,-0.001034
-0.0011986690468394896,-0.000816
-0.001108908353687984,-0.000684
-0.000529700116977556,-0.000516
-0.0007671966106787766,-0.0003
-0.0003395977233801381,-0.000166
-0.00042142481095047663,-8.4e-05
-0.000469587624804218,-5e-05
0.0003814404289786809,0.000134
-4.422177264583202e-05,0.000132
7.874990281258497e-05,0.00015
0.0001365554450620225,0.0001
0.00012854726395130953,0.000184
0.00014416124178282165,0.0002
0.0004400962032704701,0.000266
0.00018603283753424162,0.000284
0.00023244826448265296,0.000216
0.0001273041938179861,0.000168
0.0002534531398903259,0.000216
-1.1231242783706135e-05,0.00025
-1.3706061613177814e-05,0.00025
0.0002201652349266495,0.0003
0.00026138305712871996,0.000366
-2.9158664586488012e-05,0.0004
0.0003520700174102259,0.000434
-5.418930202877912e-05,0.000466
0.0004155725107909585,0.000418
0.0004288961066554118,0.000332
0.0004318203115904566,0.0003
-0.00014584799270280925,0.0002
0.00031056576679237537,0.000234
-0.0007980485131690104,0.000266
0.0002490780947536594,0.000318
0.0002534211479546149,0.000332
0.000286519665392584,0.000368
0.00032009052739060697,0.000466
0.0003695658587300999,0.00045
0.00040261628964571183,0.000284
0.00039019923715311386,0.000182
0.00034256689377467925,0.000184
-1.638450012693305e-06,0.0002
7.592934129565202e-05,0.000216
0.00019515539125638265,0.000268
-0.0003207984572270173,0.000366
0.0003855308208378003,0.00045
0.00040803669396405736,0.00045
0.0003661971986290182,0.000366
0.00025321028125628787,0.000418
0.00042014700256998605,0.000416
0.00041175316281626606,0.000434
0.0004078653339532946,0.000382
0.00041202748084454515,0.000418
0.00041202748084454515,0.000532
0.0004401218441560585,0.000668
0.0004972302107263487,0.000582
0.00021987906291972534,0.00055
0.0005817036349269869,0.000618
0.000603411524246218,0.000682
0.0006533774446220488,0.0008
0.0006602159477034956,0.000918
0.0007516537125625447,0.000982
0.0008426537677808427,0.001
0.0009655065089776459,0.00105
0.0012060290611009715,0.0011
0.0010318579414323424,0.0011
0.0010614707974359143,0.000984
0.0003289280136362799,0.00095
0.0010318235431981378,0.001
0.0010071147235246782,0.0009
0.0009575489193065746,0.000866
0.000916347014177327,0.00085
0.0009653038276389491,0.0008
0.0008531052294317536,0.000718
0.0006700290696458053,0.000716
0.0007695900248493104,0.000816
0.0007613618252164912,0.000868
0.0007778836284641381,0.000766
0.0007900962639273224,0.000616
0.0006827225308850457,0.000584
0.0007056506502256686,0.0006
0.0006396949947019074,0.000516
0.0005780540690624057,0.000484
0.000544815946864287,0.000284
7.387531405338292e-05,0.000166
0.0003993924019294136,5e-05
0.00024202263033261894,-0.000116
9.233643116592824e-05,-0.000234
-3.729696332968283e-05,-0.00035
-0.00016616949906203625,-0.00045
-0.00029060203439121253,-0.000434
-0.0003691247810357798,-0.000282
-0.00022173446183373083,-0.0002
-0.00023768741217272096,-0.000218
-0.00028578377668527226,-0.000382
0.0005341590819960551,-0.000468
-0.00031978698346183114,-0.000516
-0.00045917864812835115,-0.0005
-0.000284213055481646,-0.0004
-0.0004721042580009569,-0.000434
-0.00046367645393571134,-0.0004
6.919332039605638e-05,-0.000282
-0.0002631079439350807,-0.000318
-0.00036001496886140037,-0.000416
-0.0006903810933679564,-0.000484
-0.00037697889987162305,-0.000582
-9.627950605359797e-05,-0.000668
-0.0005398735130861404,-0.000716
-0.0008258435487269169,-0.0008
-0.000693457605163396,-0.000984
-0.0007949882537502821,-0.0012
-0.0009296127649682153,-0.001316
-0.001079922239823224,-0.00115
-0.0011654600763559091,-0.00105
-0.0011813753345930845,-0.001116
-0.001160431780349484,-0.001218
-0.001135003595768964,-0.001282
-0.0011687223859530736,-0.001434
-0.001393848493573467,-0.0013
-0.0011220680451222533,-0.00105
-0.0012699247523093964,-0.000984
-0.0011433872975109977,-0.00095
-0.0009631621675173765,-0.000916
-0.0010860885966746093,-0.0009
-0.0008980232728183952,-0.001016
-0.0009466053348752643,-0.001134
-0.0007090330624952511,-0.001216
-0.0006304878899376731,-0.00125
-0.001156235826936773,-0.001284
-0.0012223818167266325,-0.001284
-0.0012592009450060207,-0.0012
-0.001255354338797572,-0.00105
-0.000998108406618359,-0.000816
-0.001091907894277677,-0.000634
-2.158888837900098e-05,-0.000366
-0.0001671452136537057,-0.000116
-0.0003074115480989189,8.2e-05
-0.0002651628045061314,0.000268
0.000552134762904078,0.000382
0.0001493104049791587,0.000234
0.00022865877827779192,0.000234
0.00027799190132106027,0.000316
0.0002899604552772016,0.000334
0.0002783596113441554,0.000382
0.0003151750907282868,0.000334
0.0002070054448735895,0.000334
0.00022788189889198107,0.000366
0.0003214275812314908,0.0004
0.0007840840679695976,0.0004
0.00037431758819981745,0.000434
0.0003994016326482254,0.000416
0.00041214834803445703,0.000266
0.00037735425800380446,0.000284
0.0005800041570301908,0.00035
0.0003275319463110266,0.000284
0.000336555447319764,0.0003
0.0003038267897945278,0.000482
0.0003275590073072014,0.000434
0.00037289408512698464,0.000266
0.00014370988330143403,5e-05
0.0003038049161467451,6.8e-05
0.0002005996613220835,0.000182
0.00013931953252844712,0.000334
0.00015569108018654624,0.000316
0.00022232147561456497,0.000368
0.0002982476881181485,0.000332
0.0003190276535116952,0.000384
0.0005449460053254944,0.0004
0.0003703730338084213,0.000434
0.0002891806962227016,0.00045
0.0004163470627733082,0.000432
0.00032355729346470136,0.0004
0.00042854727226886125,0.000518
0.0012307441923770375,0.00065
0.0004976003073241794,0.000682
0.00047437794895955113,0.000684
0.0006318122369692378,0.000684
0.0005025498660880902,0.0008
0.0006067831429110215,0.0008
0.0007405609920868271,0.000816
0.00030817155896244186,0.000884
0.0008241384448499756,0.000882
0.0006912822868922805,0.0007
0.0005497147366747328,0.00055
-0.0001987517668543211,0.000418
0.0006332135310903995,0.000482
0.0005349012081200147,0.000618
0.0005151472331776487,0.00065
0.0005396335294117177,0.000532
0.0004163470627733082,0.00045
0.0005605658016656593,0.00055
0.0005437353216030449,0.000718
0.0005600851336796683,0.0008
0.000626094358930551,0.000866
0.0007726106789616837,0.000834
0.0008031322479505069,0.00085
0.0008368920635515579,0.00085
0.0004132651072206206,0.0008
0.000832991098665662,0.0009
0.0008491218192368121,0.000932
0.0008692564627113743,0.000918
0.0008283852855587003,0.000966
0.0009283980726137884,0.000784
0.0005532132185519242,0.000632
0.0007138895795829187,0.000468
0.0007079337935734883,0.000282
0.0005368652210610501,0.000168
8.244826525481663e-05,0.000116
0.0002038205510271437,0.000216
0.0001492228314929954,0.000284
0.00019446420173783226,0.000316
0.00023110004699465915,0.000318
0.0002824761174590587,0.000282
0.0002995745842235877,0.000134
2.916999618445373e-05,0.0
0.00018036524521694526,-0.000134
6.666725431198475e-05,-0.000332
-8.726954540482704e-05,-0.000418
-0.0002250659820982257,-0.000382
-0.00034570009636010127,-0.000318
-0.0003335989001304356,-0.0003
-0.0005543630197420543,-0.0005
-0.00037694312097434824,-0.000632
-0.00044089389593019785,-0.00085
-0.0008098852138019532,-0.000984
-0.0007461538853792237,-0.000916
-0.0005861801240608665,-0.000718
-0.00016292018742148924,-0.00055
-0.0007962278525021721,-0.000382
-0.0006464113927057531,-0.000284
-0.000672337957207078,-0.000384
-0.0008671452560723775,-0.000616
0.0006886986323653654,-0.00075
-0.0005130686496346235,-0.000934
-0.0010391419497480815,-0.001132
-0.0008628191258559105,-0.001284
-0.001029996989836688,-0.001416
-0.0011959497717515702,-0.001568
-0.0013539938789155805,-0.00155
-0.00145734258463323,-0.001566
-0.0011904351667643247,-0.00135
-0.0008976317167717029,-0.001016
-0.0013759964411814963,-0.000818
-0.0009985778320622072,-0.000816
-0.001005400437794589,-0.000884
-0.0008855151754582005,-0.000866
-0.000846738188050318,-0.000866
-0.0008586303518911643,-0.000868
-0.0008711943069344253,-0.00085
-0.0005512492694912371,-0.000866
-0.0006040839710417256,-0.00095
-0.0008844690273261956,-0.00095
-0.0009051504922715668,-0.00095
-0.0009299034142682384,-0.00095
-0.0009500519432685346,-0.00095
-0.0009500519432685346,-0.000916
-0.0009418687138042858,-0.000868
-0.0007349194694249931,-0.000766
-0.0006211942917848997,-0.000616
-0.0007943493617764529,-0.000518
-0.0006953386994251903,-0.000366
-0.00013355615648879412,-0.00015
-0.0004168591159675817,-3.4e-05
-0.00027165198010707404,1.8e-05
-0.00013666094229153444,3.2e-05
-3.5276500992836794e-05,6.8e-05
2.009051537485056e-05,0.000266
9.352412191732035e-05,0.000334
0.00017182758968071183,0.000416
0.0002678090378085663,0.0004
0.00035252672103007075,0.0002
0.0001743858991784108,0.000234
0.0003580474403823412,0.000432
0.00031399856855494424,0.000334
0.0004650874671605645,0.00025
0.00031054645723315155,0.00025
0.00029869727146130304,0.00035
0.0004726796150407274,0.000466
0.0003267923053805933,0.000418
0.00019401165983095594,0.000266
0.00018283137573095413,0.000134
8.285477191018278e-05,0.000166
-0.00024523050706637753,0.000334
0.00022302640273066325,0.000482
0.00027553649066960315,0.000668
0.00040791026467434867,0.00055
0.0005055056684836831,0.00045
0.0005354276746724181,0.000466
0.0005313559020409873,0.000534
0.0004989386037618263,0.000716
0.0007687153945181335,0.000766
0.0006174214674465971,0.0009
0.0008828313787021099,0.00095
0.0008306354507829017,0.000984
0.0010509127485959883,0.001066
0.0009735003903637039,0.001168
0.0010399144654742686,0.001116
0.0010818173529679855,0.0009
0.001060007215686531,0.000866
0.0010092427592384465,0.000884
0.0009389836558200847,0.000784
0.0010778390709501615,0.000832
0.000840554134278803,0.000884
0.00084496681234601,0.000834
0.000611621854154158,0.0009
0.0008617532295329286,0.0009
0.0008788267457434043,0.0008
0.000629044717568896,0.000716
0.000252637325805937,0.0007
0.0007770276173606499,0.000766
0.0007445121342134437,0.000834
0.0007527043577114066,0.0008
0.000773770830415766,0.0008
0.0007994016174399502,0.000716
0.0007864189664587895,0.000718
0.000757469538784179,0.000766
0.001112501919094118,0.00075
0.0007369698479938711,0.000716
0.0007369698479938711,0.0007
0.0009156215743527581,0.000684
0.0007118920362530369,0.000666
0.0004951554291595716,0.000518
8.578191075425163e-05,0.00035
9.968016324319578e-05,6.6e-05
0.0003944728232778831,-0.0002
0.00017670369716929105,-0.000466
-7.002499462559794e-05,-0.000684
-0.00032798271778874385,-0.000816
-0.0005472885021706459,-0.000918
-0.0007251905284824456,-0.001032
-0.0008656815165329291,-0.001118
-0.0008658041194135578,-0.00105
-0.0010312840833981908,-0.00085
-0.0010149590443617974,-0.000816
-0.0009616828856565099,-0.001
-0.0010510337980087975,-0.001134
-0.0013571394238645273,-0.001166
-0.0010324181994915218,-0.00125
-0.0013464355770043943,-0.001266
-0.0012053762291392078,-0.001118
-0.0012015058755259526,-0.0008
-0.001113140519920649,-0.0009
-0.001025520170107994,-0.001032
-0.0009655201033560816,-0.001118
-0.0009655200244610492,-0.0011
-0.001238848314556441,-0.0011
-0.0010883168290797534,-0.001116
-0.0011087178221843043,-0.001134
-0.0011128516063113427,-0.001016
-0.001064039959709667,-0.000934
-0.001163246834006955,-0.001082
-0.0010433564434934486,-0.001018
-0.00104744628308734,-0.001
-0.0010098081454747434,-0.001
-0.0010258377226141267,-0.001
-0.0010047000865903803,-0.001
-0.00023171503848269073,-0.000982
-0.0009253622161929594,-0.00095
-0.0009835090386295779,-0.000884
-0.0009550973594970296,-0.000766
-0.00046448378680409797,-0.000584
-0.0007994474009916785,-0.000234
-0.0006230898632851723,5e-05
-0.00039130959082695437,0.000234
-0.0001411605429608859,0.000316
8.626355013533118e-05,0.00035
0.0004336200650736613,0.000284
0.0002949391657556505,0.0003
-0.0004180590305180841,0.0003
0.0004357117696249267,0.0003
0.00029582056133587115,0.000384
0.00032009662203187373,0.000366
0.0002118751224170135,0.000316
0.00041126937847648824,0.0003
0.00034064136188578456,0.00035
0.0003323470679394218,0.00045
0.00035255370313121295,0.0003
0.0003484807076267773,0.0003
0.0003484807076267773,0.000334
0.0003444710056622286,0.000416
0.00033632355509525456,0.000484
0.0003817207035819197,0.000484
0.0004279684588623414,0.000266
0.00041029206626040903,0.000266
0.0003722967708353248,0.000318
0.0005026779916209994,0.000266
0.0002784392756033026,0.000266
0.0001782200695573491,0.000284
0.0002829710259984302,0.000284
0.00027477089327345117,0.00025
0.0002981125409273397,0.0003
0.00024153060146193654,0.000316
0.00036621388492840876,0.00035
0.0005447958680784955,0.000366
0.0003323471073869381,0.000434
0.00027391537526391663,0.0005
0.0005609700992601132,0.000516
0.00045252674681363917,0.000568
0.0005033126232630693,0.000616
0.0005488668517596004,0.000634
0.001014786239807616,0.000766
0.0006441802167515713,0.000884
0.0009578900614274486,0.000966
0.0008093951723217696,0.001034
0.0009100230250508479,0.00105
0.0011158580348850195,0.001066
0.000981874230226665,0.001066
0.0010536670530783732,0.001168
0.0010863351192185882,0.001066
0.0010904035782586506,0.000966
0.0010647282944360914,0.000968
0.001039935767133065,0.000982
0.0009944778694713134,0.000918
0.0006604835991015217,0.000966
0.0012962609153870422,0.000966
0.001263700935441461,0.000984
0.0007223081529293523,0.000966
0.0008845351169306652,0.000868
0.0009448674106647699,0.00085
0.000915543704955602,0.00095
0.000919109918218263,0.00095
0.0009033596294942115,0.000816
0.0008900182427999115,0.0006
9.94016144687946e-05,0.000316
0.0006645548983627568,-5e-05
0.0004124562358990987,-0.000432
9.888147924275575e-05,-0.00075
-0.00023893164600777495,-0.000984
-0.0005626982010390514,-0.001
-0.0007972017327843341,-0.001
-0.0011761796233275255,-0.0011
-0.0011044351631307886,-0.000984
-0.0005803836271222141,-0.001032
-0.0012005634743617898,-0.0011
-0.0010552168126361653,-0.001184
-0.0016638238236792607,-0.00115
-0.0011179195076241226,-0.0009
-0.0010862298976779593,-0.000934
-0.0010451284259251855,-0.0011
-0.0014749289185554727,-0.001182
-0.0010318845534911538,-0.00105
-0.0010687285337058045,-0.001218
-0.0011391419558078918,-0.00125
-0.0011768869172946012,-0.001316
-0.0012109328062837857,-0.001166
-0.0010396236039219799,-0.0011
-0.0012100324561719878,-0.001118
-0.001177105929905042,-0.001332
-0.0011812710353600142,-0.001318
-0.0012196859734633892,-0.0014
-0.001657046740380677,-0.0015
-0.001389285362679131,-0.001366
-0.0013976556522656259,-0.0013
-0.0013932916524335205,-0.0012
-0.0013442015852618717,-0.001084
-0.0008814625743196866,-0.001016
-0.0011526971480404825,-0.001066
-0.000743718553513558,-0.0009
-0.0010182791840178426,-0.000634
-0.0009081440064927327,-0.0002
3.2133439610179536e-05,0.0001
0.00045693745250503163,0.0003
-0.0001172216007390957,0.000434
-0.0007812140489072508,0.000466
0.0003534820215320603,0.0004
0.0004953853687320247,0.000434
0.0004329189249191268,0.000466
0.0004408213275149088,0.00055
0.0004611191653643619,0.000516
0.0004903913526172553,0.000568
0.0005240353897579959,0.00055
0.0005455306175169088,0.00055
0.0005455306175169088,0.0005
0.0005413696146036307,0.00055
0.0005369606446029551,0.00045
0.0005114707246594416,0.000166
0.0004128079499543384,0.000334
0.00037145787995390646,0.0004
0.00036657530307265574,0.000416
0.00032654469332084237,0.000416
0.0003906594713256667,0.000334
0.0003906594713256667,0.00045
0.00040293916756654365,0.000516
0.0003822424364323683,0.00045
0.00043587382002184506,0.000468
0.0004703285430698567,0.000366
-0.0006393082362375182,0.00035
0.0005240824900924458,0.000484
0.00041552276747291707,0.000582
0.0004431617092088649,0.000634
0.000549680180650463,0.00055
0.0006334438256904992,0.000616
0.0010610526537632428,0.00075
0.0006357117817445473,0.00085
0.000437725604779036,0.0009
0.000776309120298948,0.000984
0.0008688993837939193,0.001034
0.0009617155237671658,0.00105
0.0009905503169594383,0.001032
0.0010243858717917656,0.001034
0.0013813554407316629,0.001034
0.0010373125861948276,0.001
0.0010246378625258248,0.000932
0.0009989662078747643,0.001018
0.0009950351839814555,0.001016
0.0009449818084620103,0.000916
0.0009693371783895135,0.000884
0.0008046130288169926,0.000884
0.0009236565600507899,0.000832
0.0008782514431658342,0.000834
0.0008983203670782577,0.000816
0.0008408653751823293,0.000784
0.0008160008956095903,0.000884
0.0008286008267877076,0.000882
0.0008404320047683698,0.000868
0.0008534778506706269,0.000816
0.0007323470724549049,0.000684
0.00030788203391663306,0.00045
0.000141652527674978,0.000132
0.0005140582844904694,-0.000282
-0.00046845323257827296,-0.000534
-6.786774802601711e-05,-0.000734
-0.0003625174009522749,-0.000916
-0.0010805436170998205,-0.000984
-0.0007963335718458287,-0.001082
-0.0008032864332769994,-0.00115
-0.001079694075389004,-0.001134
-0.0010891083040465916,-0.001134
-0.001125638597611706,-0.001066
-0.001046173311736669,-0.000984
-0.001081031582876325,-0.001
-0.0010474732651884822,-0.001066
-0.0010299295345838325,-0.0011
-0.0010386764690558622,-0.00115
-0.0010803529278060758,-0.0012
-0.0011302588485096298,-0.001284
-0.0015938040088947128,-0.001316
-0.0012571616662039045,-0.001266
-0.0012675517475194684,-0.00125
-0.0012796101431939598,-0.00135
-0.001238672299738756,-0.00135
-0.0013051502798257103,-0.001384
-0.0013347449110767563,-0.001316
-0.0013505983945034218,-0.001318
-0.0013426899564376474,-0.001332
-0.00133818489228729,-0.00135
-0.0013293412325053177,-0.00125
-0.0013134393075286482,-0.001168
-0.0012767950895364887,-0.001116
-0.001223194593352267,-0.000966
-0.0008256823661753569,-0.0008
-0.0003655919009243837,-0.0005
-0.0008511698798203766,-0.000184
-0.0006199013994385022,0.000116
-0.0003504947052800258,0.000384
0.00032558314038752095,0.000466
0.00018918977295351704,0.0005
0.00036276423907638414,0.000518
0.0004657237161508023,0.000516
0.0006460070706784671,0.0005
0.0005082822608127715,0.00055
0.0005205472825775887,0.00055
0.0005284582058368893,0.000434
0.0005073183213047146,0.000382
0.0004771806949919397,0.0004
0.000439878374085518,0.000468
0.0004201815980417722,0.000416
0.0005366668000541125,0.00055
0.00034814739583788687,0.000566
0.0004984839711365867,0.000468
0.0004984839316890704,0.0003
0.00046838374106925447,0.0003
0.0004056753656389514,0.000382
0.00036077584757028173,0.000468
0.0003607758081227654,0.0004
0.0003860153546803877,0.000266
0.00037719666517622676,0.000234
0.00033962497690482034,0.00035
0.00034692239266702416,0.000482
0.0005869416339300085,0.000584
0.0004092191727123597,0.000634
0.0005098056844443664,0.000766
0.0006139646026990915,0.0009
0.0003995738210568303,0.000984
0.000941647231015003,0.00105
0.0011901321065113546,0.00115
0.0010187305180663982,0.001132
0.00107734905390281,0.001184
0.001015215586574914,0.001234
0.001203473019835459,0.00125
0.001198853400097796,0.001266
0.001232736134159606,0.001266
0.001253666986302961,0.001284
0.0012661972531673108,0.0013
0.001206151506191535,0.0012
0.0012615554639254928,0.00115
0.001231977321736256,0.001116
0.001189778341185268,0.001018
0.0011193490611816322,0.000932
0.000798759175189655,0.000884
0.000985308294309755,0.00085
0.0009194338612220347,0.000784
0.000861163015794201,0.000682
0.0007980891985729894,0.000384
-0.00011048183479092233,1.6e-05
0.00045909219418732803,-0.000282
0.00019095407298145634,-0.000534
-0.00011249174491716084,-0.00075
-0.00039458763998311843,-0.001
-0.0011346241106622564,-0.001116
-0.0008555876860647012,-0.001118
-0.0008993016879263142,-0.001182
-0.0011056286082886193,-0.001168
-0.0011467315001519795,-0.001082
-0.001138490992894078,-0.000868
-0.0010781122299857839,-0.000866
-0.0005959163233464112,-0.001016
-0.0009603299936378359,-0.001234
-0.000999726464841533,-0.001216
-0.0010867622024627733,-0.001268
-0.0011859427258191799,-0.00115
-0.0012180663373395635,-0.001082
-0.00118073383908318,-0.001084
-0.001147874373593927,-0.001134
-0.0011132467915295336,-0.001166
-0.0011173784454906921,-0.001134
-0.0011302292628724124,-0.00105
-0.0013104498169541439,-0.00105
-0.0011012721823796417,-0.0012
-0.0011100625091195902,-0.00125
-0.0011397141025841588,-0.001166
-0.001168325622834231,-0.0011
-0.001180352933865886,-0.001066
-0.0011472422665928996,-0.00095
-0.001072442517364487,-0.00085
-0.0009939510328765794,-0.000718
-0.0008991761659294802,-0.0007
-0.0008070304759430946,-0.0007
-0.0007435576076470958,-0.000782
-0.0007711208495992835,-0.000784
-0.0013540503677589074,-0.0008
-0.0007674689563312412,-0.000816
-0.0007958446593289332,-0.000718
-0.0004338028104019477,-0.000466
-0.0007034747496599566,-0.00025
-9.58445873246241e-05,-0.0001
-0.00038927405953888565,1.6e-05
-0.00020446887566644018,0.000168
-4.53032756143116e-05,0.000316
9.611188884780873e-05,0.000434
0.0002296066034754445,0.0005
0.00035136917311206356,0.0006
0.0004599409863953352,0.00055
0.0004439531447281867,0.0006
0.0005531051323572902,0.00045
0.0007560834319567889,0.000466
0.0002904172969633535,0.00045
0.0004899374694948253,0.0004
0.000302445495564125,0.000484
0.00044922285953430527,0.0005
0.000457549007350072,0.00035
0.00043197735215280616,0.000366
0.0004233260779077791,0.000416
0.0004065503115502586,0.000518
0.00041087269425267825,0.000482
0.0004440437951206206,0.000468
-0.00044841831242489115,0.000416
0.00047009051675656424,0.000384
0.0004081448590537239,0.000416
0.00042025142014560506,0.0005
0.000511696088320005,0.0005
0.00044872783265238487,0.000484
0.000314639985169816,0.00035
0.0003118920514613121,0.0003
-2.156503742446427e-05,0.000232
0.00033921032433734035,0.000234
0.0002777768531860065,0.000334
0.00036543377084626217,0.0005
0.0003222936120041165,0.00065
0.0004255608980481438,0.000682
0.0005647207296614288,0.000734
0.0006393416238509837,0.00075
0.0009117740214039185,0.0009
0.0011271675589102658,0.000966
0.0009385108378898355,0.00105
0.0009137757461705269,0.001084
0.0009166735607171739,0.00105
0.0005749722318522669,0.001066
0.00106214842687074,0.0011
0.0010745313178142312,0.001084
0.0010745312389191985,0.001034
0.0010703898808690328,0.00105
0.0010663470627145588,0.001116
0.0010702137871563152,0.0011
0.0013443110671342601,0.001
0.0010653715256367126,0.00095
0.0007633850094319613,0.000966
0.001002553643901189,0.001
0.0009784582331060355,0.0011
0.0010025537227962215,0.001034
0.0010237708061177754,0.000884
0.0010025575097577855,0.0008
0.0010771720134497014,0.000732
0.0009833360762853314,0.00055
0.0007384503132802264,0.0003
0.0005907006272047776,-3.2e-05
-0.00025028527235623315,-0.000284
0.0001256305047349644,-0.000516
-0.0001405126569533426,-0.000718
-0.00039385620413607343,-0.0009
-0.0006101917877789368,-0.000966
-0.0007793383984027045,-0.001034
-0.0012892881968404935,-0.001032
-0.0009843692311697929,-0.001034
-0.001129341220385697,-0.001116
-0.0010548893193559276,-0.001268
-0.001114879997598963,-0.001332
-0.0015265707666608746,-0.00135
-0.0012687836934531982,-0.001384
-0.0013345470423350467,-0.00145
-0.0013801182332635823,-0.0014
-0.0013968947885714287,-0.001434
-0.0019397248018920392,-0.001466
-0.0005283556272798516,-0.0013
-0.0014015450195817326,-0.001234
-0.0013608586934903924,-0.0013
-0.0007517331842931844,-0.00135
-0.001396796011990639,-0.001366
-0.0012134135027931845,-0.00135
-0.0013421178096613806,-0.001384
-0.001362851739803417,-0.001232
-0.0013344772991262465,-0.001068
-0.0005708894383491071,-0.000916
-0.00017082040068011712,-0.000934
-0.0010406426121627773,-0.001016
-0.000985029503697451,-0.000984
-0.0009634853215708225,-0.000882
-0.000955260908899567,-0.0008
-0.0009226175369045493,-0.000618
-0.0008243256871951189,-0.000432
-0.0006873042659923864,-0.000218
-0.0005223603148590989,5e-05
0.00019054895685103942,0.000284
-8.570347900812292e-05,0.00035
0.00011097070315122753,0.000284
0.00029951134985497515,0.000316
0.00030782134391282124,0.000366
0.0003282137966300954,0.000268
0.00030757055632800895,0.000366
0.0007061218113602336,0.000384
0.0003577990590960226,0.000366
0.00034486741375342454,0.0004
0.0003867531810250716,0.000416
0.00025655562787524236,0.000434
0.0004033774294725231,0.0004
0.00041214834803445703,0.000334
-0.00017723730843121686,0.0004
0.0003910996661599443,0.00045
0.0003949769230885501,0.000516
0.0004233445393454027,0.000516
0.0005823470633651894,0.000518
0.0004992820732861614,0.000582
0.0005322963308293356,0.000518
0.000532803468098757,0.0005
0.000254761515386867,0.0005
0.0005241622529703838,0.000566
-0.00018579885930044283,0.00065
0.0008700447029818766,0.000734
0.0006103169697628085,0.000882
0.0008492981496346273,0.001
0.0008131616211771174,0.000968
0.0009895354901553674,0.001066
0.0009773571740313552,0.001066
0.0010239441385043527,0.001118
0.001053153525311313,0.001082
0.0012651743001748843,0.00105
0.00107837303253066,0.0011
0.0010868750768215627,0.001084
0.0013384009613486931,0.001016
0.0010616961216489615,0.000968
0.0010406821930363,0.000966
0.001007309515360117,0.0011
0.0013030056517222683,0.001116
0.001239985009753015,0.001118
0.0010734292331041275,0.001182
0.0009624462495589177,0.0012
0.0011530674568905788,0.001168
0.0011662424539611686,0.001116
0.001165722614591502,0.0011
0.00114500564688147,0.00105
0.0008474666803483256,0.000984
0.0010612232248236797,0.000916
0.0010107819224290408,0.000834
0.0009440117151414122,0.000716
0.000860023061468459,0.000616
0.0007676712187619432,0.0005
0.0006634431095636458,0.000318
0.0005338300108151658,1.6e-05
0.00035688356113796954,-0.000234
0.00014302903889403066,-0.000482
-0.0005792669073835669,-0.00075
-0.00036955941377026056,-0.00095
-0.0006107089447174957,-0.001068
-0.0014943453016534308,-0.001216
-0.001000226896033185,-0.001366
-0.0011538762343023838,-0.001434
-0.0012745032677350854,-0.001534
-0.0013903679603161875,-0.0015
-0.0014600972835907774,-0.00155
-0.0015056053584932495,-0.001616
-0.0015510468459882245,-0.001616
-0.0015717115062916563,-0.001634
-0.001604795822623761,-0.001516
-0.0015966536974714861,-0.001434
-0.0015520006869321112,-0.001434
-0.0015382259298238519,-0.0015
-0.0014719294872068633,-0.001516
-0.001193957198808741,-0.001434
-0.0014719294872068633,-0.001266
-0.0011715645006067194,-0.0012
-0.0009531444707555879,-0.001166
-0.0012428642295048053,-0.001134
-0.0013021732546663533,-0.001134
-0.001159178690547023,-0.001066
-0.0011304679992409981,-0.000934
-0.0010690252579233363,-0.000782
-0.0005930777984167478,-0.000668
-0.0008662369375622892,-0.000566
-0.000492376376069789,-0.0005
-0.0005844275103596279,-0.0005
-0.0005602048024294072,-0.000566
-0.0005338198972363113,-0.000618
-0.0004970972575817679,-0.0006
-0.0005721181101389848,-0.000482
-0.0005677963191493095,-0.000368
-0.00019171776188214228,-0.000216
-0.00042001827030964834,-1.6e-05
-0.00012946755949166586,0.0001
0.0001330872194298254,0.0001
-1.1201257740386373e-05,5e-05
0.00011593830915384089,3.2e-05
6.974990759261674e-05,0.0
-0.0009623211464700786,-6.6e-05
2.902708615069421e-06,-8.4e-05
-3.0674356504890074e-05,0.000118
-9.964080079808735e-06,0.00025
5.1082793084536435e-05,0.000432
0.0001743288580698558,0.000434
0.0003052027388864733,0.000466
0.00039338975227063094,0.00035
0.00041943544827115106,0.000268
0.0003161971955991131,0.000316
0.000582831360522679,0.0005
0.00035634877115962903,0.00055
0.00040554767402872137,0.000534
0.0002948496396174309,0.000466
0.0003954819696396081,0.0005
-4.422672824006593e-05,0.000616
0.0005276182498725311,0.000668
0.000560454283537108,0.0007
0.0006191143181606566,0.000816
0.0006981799218006456,0.000884
0.0007648384926171744,0.000882
0.0008186455359966894,0.000934
0.0007576595180226306,0.00095
0.0009117531142202849,0.00105
0.0009524900120275085,0.000984
0.0009783946437097763,0.001016
0.000999078081030962,0.00115
0.0010484550105410702,0.001266
0.001101213381147538,0.001318
0.001184618290474435,0.001232
0.0010193946564506528,0.001118
0.0012316797296733658,0.001132
0.0009651023297257409,0.00115
0.001156902702214336,0.001218
0.00115354705979363,0.001316
0.001202209436993665,0.00135
0.0012565354518974884,0.001134
0.001252397012963528,0.0012
0.0009777140162637126,0.00115
0.0012063856666482311,0.001232
0.0011780290562484234,0.00125
0.0012070569844804505,0.001168
0.001198957936015964,0.001
0.0011600535331304656,0.00085
0.0010631730366588508,0.000732
0.0009334456979031956,0.0006
0.0007918418954181776,0.000368
0.0006330620131803304,5e-05
0.0004310801578423115,-0.000268
-0.0006696752498575181,-0.000516
-0.0006796101068350981,-0.00065
-0.0003526097233134185,-0.000866
-0.0005803763293317005,-0.001034
-0.0007714248321598126,-0.0011
-0.000916812598197411,-0.001234
-0.0010617847452033804,-0.001382
-0.001190808734743589,-0.001484
-0.0013036135623811257,-0.00145
-0.0013898791266943246,-0.0013
-0.0014057460222765287,-0.001266
-0.0009290698882490354,-0.001318
-0.001335231693427772,-0.00125
-0.0012841686981764063,-0.001282
-0.0014719296449969283,-0.001434
-0.0013227249372831313,-0.001284
-0.001314271965702493,-0.001232
-0.0013098770390176163,-0.00105
-0.0012534033435369124,-0.000868
-0.0011125616670666126,-0.00075
-0.0009795343068882201,-0.0007
-0.0008453401680730084,-0.000682
-0.0007517994561205512,-0.000668
-0.0007007707802083576,-0.000566
-0.00040028528144594853,-0.00045
-0.00020917865270258357,-0.000316
-0.0006192249139816489,-0.000284
-0.00023380279828232715,-0.00025
-0.00025454682698853394,-0.000284
-0.00027546874426944947,-0.00025
-0.00023768741217272096,-0.00025
-0.00024257257286628873,-0.00035
-0.0003002852753861383,-0.000282
-0.00026728638265055896,-0.00025
-0.00020871776764601197,-0.0002
-0.00017520653056886102,-0.000184
-0.0002041794492394221,-0.0002
-8.253044900220129e-05,-0.0002
-0.00019617945348833924,-0.0002
-0.00017919426026683635,-0.000184
-0.00019633302266925534,-0.000182
-0.00034422740223445506,-0.0002
-0.00011303014434324185,-0.000168
-0.00021007777994137643,-0.000182
-9.171531993820108e-05,-0.00015
-0.00017545814655151536,-0.000168
-0.000162837387084797,-0.00015
-0.00017161006106120586,-0.00015
-7.969399506714309e-05,-0.000116
-0.00016776398739422714,-0.000116
-0.000529761773445517,-0.000118
0.00019086016816892852,-0.000132
-0.00018794983374493358,-0.000118
-0.0001467382245266788,-0.000116
-0.00015896330568125253,-0.000134
-0.0001839127749278379,-0.00015
-0.0001298445791286054,-0.000116
-3.888080576341502e-05,-0.000134
-5.9117963470935395e-05,-0.000132
-0.00013330305136239986,-0.000118
-7.546874201170795e-05,-0.000132
-6.310794167733922e-05,-0.000118
-0.00017219055098716807,-0.00015
-0.00012518116278598156,-0.00015
-0.00039547544578473617,-0.00015
-0.00016296196234124013,-0.00015
-0.00017161006106120586,-0.000116
-0.00010912686191576387,-0.00015
-8.455172987501034e-05,-0.00015
-7.935533813979535e-05,-0.000134
-0.0004380671263603888,-0.00015
-0.0001464694094269221,-0.000132
0.0003000419978441052,-0.000134
-0.00015871776461610682,-0.00015
-0.00015436305467408774,-0.00015
-0.00014171775885223712,-0.000134
-0.00014220505402096474,-0.000132
-0.000200285269326328,-0.00015
-6.348532620380444e-05,-8.4e-05
-0.00012979939199869543,-8.4e-05
-0.00010484457761365279,-6.6e-05
-2.9194261038999995e-05,-1.6e-05
-2.5206531341024685e-05,-3.4e-05
-7.152688977517766e-05,-1.6e-05
2.8644653192851264e-05,0.0
4.497451530447862e-05,5e-05
7.463780002668753e-05,6.6e-05
2.4156449773870353e-05,8.4e-05
0.00011621389936452034,0.0001
7.869916344475724e-05,0.0001
8.321390209848489e-05,0.000116
9.566698003533449e-05,0.000134
4.526178444544961e-05,0.0001
6.599115839935473e-05,0.000116
0.00010382054003639392,8.4e-05
-2.1945932779879274e-05,1.8e-05
7.438590298047963e-05,6.6e-05
1.8988137890211834e-05,0.000134
7.446952678407442e-05,6.6e-05
6.99742382213474e-05,-0.0001
-0.0004136982259347982,-0.0003
-5.415517992718846e-05,-0.000516
-0.00021790412772575168,-0.0007
-0.0004095915028039348,-0.000818
-0.0005883574297224805,-0.000866
-0.0007283463297856278,-0.000784
-0.0007935029758669395,-0.000816
-0.0008217277526673068,-0.000884
-0.0008384852942723014,-0.000966
-0.000864231978099345,-0.00095
-0.0009054732518498497,-0.00085
-0.0009136765206523738,-0.0008
-0.0008932127271018897,-0.000834
-0.000859885177384342,-0.000832
-0.0008294526808873011,-0.00155
-0.0008086900329534056,-0.0008
-0.0007880301063519286,-0.000818
-0.0011436942780827647,-0.0009
-0.0010246874330391168,-0.001
-0.0012401416408255176,-0.001016
-0.0009354878413593168,-0.001
-0.0009801436921198646,-0.0011
-0.0010300305202255342,-0.001184
-0.0010768233218385317,-0.0013
-0.0011487333827086533,-0.001332
-0.0012312971920932195,-0.001234
-0.0012639259685072101,-0.001216
-0.0016516225491007678,-0.0013
-0.001271674407446913,-0.001368
-0.001280986309247245,-0.001266
-0.0012888709999082128,-0.001216
-0.0012888709999082128,-0.001184
-0.0012602277638550435,-0.00115
-0.0012882587744553955,-0.000966
-0.0011314047199628152,-0.000868
-0.0010452305160973433,-0.000866
-0.0009653657057773234,-0.000716
-0.0008562159272091322,-0.000618
-0.0007696247630964775,-0.000766
-0.001093172423859862,-0.0009
-0.0007525211878785889,-0.000784
-0.0007694856711540397,-0.000616
-0.0007690040958751741,-0.00025
-0.0006435863193791444,0.000216
-0.00036801642417058595,0.000734
0.0009729806298890697,0.001166
0.0004532802732698065,0.001418
0.0008721818905194241,0.00155
0.0012092854535706926,0.001616
0.0014332298713931094,0.001584
0.0015401323249582721,0.001532
0.0015696991851578501,0.0016
0.0016623126437923998,0.001684
0.0015986445102907664,0.00175
0.001639451230201823,0.001834
0.0018491100455800278,0.001866
0.0017817294274253311,0.001784
0.0018073914568824169,0.0018
0.0018202136353673108,0.001832
0.0018197184901428416,0.001884
0.0018240515631221758,0.001884
0.0017148679385850078,0.001866
0.0018659710185727342,0.00185
0.0018706446025126818,0.001716
0.0018273541091859556,0.001718
0.001702549583778167,0.001682
0.0017399059083343892,0.00165
0.0016908060581787006,0.001584
0.0016572769316529122,0.001434
0.0015851338937515834,0.001082
0.0014320530730871528,0.000634
0.0011744282869614925,-3.4e-05
0.0007654028287852159,-0.0005
0.0002804451818066377,-0.000766
-0.00017967317283835237,-0.000816
-0.0005366868243777034,-0.000818
-0.0007282626221560609,-0.00095
-0.0008391921148691817,-0.0009
-0.000872409921596411,-0.000966
-0.0009099301900303338,-0.001016
-0.0009590278311251102,-0.00105
-0.0009844011836579875,-0.00115
-0.0010471702293683442,-0.001168
-0.0010975989874528029,-0.0012
-0.0011433908477874637,-0.001232
-0.0011882782554686324,-0.001218
-0.0012050956784033548,-0.001
-0.0007720107066717483,-0.000832
-0.001074606450318079,-0.0008
-0.0009666145352480251,-0.00085
-0.0008724070813752382,-0.000968
-0.0008640750558795443,-0.001166
-0.0009494941553881973,-0.001266
-0.001642930209991283,-0.00125
-0.0011654398792275689,-0.001268
-0.0012385393616088595,-0.001282
-0.0012667859923332515,-0.0013
-0.0012754581343143957,-0.001284
-0.001283786136163428,-0.001266
-0.0012833030618789436,-0.001218
-0.0012677640540521402,-0.001132
-0.0012264604532258975,-0.001184
-0.0012012133327451476,-0.001266
-0.0012012133327451476,-0.001318
-0.0012267828183290177,-0.001332
-0.0012764393518345876,-0.001368
-0.0013219094782263888,-0.001366
-0.0013465376671765522,-0.001384
-0.0013629724492032638,-0.001332
-0.0013629724492032638,-0.001118
-0.0013026467826518957,-0.000816
-0.0011680423896672705,-0.000416
-0.0009290338332191466,3.2e-05
-0.000590212409728491,0.000584
-0.00016692073756225873,0.001084
0.000306984247893394,0.001332
0.0007456449090912209,0.00155
0.001128583645850036,0.00165
0.0013986041039144653,0.001734
0.0015627742525682125,0.001734
0.0016651208335820365,0.001732
0.0017116035777169963,0.001818
0.0019831972027310615,0.00185
0.001793313900639117,0.0017
0.001577375987407971,0.0016
0.0008905288514507664,0.00155
0.001672158901648393,0.001616
0.0016151599230407744,0.001634
0.0015992229686696397,0.001732
0.0016313835819603032,0.001784
0.0016897812117054921,0.001834
0.0017441632420824472,0.001916
0.0018148173729289345,0.001916
0.0018611020905321197,0.001934
0.00189903640009702,0.001966
0.0019324908919219881,0.001818
0.000895673044260051,0.0016
0.0018259417303127165,0.0014
0.0016906728833637062,0.0012
0.0007945554111687187,0.00085
0.0012556318670893549,0.000216
0.0009053469164698578,-0.00035
0.00046425804368305565,-0.00075
-2.3448878219580208e-05,-0.000884
-0.0004526047984336925,-0.001016
-0.0007561831008157688,-0.001066
-0.0009320475445686528,-0.0009
-0.0009684045057471902,-0.000934
-0.0009806270030894469,-0.000966
-0.0009680384327960209,-0.0008
-0.0009015449892826813,-0.000718
-0.0008569910709042264,-0.00085
-0.00041255925779696347,-0.000916
-0.0008227937823475218,-0.00085
-0.0008352841283253862,-0.000834
-0.0008632846065481297,-0.0008
-0.0008510468035695525,-0.000882
-0.0008422343073254491,-0.000868
-0.0008467897065065925,-0.00075
-0.0008263217315193816,-0.00065
-0.0007094511272728902,-0.000616
-0.0007234336938969642,-0.000634
-0.00066378865479166,-0.000882
-0.0006981870467864099,-0.001068
-0.0008046384574503152,-0.001182
-0.0009466410743250229,-0.00125
-0.0010989559820131713,-0.001318
-0.0013256823964744083,-0.00135
-0.001276605346983135,-0.001366
-0.0013221041911667952,-0.001334
-0.001342446486367107,-0.00135
-0.001350285339014146,-0.001382
-0.00135844639897424,-0.001384
-0.0013630302003671121,-0.001334
-0.0013964693865557598,-0.0014
-0.0013756141158536158,-0.001466
-0.0013971709211854572,-0.001484
-0.001422468140011895,-0.00145
-0.0014507770978120246,-0.0014
-0.0014507770978120246,-0.00115
-0.0013742495473701198,-0.000966
-0.0012463476029832578,-0.000766
-0.0010762958296507048,-0.00035
-0.0008153709432072746,0.000232
-0.00047386700971388177,0.0008
-3.5676217744461556e-05,0.001034
0.00041570872306470705,0.001234
0.0008156954140434423,0.001466
0.001127403770637809,0.001634
0.0013363568699495897,0.0017
0.001504036900812736,0.001782
0.0016426196547102178,0.001834
0.001735602499887305,0.001784
0.001773807419413953,0.001832
0.0018073775713566829,0.001768
0.0018037775910200778,0.001716
0.001773971836661849,0.001684
0.0017486094505385003,0.001732
0.0017242480845885211,0.001768
0.0017242480845885211,0.001816
0.0017487992719868867,0.001834
0.0017865041547970456,0.001766
0.001795261818993506,0.001716
0.0017818578685383705,0.0017
0.0017527044183095093,0.001734
0.0017283899160088823,0.00175
0.0017245311599654164,0.001616
0.0016987157585649961,0.001518
0.0016521616933205844,0.001282
0.0008373026333011019,0.0008
0.0012961819414594301,8.4e-05
0.000907407970300966,-0.00045
-0.00042952946096227627,-0.0007
-0.0001368111978810822,-0.00085
-0.00048780425114173885,-0.000934
-0.0009716100898159298,-0.000966
-0.0008650529598083678,-0.00105
-0.0009517764308906585,-0.001084
-0.0010100080654873,-0.000982
-0.000892608627837428,-0.001
-0.0010300021180138057,-0.001034
-0.0010259645858265146,-0.001084
-0.0010259645858265146,-0.001082
-0.0010508726154572375,-0.00105
-0.0010630301821876814,-0.001
-0.0010548439547121945,-0.000968
-0.0010260925535693585,-0.00095
-0.0009929429910453104,-0.000816
-0.0009352404265371473,-0.000834
-0.0008936770243686202,-0.000966
-0.0008297617127299152,-0.0011
-0.0007105231529755812,-0.001134
-0.0010114441128703132,-0.0012
-0.0011021158858580474,-0.0013
-0.0011853918018066769,-0.001382
-0.0012563469172024555,-0.001418
-0.001327080574241783,-0.001232
-0.0013347938259969556,-0.001318
-0.0013392528154482868,-0.001416
-0.0013479158056056517,-0.001484
-0.0013648735039083007,-0.001332
-0.0013891657578097402,-0.001334
-0.0013930691684416463,-0.001334
-0.0013726186292566354,-0.00135
-0.0013376873802118433,-0.001366
-0.0013463330134620408,-0.0012
-0.0013141356350861954,-0.001066
-0.0012485303918496364,-0.001
-0.0011614730369894689,-0.000768
-0.0010123793345865112,-0.000282
-0.0007866260114571103,0.000232
-0.00046624133144487263,0.000684
-4.700478012725712e-05,0.00105
0.0015609445189726275,0.001334
0.0008147671350901113,0.001566
0.0011503344540669906,0.001684
0.0016702138235151769,0.001716
0.0018367217897743214,0.001766
0.0016811742370212584,0.001834
0.0017485949338525058,0.001784
0.0017739522706937691,0.0018
0.0017953774791112677,0.00185
0.001816347147610652,0.001882
0.0018280291350847063,0.001818
0.001571281819511396,0.001766
0.001827936354526393,0.001766
0.0018068158387247164,0.001834
0.0017952413062850355,0.001866
0.0018069202957478518,0.001834
0.0018240940086497034,0.001816
0.0018370503086899827,0.001884
0.0018493391567546388,0.0019
0.0018576414388230503,0.001916
0.001878054108392423,0.001734
0.0014621482144248836,0.001434
0.0017411964732773255,0.000932
0.0014947659455343129,0.00025
0.0010735635124495778,-0.000382
0.0005414752156047384,-0.000718
-0.0006359979584605453,-0.000882
-0.0004437506061648708,-0.000968
-0.0007430553618696943,-0.001
-0.0010157192768957338,-0.001066
-0.00098064270320093,-0.001116
-0.0010389260140439113,-0.001134
-0.0010802897328849796,-0.001016
-0.001084142019535774,-0.001084
-0.0010886168668886535,-0.0011
-0.0010845663170209869,-0.001166
-0.0010928234711307626,-0.001134
-0.001026387068725978,-0.001066
-0.001117427439305924,-0.000968
-0.001006448637197441,-0.000882
-0.0010148735221464811,-0.0009
-0.0009557905312532736,-0.00105
-0.0009516385223737095,-0.001234
-0.0010200089576071494,-0.001266
-0.0011161652765747164,-0.0013
-0.0012148977550411036,-0.001368
-0.0012932334218396665,-0.001366
-0.0013260846033504988,-0.001334
-0.0013426899564376474,-0.001366
-0.0013588550752430021,-0.001416
-0.0013712292877329094,-0.001384
-0.0013757378232647005,-0.001366
-0.0013835089839737864,-0.001418
-0.0013965468614777529,-0.0014
-0.001392479822548277,-0.0014
-0.0013630302003671121,-0.0014
-0.001404700031934589,-0.00145
-0.0014130392368782475,-0.001316
-0.0013926945748269585,-0.0012
-0.0013438486088861107,-0.000916
-0.0012253801435447857,-0.0005
-0.001084498703978066,0.0
-0.0006652143669254051,0.000432
0.0008285472570605861,0.000818
0.00017532024318737139,0.001132
0.0005849896130339252,0.0014
0.0018523925523055327,0.001568
0.001653871190886518,0.001682
0.0014403686095210376,0.001768
0.0016010841024881913,0.001816
0.0017061620295299193,0.001884
0.0017856755991648952,0.001816
0.0018199742678384643,0.001684
0.0017982016056974854,0.001666
0.0017602439432029416,0.001716
0.0017190615251467412,0.001718
0.0016954531333877013,0.00185
0.0017358079425521423,0.00185
0.001781850136825178,0.001916
0.0018317158999571488,0.001866
0.0018698269343950273,0.001884
0.0018783898856510816,0.001884
0.001887050193377339,0.001782
0.0018529519180865218,0.0014
0.0017325592029005814,0.001184
0.0013739435680009443,0.001016
0.0013383978055473901,0.000868
0.0011120907181843133,0.000666
0.0008219172341027309,0.000534
0.000766417024429026,0.000632
0.0006719865737466529,0.000634
0.00029515539731619293,0.000384
0.0001667136333926634,8.2e-05
0.00042737816622858115,-0.000316
-0.0007045467753626476,-0.000634
-0.00013058280981033133,-0.000866
-0.000442326156351647,-0.001
-0.0007104340015887663,-0.00105
-0.000891494393292307,-0.001
-0.0009806957995578563,-0.001066
-0.0010297344271682632,-0.001034
-0.001038107951451094,-0.0011
-0.001050921845957567,-0.0011
-0.0010756822629823337,-0.001134
-0.0010929002359974626,-0.001166
-0.0011256823843547878,-0.001166
-0.001142178625611879,-0.00115
-0.0011543330365410196,-0.001218
-0.0011756386400891274,-0.001166
-0.0008098549970044752,-0.0012
-0.0011841686132215636,-0.00135
-0.0012352316873679619,-0.00135
-0.0017099483843663094,-0.001284
-0.0012975290196785255,-0.001316
-0.0013256823964744083,-0.00135
-0.001206789712542903,-0.00135
-0.0013256823964744083,-0.001466
-0.0013719107830243316,-0.001534
-0.0015341421651474691,-0.001534
-0.0014728647089230613,-0.001532
-0.001517225018891566,-0.001484
-0.0015215325298803444,-0.0014
-0.001488848369153483,-0.001416
-0.0014593176428788265,-0.001384
-0.0014219460126862836,-0.001316
-0.0013799459265124287,-0.001268
-0.0013474323368460044,-0.001016
-0.0012494479410785364,-0.0006
-0.0010570346330818308,-0.0001
-0.0007569776526888775,0.000534
-0.0003098415151023691,0.00105
0.00020550373709971216,0.001332
0.0006904787804329741,0.00145
0.0008196287258926959,0.001534
0.0013385755560557917,0.001616
0.0013161800965276298,0.0014
0.0014979578807624164,0.001384
0.0014111020238154572,0.00145
0.0014602206509888999,0.0016
0.001456385721245273,0.001684
0.0015265570144923737,0.001716
0.001609946854868048,0.001634
0.0016573913294501525,0.00165
0.0014024926822802462,0.001716
0.001678070506439579,0.0017
0.0016741565238733074,0.001616
0.0016695122888854795,0.00155
0.0015741384508510363,0.001434
0.0015725886368310436,0.001434
0.0015065635931261288,0.00125
0.0008103886185720113,0.001066
0.0012922167560170145,0.000916
0.001161676009475464,0.000818
0.0010084553868133024,0.0007
0.0008716721497139277,0.000632
0.0007637971570821568,0.000518
0.0006643027103911163,0.000416
0.00013016106184272425,0.00045
0.0002813173269442884,0.0004
0.0004448750331838787,0.000334
0.00039895319328304323,0.000282
0.00029566697243119686,0.000334
0.00024529989053845725,0.0003
0.00035718020646046864,0.000266
0.000182500697063776,0.000234
0.00026231257867881413,0.00025
0.00022904473277717108,0.00025
0.00021644383513490462,0.000234
0.00025828224566324585,0.00025
0.00018308721259785148,0.000182
0.00011951217523466202,0.00015
0.00016619719637127672,0.000134
7.880574077189314e-05,0.000116
0.00015803669853828984,0.00015
-5.945103857472811e-05,0.000134
0.00011169609366640116,6.6e-05
6.61972026388153e-05,6.8e-05
-0.0012866389805415046,0.0
-5.542548857050998e-05,0.0
-5.189309674642558e-08,0.0
1.6268058442780567e-05,0.0
-3.38028009555252e-05,-1.6e-05
-9.109955060693203e-06,-5e-05
-2.9167032390880977e-05,-1.8e-05
2.0155413935556546e-05,-1.6e-05
3.689206499883849e-05,3.4e-05
-4.277167208514078e-05,6.6e-05
0.00020396522479313646,0.00015
0.00021147072620376884,0.00025
0.0002953854157836786,0.00035
0.00036621388492840876,0.000384
0.0003912822292653334,0.000416
0.00034845500756991454,0.000484
0.000608036706083678,0.00065
0.0011283853826331636,0.000666
0.0005513490472746183,0.000716
0.0006268375895849667,0.000868
0.0007228651518593639,0.00095
0.0007971687302278838,0.0009
0.0005776696135686455,0.000716
0.0008563344820102672,0.000584
0.0007838726292822845,0.000616
0.0006985368429280356,0.000734
0.0006609163778027368,0.000882
0.0010821042153064447,0.00105
0.0008164678753074286,0.001
0.0009134807576437119,0.000818
0.0006371626613936852,0.000616
0.00044103667150633465,0.000434
6.403142551383681e-05,0.000266
0.00022896522630808905,0.000216
0.00022822006272537517,0.000268
0.0003073774607357705,0.0003
0.00026175319317406695,0.0003
0.00020626081383234556,0.000366
0.0004581448226361128,0.000516
0.0003683119405297968,0.00065
0.0012174003599367276,0.000784
0.0005751502584932826,0.000866
0.0007006983301356176,0.000918
0.0011197895321485238,0.000966
0.0007564868222583681,0.000934
0.0009201021021479834,0.000832
0.0009112694087755397,0.000784
0.0008771675832082563,0.000816
0.0008401071939192398,0.000968
0.0008482564985194795,0.001016
0.0008935659157299163,0.001016
0.0009519648866906591,0.000918
0.0009938379518620608,0.0009
0.0009611630218540112,0.000882
0.0009277140526813238,0.000718
0.0008525198282900133,0.000582
0.0007521348144712149,0.000534
0.000569425713824343,0.000534
0.0005901312023071346,0.00065
0.0005738203643766054,0.000782
0.0006224636489787563,0.00095
0.0007251600505670379,0.000984
0.0008381662183277177,0.000866
0.0008935565272210393,0.0008
0.0008982149633147315,0.000784
0.0008565477352833298,0.000766
0.0008030622680566089,0.0007
0.000761555512521474,0.000568
0.0007023970190820878,0.000382
-1.1761259612575566e-05,0.000134
6.876016940890625e-05,0.0
0.00026555686076103414,-0.000116
-0.00021700882689603893,-0.00025
-0.00029196330900709824,-0.0003
-0.00016940977722135287,-0.0005
-0.00029491972283919365,-0.00075
-0.00045488127515125917,-0.00085
-0.0007760925778673492,-0.000734
-0.0007116822787942399,-0.000584
-0.0007318572376304504,-0.000532
-0.0006781082609949138,-0.000518
-0.0005941229603608454,-0.0005
-0.0004711732177214856,-0.0006
-0.00020854350824280187,-0.000716
-0.0009382845124741967,-0.000866
-0.0006738805128840734,-0.001018
-0.0008038999210503381,-0.001032
-0.000911187934639717,-0.00115
-0.0005879508441720819,-0.0011
-0.0010763217861164236,-0.001234
-0.0011308276816945283,-0.0012
-0.0011722587768934194,-0.001034
-0.0011439709629620211,-0.000782
-0.0009007771828256171,-0.000684
-0.0009300520525096183,-0.000616
-2.9876495971352604e-05,-0.00065
-0.0006845383639402125,-0.000684
-0.000659200908647159,-0.000784
-0.0006850582033098791,-0.00085
-0.00074397093872278,-0.00095
-0.000819403189427383,-0.000916
-0.0008765793662781753,-0.000916
-0.0009089002942750403,-0.000868
-0.0009132258722262794,-0.000832
-0.0007756140794947542,-0.000768
-0.0008473399993588348,-0.000716
-0.0007974501732419271,-0.000734
-0.0007635986027179861,-0.000732
-0.000737972470500724,-0.000718
-0.0007252066230690919,-0.000666
-0.00033250513884626893,-0.000766
-0.0007213937839345874,-0.0009
-0.0007646554805744218,-0.0008
-0.00025657784153598745,-0.00055
-0.0007571658962366123,-0.000418
-0.00012245037888518461,-0.0003
-0.00036357652731713907,-0.000266
-7.178620788538757e-05,-0.00025
-0.00031013109931945235,-0.000266
-0.000270955258074364,-0.000318
-0.0006411700012163305,-0.00035
-0.00029699442551093814,-0.000366
-0.0005345669148522909,-0.0004
-0.00039126868375256185,-0.000416
-0.0003836529068101414,-0.000418
-0.0005971193542507005,-0.0005
-0.0001988778213926251,-0.0005
-0.00045953048052613964,-0.0005
-0.00048038192481920347,-0.000532
-0.0009400954690520277,-0.000634
0.0002308633224494042,-0.000634
-0.0005764905122920598,-0.000566
-0.0005925963414804311,-0.000534
-0.0005930798102400785,-0.000516
-0.001154733586621426,-0.0005
-0.0005296100977453828,-0.000466
-0.0005046225419218196,-0.000384
-0.00032709534590980537,-0.000266
-0.0004062357420406798,-0.0001
-0.0004895846753419615,8.2e-05
-0.0001713550920396669,0.0003
-1.2222885777152377e-06,0.0005
0.0007408820159743934,0.0006
0.0003655772809105244,0.000668
0.0005135578532988173,0.000816
0.0006431503209962777,0.001016
0.0007710433502444583,0.001134
0.0009040502766094129,0.001284
0.001058257244968884,0.00135
0.0011927737488872157,0.00145
0.001301652601913529,0.001316
0.0013484549498254685,0.00105
0.0014078188859296917,0.000866
0.001164865420062525,0.000718
0.0009819661429396201,0.000532
0.00043714836927316776,0.000434
0.0005678591740574434,0.000534
0.000624637759391551,0.000616
0.0006873126044330078,0.0007
0.0005685572767532236,0.000766
0.000651834021099695,0.000834
0.0007270001194118909,0.0009
0.0007981474231070332,0.001
0.0008728588098989567,0.001116
0.0009598582558052106,0.001234
0.0010593980671399844,0.001284
0.0011557726097676665,0.00115
0.0006823647813598137,0.00095
0.0005561940306728448,0.000816
0.001045538103396539,0.000934
0.0014292990052898657,0.001066
0.0009393032595970645,0.001034
0.0009600795563715963,0.00105
0.0010197223075209558,0.00115
0.0010738891122490336,0.001232
0.001114512164524245,0.001268
0.0011729192616733435,0.00125
0.0012238797722773883,0.001232
0.0012451262834460943,0.001268
0.0010426904660906127,0.001266
0.0012536369272955483,0.001184
0.001161620861847691,0.001016
0.0011809585865981671,0.00085
0.0006954821061615879,0.0007
0.0009330127219643991,0.0005
9.47043570881337e-05,0.000266
0.00012436135979337345,6.8e-05
-6.691278282791606e-05,-8.4e-05
0.0001820700189428033,-0.00015
2.1031680105924603e-05,-0.000366
-0.00013686916600627003,-0.0005
-0.0002791310714055504,-0.0006
-0.0010584859072061317,-0.000668
-0.0005363192129733991,-0.000716
-0.0006230118755454674,-0.0008
-0.0006978065360442787,-0.000834
-0.000756134107000537,-0.00085
-0.0008012841562451631,-0.000782
-0.0003543045858508087,-0.000784
-0.0008132468522451354,-0.000816
-0.0008086900329534056,-0.00085
-0.0010118237557670859,-0.0008
-0.0008131079180927627,-0.000818
-0.0008214526456887019,-0.000882
-0.0008382781948117801,-0.00105
-0.0008899463938580636,-0.000934
-0.0009231096841177805,-0.000784
-0.0009148792754240491,-0.00055
-0.0008341347065957347,-0.000382
-0.0006677573905105418,-0.000318
7.694699845901657e-05,-0.000266
-0.0003816520104413751,-0.000334
-0.00032602813280410177,-0.000332
-0.00031318496824054166,-0.000318
-8.520684463991373e-05,-0.000282
-0.00021250577456901213,-0.000334
-0.0007866627765422923,-0.000316
-0.00028078621029403684,-0.00035
-0.00032112883017594416,-0.00035
-0.00033785161851908747,-0.0004
-0.00014786368189018424,-0.000368
-0.00010213448393514981,-0.000332
-0.00036312493215065375,-0.000368
-0.00036759891165817496,-0.000466
-0.00037239900378286376,-0.000516
-0.0005387767143432195,-0.000634
-0.0004983765799825617,-0.0008
-0.0006071880172035355,-0.0009
-0.0007161695126672345,-0.000934
-0.0007512725161979524,-0.000916
-0.0008887886092549587,-0.000966
-0.0009296100825371076,-0.000968
-0.0009465467947610903,-0.000966
-0.0009545468299596894,-0.001084
-0.000997260995073422,-0.001016
-0.0007961794109521683,-0.000766
-0.0009609386688141871,-0.000784
-0.0009159650288624089,-0.000566
-0.0007869534258423155,-0.000518
-0.000661423933980153,-0.0006
-0.0006194980485844393,-0.000732
-0.0006059703512707027,-0.00095
-0.0007040490266021031,-0.000918
-0.00080352990334754,-0.000932
-0.000885180502729998,-0.000968
-0.0009424694205823465,-0.001016
-0.0013681351823452046,-0.00105
-0.00035775115479656273,-0.001034
-0.0010177639994550982,-0.000982
-0.0006080360204612168,-0.0008
-0.0009689642660033421,-0.000584
0.0003449117724854924,-0.000384
-0.00015093317202772427,-0.000216
-1.3246803766653174e-05,-0.0001
-0.0003255217055899736,-5e-05
-5.189309674642558e-08,1.6e-05
0.0001623125824808829,6.8e-05
-1.8083256639482086e-05,3.2e-05
1.5438378556415853e-05,0.0002
0.00018193830368591174,0.0003
0.00014735065236988262,0.000534
0.000915858022765399,0.000766
0.0004445685259823072,0.000968
0.0006357973828548961,0.001182
0.000856548445338623,0.001268
0.0010411619537294165,0.00135
0.0011884708927053596,0.00145
0.0012946109046756734,0.001516
0.0013936532828300332,0.001484
0.00042282690903664826,0.001266
0.0014265952725233645,0.001266
0.001380085072917067,0.0014
0.0013516965100290644,0.001568
0.0013719216461059956,0.0014
0.0014058436698940302,0.001132
0.00030565727289292227,0.00085
0.0004489288177478813,0.00065
0.0010009628833592876,0.000718
0.0008329221444071874,0.000932
0.0007847684823772253,0.001168
0.000861977212530422,0.001266
0.0010157199625181951,0.0012
0.0011383750716583865,0.001134
0.001190791826773785,0.0012
0.0011988416447379416,0.00135
0.0012472569226959376,0.001366
0.0012600578784170678,0.001234
0.001285720381244349,0.0011
0.001259852514647263,0.001082
0.0006890367764750013,0.001118
0.0011320262305966448,0.001116
0.0011036368787583166,0.001166
0.001119756475129873,0.001268
0.001165470387172345,0.001282
0.001206276633713206,0.0013
0.0012527081749720218,0.00125
0.0012745419018682174,0.001068
0.0009486789874787533,0.000782
0.0006337759343301428,0.000434
0.000124818832639786,0.00015
0.0005998932791633655,-0.000116
-0.00017561410230716699,-0.0002
-0.0005858067927667,-0.000434
-0.0006643484939428445,-0.000666
-0.00035931982472934193,-0.000934
-0.0012734482044643991,-0.001134
-0.0013057762330141963,-0.001332
-0.0010226117836269813,-0.001434
-0.0012132537403522108,-0.001334
-0.0013111997931338451,-0.001332
-0.0013590893934897635,-0.001268
-0.0013434733841111623,-0.00105
-0.0012488825003800388,-0.0008
-0.0011176705937963342,-0.000666
-0.0009517384034849552,-0.000534
-0.0007672307722278836,-0.000416
-0.0006075614273927345,-0.000384
-0.0005027511123015164,-0.0005
-0.0004600080716058599,-0.0007
-0.0005030502033700255,-0.000782
-0.0008304614327738633,-0.00075
-0.00032252306319169,-0.00075
-0.0007462293090303697,-0.000818
-0.0007756974715441907,-0.001032
-0.0008403686764900405,-0.001234
-0.0009632132914984882,-0.0013
-0.0014438485360508885,-0.001184
-0.0011899493311536998,-0.000932
-0.0011659542748399874,-0.000718
-0.0010390931926179475,-0.000532
-0.00035100365713519653,-0.000368
-0.00029058272483198865,-0.000282
-0.0003110398911997362,-0.000218
0.00011288791161418508,-0.000282
-0.00028882305002533436,-0.0004
-0.000267897621915469,-0.00045
-0.0004261926350068404,-0.000484
-0.0004058978740636579,-0.000534
-0.0004682130366515845,-0.000682
-0.0005396979321911346,-0.000768
-0.000698554618743198,-0.0008
-0.0006198168634110933,-0.0008
-0.0007636981682491015,-0.000832
-0.0008005634501225488,-0.0009
-0.0008340136816157576,-0.000984
-0.000880750388860591,-0.001
-0.0009306787157533976,-0.00095
-0.0009594511029748997,-0.000766
-0.0006004886455120428,-0.000618
-0.0008372667604941103,-0.000432
-0.0006962230338453745,-0.000284
-0.0005082053625888386,-0.000216
0.00015291813675271458,-0.000218
-0.00025028527235623315,-0.00025
-0.0005621144566929953,-0.00035
-0.0002598529124046717,-0.000466
-0.0003234018749595936,-0.000534
-0.000604333003212063,-0.000616
-0.0004939166437908396,-0.0006
-0.0005554733095355464,-0.000616
-0.0005923405637848081,-0.0006
-0.0006082050530685186,-0.000534
-0.000588284530712377,-0.000416
-0.0005434522312114652,-0.00025
-0.00045329718123961063,-8.4e-05
0.0001623125824808829,0.000134
0.00037479344358882106,0.00035
3.189483082965431e-05,0.0005
0.0005499480687335868,0.000532
0.0004497147306149225,0.000468
0.00039179492863455163,0.000382
0.00019910998504067454,0.0003
0.00021231257564890895,0.000218
0.00017880573696982434,0.0002
0.0002617740609101842,0.000266
0.00021694247146456555,0.0002
0.0002786446590968653,0.000284
0.00037846738801846936,0.0003
0.00026155544277490627,0.000332
0.0002777894961149774,0.000368
0.0004118920575211223,0.00045
0.0005984839377488806,0.00065
0.0004469463433692223,0.000916
0.0005907600746118262,0.00115
0.0011311109693236895,0.00125
0.0009857609940066966,0.001284
0.0011464341203413551,0.001382
0.0012644438110682302,0.001518
0.0013559192088578198,0.0016
0.0014429820863702677,0.001666
0.0015388718979177812,0.001716
0.0014168096060523923,0.0017
0.0016693945774968707,0.001734
0.0017033775082500567,0.001716
0.0017161971620939082,0.001684
0.0017080367332940748,0.00145
0.001223660128506687,0.001134
0.00149022585198949,0.000882
0.0012799421879532552,0.000684
0.000549436513342341,0.0006
0.0008198994936445089,0.000584
0.0006845601539838886,0.000616
0.00029547673678388946,0.000734
0.0006320333008505256,0.000782
0.0006769762900821467,0.000818
0.0007356095398421345,0.000882
0.0008026599822854858,0.001068
0.0008847671472214817,0.00125
0.0010003119993405062,0.001366
0.0014665751724929873,0.00145
0.0012799474739204379,0.001434
0.0013730463736904496,0.001282
0.0010373125861948276,0.001034
0.0008360421273655784,0.000784
0.0004332138739984255,0.00055
0.00024489612548547323,0.00035
0.0006731546935990258,0.000116
-9.22343506337838e-05,-8.4e-05
-0.0003765794148741565,-0.0002
0.00014971702011519464,-0.0003
-0.00012083677823135132,-0.00045
-0.0005114805320763135,-0.000682
-0.00041250067823527317,-0.000868
-0.0010221436993986868,-0.001032
-0.0007633731207148738,-0.001184
-0.0009461347260059273,-0.001284
-0.001295844610732952,-0.00135
-0.001215471085242859,-0.001382
-0.001301878345034571,-0.001468
-0.001528707559723259,-0.001432
-0.0014091249387318456,-0.00145
-0.0014337971511101883,-0.001468
-0.0014548736434836854,-0.001482
-0.001458469363488531,-0.001534
-0.001484277506545954,-0.001416
-0.001476042916415496,-0.00125
-0.00142315247552449,-0.0012
-0.0013532972357779031,-0.001168
-0.001178423003578925,-0.001
-0.0004305645243422037,-0.000782
-0.0010416145200691249,-0.0005
-0.0003794527325131875,-0.000368
-0.0003555645395211041,-0.000216
-0.00030241528347572103,-0.000216
-0.0003279405089463138,-0.0002
-0.00025169780901953745,-0.000218
-0.00021268741065776843,-0.000182
-0.00020031986479811413,-0.000168
-0.00024584458655246046,-0.00025
-0.0002587177706759171,-0.000266
7.046941796239342e-05,-0.000284
-0.00024310176129731606,-0.000332
-0.000437949809446943,-0.0004
-0.0003217867753001413,-0.0004
-0.0005218529803520961,-0.000434
-0.0004541794249414315,-0.000466
-0.0004256823813836321,-0.000468
-0.0006316461873584899,-0.0005
-0.0003883781669964285,-0.000616
-0.0005140198081474026,-0.000816
-0.0006033805823787626,-0.000968
-0.0007294675859886484,-0.000966
-0.0008450722405423682,-0.000816
-0.0008933728840180261,-0.000834
-0.0008977683629681307,-0.000934
-0.0008890835977817737,-0.00105
-0.0009108126309697361,-0.0011
-0.0009820632871575575,-0.001082
-0.0010431025592786078,-0.001018
-0.001063278307065144,-0.000882
-0.001022622355561347,-0.000868
-0.0009647449596609876,-0.000966
-0.000935026384313759,-0.000866
-0.0008965221370335041,-0.000718
-0.000856696713537672,-0.000532
-0.0007745553870525692,-0.000484
-0.0006537763228920868,-0.000384
-0.0005325062160488293,-0.00035
-0.00037178622606481843,-0.00035
-0.0003729723734321357,-0.00035
-0.0003588687029330521,-0.000282
0.0005129846808871269,1.6e-05
0.00024872782053276437,0.000284
-8.926543193902454e-05,0.000466
0.0005863105131168883,0.000666
0.00104429455989302,0.000784
0.0005452621377210407,0.000866
0.000685843500031344,0.000884
0.0007778135696752074,0.000866
0.0008490363759165283,0.000868
0.0008708058033611716,0.001066
0.0009189163887033453,0.001266
0.0010123989550167914,0.00145
0.001157104042337479,0.001568
0.0013327850551396155,0.001616
0.0014716538035301982,0.001734
0.001749480767278309,0.001766
0.0016689761182440688,0.0018
0.0017272811252210093,0.001834
0.0017825724997434763,0.001766
0.0017907990425806112,0.001734
0.0017825724997434763,0.001716
0.0017613830296833253,0.00155
-0.00022000527995716846,0.001234
0.001553525545688977,0.000932
0.0013505417234371975,0.000668
0.0004078213499726315,0.000432
0.00021216261591573338,0.000268
0.0004602873750358757,0.00025
0.0004003378011048144,0.000282
0.00030779495352442333,0.000334
0.00029901490286246833,0.00035
0.0004952102612072144,0.0005
0.0003644890817261546,0.000784
0.0004875217824922719,0.00105
0.0013702135686506482,0.001266
0.0008928787399961484,0.001384
0.0011153345663438541,0.001466
0.0012876189113083434,0.0012
0.0009278563793200973,0.000884
0.0012279555685554807,0.000666
0.0010464535224595595,0.000416
0.0007843544412462478,0.0003
0.0005608949517415812,0.0003
0.0004997147336448277,0.000484
0.0003730464314348957,0.000616
0.0004216912150426656,0.000634
0.0005051873270272246,0.000566
0.00025246421038069934,0.0004
0.0005517098737061209,0.000118
0.0004245661894773808,-0.000118
0.0002349993550848709,-0.000416
0.00041256684673477524,-0.0007
-0.0002866380323742855,-0.000966
-0.0005977186409181748,-0.001084
-0.0007978869361422875,-0.001034
-0.0009496719058965991,-0.000832
-0.0009813473147368983,-0.000634
-0.0009004207350684227,-0.000534
-0.0007632569872269167,-0.0006
-0.0006527542377450187,-0.000832
-0.0006527542377450187,-0.001018
-0.0007507640377129772,-0.001116
-0.0008963799681847958,-0.0013
-0.0010706920732766446,-0.0014
-0.001212217375204246,-0.00145
-0.0012585414614286882,-0.001516
-0.001418455538654899,-0.001318
-0.0014227938187063834,-0.001116
-0.0013537879628805478,-0.000866
-0.0012099760462236933,-0.0007
-0.0005336529158998567,-0.00055
-0.0008132081936791714,-0.000434
-0.00030875142243721743,-0.00035
-0.00028365292047408927,-0.0003
-0.00046419215131616765,-0.000266
-0.0008857180145869625,-0.000384
-0.0003172863659567059,-0.000366
-0.000308717734258306,-0.000284
-0.00032522908391413607,-0.000334
0.0002732241167122128,-0.00045
-0.0003599978486393306,-0.000582
-0.0004153495778617208,-0.000818
-0.0005504607136406045,-0.001016
-0.0007218916904851969,-0.001084
-0.0008798442794114149,-0.0011
-0.0010072824787967743,-0.00115
0.00046567831205955275,-0.001216
-0.0011387767507020812,-0.001216
-0.0011717114031573825,-0.001218
-0.0012007179508355806,-0.00125
-0.0012253622343723902,-0.0013
-0.0012468439316332158,-0.001232
-0.001250770774089798,-0.001234
-0.001254682784280255,-0.001266
-0.0012586900207750356,-0.001234
-0.0012418550831430804,-0.001116
-0.00121391985111228,-0.000884
-0.0005226521081370943,-0.000666
-0.0005589633101967355,-0.0005
-0.000249185041679395,-0.0004
-0.0006170451625740248,-0.000334
-0.00047810268677549644,-0.0004
-0.0006222858834556704,-0.000384
-0.00038017320195070397,-0.000332
-0.00036324678552847285,-0.0001
9.582053935437152e-05,0.000132
-0.00017608398139745267,0.000418
2.2609363179808608e-05,0.0005
0.0002697411771564396,0.000382
0.0004452040649172518,0.00035
0.0005599853709109715,0.00035
0.00030290271200168165,0.000384
0.00040779495958423364,0.0004
0.00040828225475296123,0.000416
0.0003868920757299279,0.000618
0.0004521420546347813,0.000916
0.000579482266389677,0.001166
0.0011384329806123,0.001384
0.0010139186311343387,0.001516
0.0012398557796896499,0.001618
0.00162315893260395,0.0017
0.001551571946892242,0.0016
0.001606878469260964,0.001366
0.0015679196288029857,0.001466
0.0015298445704999637,0.001584
0.001625643179389815,0.001566
0.0014933362097539061,0.001284
0.0014720468585825096,0.000984
0.0013484307290504666,0.0007
0.00045382058590042753,0.000466
0.00047215882893066974,0.0003
0.0002326969416253437,0.000234
0.00037932616044809777,0.0004
0.00034778467592560234,0.000682
0.00039975871156568046,0.000984
0.0008322702347529826,0.001216
0.0008128657648049441,0.0014
0.0010638446700712006,0.001468
0.0012623479645277544,0.001366
0.0013602129921109294,0.001366
0.0013989662321140053,0.0014
0.0013989662321140053,0.001484
0.0014028030553384142,0.00155
0.0014482150360912043,0.001666
0.0014742620733072783,0.001468
0.0015400676310315569,0.001182
0.0014620691616022388,0.000918
0.0013014675141670973,0.000716
0.0004467028338511655,0.000734
0.0008828504712999941,0.000816
0.000772000978149909,0.000666
0.000731659896721137,0.000468
0.0006678090423240493,0.000332
8.731258286696473e-05,0.0001
0.00038639231514605275,-8.2e-05
-0.0006019584205214836,-0.00035
-6.192246638487365e-06,-0.000534
-0.00022253441801657115,-0.000784
-0.00044386318937636183,-0.000982
-0.0006684590040352717,-0.001134
-0.000864072294553404,-0.001266
-0.0010459497232143385,-0.001234
-0.0011567428064161293,-0.001266
-0.0012263433729975495,-0.001318
-0.0012717485687775377,-0.001416
-0.0013102098182650368,-0.001416
-0.0013556042843205942,-0.001484
-0.0014099678532599256,-0.001534
-0.0014637345023827601,-0.0016
-0.0015101724341392148,-0.00155
-0.0015430277970867737,-0.001316
-0.001502702968034713,-0.00105
-0.0010673846357208445,-0.000784
-0.0011821115041420842,-0.000582
-0.00045436301368224414,-0.00045
-0.0004926904966420045,-0.000368
-0.0003838028073720426,-0.000382
-0.0003011466119043255,-0.00035
-0.0003884393106466777,-0.000484
-0.0003972918461198152,-0.000716
-0.0004865544354831299,-0.000918
-0.0006223955081034396,-0.00105
-0.0007973049274869481,-0.001132
-0.0009578980542585712,-0.001134
-0.001097295557157502,-0.000916
-0.0010602002962640854,-0.0007
-0.0009749523200810973,-0.00065
-0.0008547619706537236,-0.000818
-0.0007735688835651944,-0.0009
-0.0007694321803219507,-0.000816
-0.0007633964736445173,-0.000684
-0.0008064195128107987,-0.000732
-0.0007850445605290532,-0.000718
-0.0007387054053533881,-0.00065
-0.00034025385391858596,-0.00065
-0.0006884393288261085,-0.000682
-0.000675697544379413,-0.000768
-0.0006886981834280019,-0.00085
-0.0007394343165593906,-0.000916
-0.0008061777784309749,-0.00095
-0.0008727239238260778,-0.000984
-0.0009262292726010086,-0.000932
-0.0007632845215932869,-0.00075
0.00012985521538705054,-0.0006
-0.0008202749006423544,-0.000434
-0.0006835608544865519,-0.00035
-0.0003108237977055008,-0.0003
-0.0004238246794989977,-0.000216
-0.0003269613821444853,6.6e-05
-0.0002039890952495658,0.000234
-5.9319796688032025e-05,0.0005
0.00013955171074744968,0.000616
0.00034863417818890266,0.000616
0.0004876308943223294,0.000668
0.0008154961251911463,0.000766
0.0006649805765110398,0.001016
0.0007626863939184693,0.001234
0.0009155246912527504,0.001416
0.0011019747182119306,0.001568
0.0013033879770501487,0.00165
0.0014630676571345657,0.001732
0.0015886048018148881,0.001768
0.0013603011967573534,0.001566
0.001677065068144385,0.00155
0.001651594122456207,0.0016
0.001618847792443673,0.001516
0.0015572486022764058,0.001268
0.0014803268922517336,0.001116
0.0006643384892883912,0.001266
0.0012879408030412678,0.001434
0.0012682099443434476,0.001516
0.0013291730827580586,0.0016
0.0014509399127264368,0.001718
0.0015643936520069405,0.001766
0.00164756558430263,0.001766
0.0017108169942421782,0.001784
0.001757889873220833,0.001816
0.0017824910800698542,0.001868
0.0018075378860628844,0.001882
0.0018365196607008525,0.001768
0.0018323803539215338,0.001432
0.0017329923366294431,0.0011
5.317554892431801e-06,0.0008
0.001266025893156548,0.000584
0.0002822910888839015,0.00035
0.000701645465001735,0.000134
-2.5468743912742358e-05,-3.4e-05
-0.000121452731474458,-0.000116
-0.0001214367059209653,-0.0002
-0.00028350899621090606,-0.000318
-0.00015641146557622508,-0.00045
-0.00027412005341126015,-0.00075
-0.0004345854885726531,-0.000932
-0.0006184990007868844,-0.001084
-0.0011756386400891274,-0.0012
-0.0009956842778473195,-0.001316
-0.0011365240608368372,-0.001368
-0.0012447189728257181,-0.001382
-0.001538439419782012,-0.00145
-0.0013801863985717312,-0.00145
-0.001413439234693426,-0.001434
-0.001429693978255791,-0.00145
-0.0014461794108934188,-0.001484
-0.0015469378349014162,-0.00155
-0.0014806054161495715,-0.001566
-0.001513676478116203,-0.001584
-0.0014549552209473726,-0.00155
-0.001898407788910258,-0.001532
-0.0015584798625876744,-0.0013
-0.0014942807655167808,-0.001268
-0.0014157028909681983,-0.001266
-0.0013442481333310937,-0.00125
-0.0012714526335103318,-0.001184
-0.0012428496339237781,-0.0011
-0.0012016225612791378,-0.001066
-0.0011517850425688302,-0.001066
-0.0011051969735653767,-0.0011
-0.0010834247058995607,-0.001
-0.0010589004217073047,-0.000984
-0.0005037389964519612,-0.000816
-0.0009775295052153411,-0.000584
-0.0008501550530163059,-0.0005
-0.000725734273046984,-0.000466
-0.0004963630209610663,-0.000484
-0.0004549552786918188,-0.00045
-0.0004754687761128282,-0.000584
-0.0009906925891360113,-0.000766
-0.0005740474487132014,-0.000966
-0.0006963143942931016,-0.001018
-0.000837766323840404,-0.000982
-0.0009354364806931075,-0.000784
-0.0009397471474831891,-0.00055
-0.0008381211148019142,-0.0003
-6.333318699535384e-05,0.0
-0.0004157257099295438,0.000316
-0.00014154503790216234,0.000668
0.00016206729782459306,0.001
0.0010769247564175971,0.001332
0.0010827430283852414,0.001534
0.0011253293046511622,0.001634
0.0013689918001761213,0.001716
0.001550442327815768,0.001766
0.0016603200708495706,0.001768
0.0017196507132500455,0.00175
0.0015894743828639801,0.001766
0.0017623124131671123,0.001734
0.0013960062482816858,0.00175
0.00174971476994494,0.001766
0.0017536667799169148,0.001784
0.001758036617981431,0.00185
0.0017865554365682223,0.00185
0.0018115553789119004,0.0016
0.001768461807586493,0.0013
0.0016443864300698043,0.001132
0.001463659212088847,0.000968
0.001244205183940728,0.00085
0.001058289513037209,0.000982
0.0009805162889259056,0.001134
0.0009809978642047713,0.001316
0.0010661914817103118,0.001468
0.0012204502052111552,0.001532
0.0013586937893635776,0.00155
0.001464216368808924,0.0015
0.0009473250698246556,0.001234
0.00111077577467631,0.00095
0.001302566048600735,0.000634
0.0001290447267173608,0.000166
-0.0002384853170847143,-0.000284
0.0003549003175327429,-0.00065
-0.0009006458225963721,-0.00095
-0.00043983820149925084,-0.001082
-0.0007491133958413478,-0.001134
-0.0009586592335328987,-0.001216
-0.0010978967373057582,-0.001284
-0.0011809144298127548,-0.001334
-0.0012438631984073277,-0.001332
-0.001292690466225454,-0.001334
-0.0013215325177607239,-0.00135
-0.0013376873802118433,-0.001384
-0.0013505190261006467,-0.001382
-0.0013630302003671121,-0.00145
-0.0013924032943666749,-0.001484
-0.0014260846883053417,-0.001566
-0.0014721436083252842,-0.00165
-0.0015394207161972366,-0.00165
-0.0015892091621972795,-0.001384
-0.001565193514280064,-0.00115
-0.0014636728064672828,-0.000916
-0.001281756798135417,-0.000718
-0.0002714301272754603,-0.000632
-0.0004141272965694821,-0.0005
-0.0003833030073406511,-0.000334
-3.2896505475650653e-07,-0.000234
0.00039135721899380025,-0.000182
-0.00021344456628543437,-0.0002
-0.0002389579377773821,-0.000218
-0.00020898534014900553,-0.000332
-0.0005879498185366583,-0.000468
-0.0003071564015635566,-0.000632
-0.00041633308333785746,-0.000734
-0.0005453123393945933,-0.000834
-0.0006703548516681584,-0.000932
-0.000785772840574795,-0.001
-0.0008774935230206745,-0.000984
-0.0009391083344043924,-0.000866
-0.0007632845215932869,-0.000734
-0.0008986509616975982,-0.000666
-0.0008155347292949098,-0.000718
-0.0007478282746556595,-0.000816
-0.0007348364718507195,-0.000716
-0.00029899177160323836,-0.0005
-0.0006903657088366033,-0.000384
-0.0006016095072399005,-0.000334
-0.0004871483572883888,-0.00025
-0.0001917177816059004,-0.000216
-0.00029765043770683714,-0.000234
-0.00019617945348833924,-0.0003
-0.000275948544410082,-0.00035
-0.0002763254457044727,-0.000466
-0.000339604113877777,-0.000584
-0.00042772268582117194,-0.000632
-0.0005107133173319937,-0.000584
-0.0005680194343014444,-0.000416
-0.000556035081615029,-0.00025
-0.00047423114973675276,3.2e-05
0.00034103668517028256,0.00035
0.001209805687415522,0.0007
0.00019920732178711957,0.000768
0.00045518913858306874,0.0008
0.000650049612700327,0.000832
0.0007737874772676403,0.000868
0.0008160778182663554,0.001032
0.0008807845259768659,0.001084
0.0009783285296724746,0.000884
0.0009646931800867834,0.00065
0.0004860526780906081,0.000566
0.0005732797361658541,0.000734
0.0007055872975145072,0.000966
0.000725300957095225,0.0012
0.0007719186117358959,0.001384
0.0010649362617419712,0.0015
0.0012574944999135256,0.001432
0.0013762406757695305,0.00125
0.0013892304273036235,0.001168
0.0007353325393827477,0.001182
0.001255392578455541,0.001268
0.0012159383560879959,0.001382
0.001247884532680108,0.00125
0.0012687158981873803,0.001218
0.0012779660251772025,0.001032
0.0004546349009791974,0.000784
0.0005288057384554022,0.000534
0.0003206587688627612,0.000316
0.0002892237926342482,0.000234
0.00017463780115555826,0.000216
0.0002494808341712199,0.000216
0.00024128223989937613,0.00025
0.00025280302509811224,0.000334
0.0003623125650148662,0.000334
0.0002159336801304871,0.000282
0.0003964402681528356,0.00025
0.00021147323112105326,0.000334
0.00034515540034609805,0.000384
0.000531108921141497,0.000416
0.00034444550284294727,0.000516
0.00041084981469323016,0.000568
0.0005532480901563244,0.00065
0.0005353950121289301,0.000732
0.0006144653494708739,0.000784
0.0006814653779884069,0.000816
0.0007439429854484148,0.000984
0.0008266592200359249,0.001184
0.0009380563236071446,0.001332
0.0010741467045304058,0.001368
0.0012132513490684014,0.001466
0.0013349879622393018,0.001516
0.001418669635340488,0.001384
0.0014320010023656502,0.001084
0.0013583452311096411,0.000816
0.001193270393117304,0.00055
0.000950817437336822,0.000316
0.0006843715554085073,-1.6e-05
0.0004089120343505275,-0.000216
-0.00025820505158294073,-0.000268
-5.168333938519666e-05,-0.0004
-0.0006937874652946111,-0.000582
-0.0007926225073033518,-0.0008
-0.0005174582114572847,-0.000968
-0.0006928344921960827,-0.0011
-0.001092723037754289,-0.001216
-0.0010248400160321257,-0.001334
-0.0011578674551055508,-0.001382
-0.001260713283885538,-0.001468
-0.0013522581881988303,-0.0015
-0.0014226428136140262,-0.001516
-0.0014677844999851988,-0.00155
-0.0015092343722018437,-0.001366
-0.00148473462436472,-0.001118
-0.0010843323932493885,-0.000966
-0.0012555659352749503,-0.000834
-0.0010759038002338172,-0.000732
-0.0005159179042887179,-0.00075
-0.0007921099262766824,-0.00075
-0.0006020006293639136,-0.000784
-0.0007544694218131084,-0.0008
-0.00044449789991346435,-0.0009
-0.0005754600642715384,-0.000984
-0.000869005679835636,-0.000832
-0.0005428198086303075,-0.000618
-0.0004378516245788977,-0.000416
-0.00026655614995276075,-0.000284
-0.000542645490055823,-0.000416
-0.0004364604290219062,-0.000566
-0.0004229751772356974,-0.000768
-0.0005129636008987439,-0.000966
-0.0006841453877829337,-0.001134
-0.000863777700501752,-0.001216
-0.0010252560295389175,-0.001234
-0.0011401275125548756,-0.00125
-0.0012096085531619377,-0.00125
-0.0012378516336098637,-0.001166
-0.001225861561033586,-0.001184
-0.0012134445085409881,-0.0012
-0.001200777201005048,-0.000982
-0.0011351827663879522,-0.000784
-0.001041708484052927,-0.000766
-0.0009373620717532767,-0.0008
-0.0008351543459967928,-0.000768
-0.0007798445889317349,-0.000766
-0.0007753621676557277,-0.000716
-0.0007632468097677139,-0.000668
-0.0007305220969941067,-0.000632
-0.0006967518672487552,-0.000418
-0.0006113259827673004,-0.000132
-0.0004677918555201585,8.2e-05
-0.00028174297035412905,0.000318
0.000511696088320005,0.000616
0.0002141041043249673,0.000916
0.0004752257155321347,0.00125
0.0014688879014780243,0.001434
0.0010462207821134498,0.001566
0.0017232707329249257,0.0015
0.0014345764518091772,0.0015
0.0014988416629173726,0.001618
0.001544770721713689,0.00155
0.0015407989879835692,0.0013
0.0009255414412741481,0.00105
0.0015554733062533009,0.001016
0.0016431586655728013,0.001134
0.0011222773292108548,0.001332
0.001120450199151345,0.0015
0.0012409048469378603,0.001634
0.0013953586778542727,0.001666
0.0015297341174543523,0.001668
0.0016152912043749868,0.0017
0.0016664189724481004,0.0017
0.0016830872837712476,0.001766
0.0017076138559194484,0.001716
0.001719826806962763,0.00165
0.0017069721237244462,0.0014
0.0016295115606272557,0.0011
0.0014604941011718206,0.000918
0.0004441617826418433,0.000816
0.001052998654362359,0.00095
0.0009434764123453598,0.001116
0.00151172175035618,0.001234
0.0010250556117233334,0.0012
0.0009578981876158043,0.000966
0.0011264344662675365,0.000734
0.001028507032713591,0.0005
0.0008435349463997236,0.000234
7.479346978784605e-05,8.2e-05
-0.00021448383082584666,-5e-05
0.00018642889059779097,-0.000332
-2.1658616794982695e-05,-0.000434
-0.00018865860699387015,-0.000684
-0.00038063319943815903,-0.000866
-0.0005841929554277689,-0.000984
-0.0007471445703033251,-0.00105
-0.0008994474070514887,-0.00105
-0.0009893639967873717,-0.001016
-0.0010256823782949774,-0.00115
-0.0010677450282296679,-0.001234
-0.00116806164005522,-0.0013
-0.0011776308185567938,-0.00135
-0.0012603589662942233,-0.001366
-0.0013137766626879583,-0.0014
-0.0013548947023975738,-0.001384
-0.0013754687912036043,-0.001266
-0.001355295646953143,-0.001184
-0.0009677641936627745,-0.0012
-0.0012604522202227324,-0.001316
-0.0012428118432031726,-0.0014
-0.001277190827019908,-0.001484
-0.0013526042218117242,-0.0015
-0.0012793561011890536,-0.001432
-0.0009488662298238965,-0.00135
-0.001442951499530459,-0.00125
-0.001385315522429793,-0.001218
-0.0013145946463857432,-0.001132
-0.0012394342679634095,-0.000984
-0.0011570977551677048,-0.000934
-0.0010698168117852069,-0.000932
-0.0009975219009461624,-0.000934
-0.0009465467947610903,-0.0009
-0.0009253622161929594,-0.000666
-0.0008607694329094937,-0.00055
-0.0007664751156058366,-0.000618
-0.000686763913914249,-0.000716
-0.0006390197959984074,-0.000734
-0.0006563544547667214,-0.000682
-0.0006885986178968866,-0.000568
-0.0006766010502925141,-0.00055
-0.0006354098748876974,-0.0005
-0.0005766524443464294,-0.000516
-0.0005341686527278293,-0.00045
-0.000504894848126768,-0.000366
-0.0004594496920127782,-0.00015
-0.0003739211256464211,-3.4e-05
7.080574008987075e-05,3.4e-05
0.0001705472613682527,0.00015
-2.6971794369248335e-06,0.000416
0.00013724490875173523,0.0007
0.0005679525463285013,0.000984
0.0005547754190920319,0.00115
0.0008055616626887291,0.00095
0.0003124118711072206,0.0007
0.00046621389098821907,0.000466
0.0005047373492089071,0.000284
0.0001667136333926634,0.000182
0.0005343776212363005,0.000184
5.320407341114007e-05,0.000166
0.00024404378300100005,0.000218
0.0001829189590789965,0.000232
0.00036621388492840876,0.000384
0.0003859874258388545,0.00065
0.0003666917521407431,0.001084
0.0005823370042485355,0.001166
0.0008130768879121269,0.001366
0.001060017550935799,0.001484
0.0012710727294956293,0.00165
0.0014121273436588611,0.0017
0.0017866960275162791,0.00175
0.0016435201626120808,0.001766
0.0017153714466829305,0.001784
0.0017492227805217737,0.001734
0.0017580367757714962,0.00175
0.0017580367757714962,0.001732
0.001749480767278309,0.001534
0.0016852950823629538,0.00155
0.0016390233035451117,0.00155
0.0015894814834169122,0.00165
0.0015698563440627487,0.001716
0.0016147517201422078,0.00175
0.0016646081736603345,0.001834
0.0017358551217816248,0.001816
0.0017778094488365836,0.001534
0.0017305401212268055,0.0012
0.0009970367509579987,0.000916
0.0006449745319395822,0.000668
0.0004497147306149225,0.000466
0.0008056888414812474,0.000466
0.0006244103839076568,0.000368
0.00018689206361030737,0.0002
0.0003723049759187131,-1.8e-05
0.00024944716571606655,-0.000166
9.094180860595903e-05,-0.000234
-0.00039373924225027425,-0.00025
-0.0001793553244758475,-0.0002
-0.00021330389644234502,-0.000382
-0.0002682138134822897,-0.000568
-0.000664434331738291,-0.0008
-0.0004930158203088462,-0.001
-0.0006932878230532848,-0.001166
-0.0008890431246300603,-0.0013
-0.001071136883470328,-0.001366
-0.0012114730794668903,-0.001368
-0.0013020353461494043,-0.0014
-0.001359403237929365,-0.001416
-0.0013880301427107902,-0.001434
-0.0014051038167113312,-0.001416
-0.0014168028455124224,-0.001366
-0.0014086304246676371,-0.001418
-0.0014091345639258204,-0.001482
-0.001421522030781201,-0.001418
-0.001422020805177169,-0.001382
-0.0014258951824370856,-0.001384
-0.0014175039067719243,-0.001466
-0.001459109991153077,-0.0015
-0.0014342763595380766,-0.001284
-0.0014105671399274,-0.001066
-0.0010177639994550982,-0.0009
-0.0011931052113519146,-0.000734
-0.0010010470098968493,-0.000566
-0.0008211188408058579,-0.00065
-0.0007155621787064371,-0.000768
-0.0006814434696021818,-0.001
-0.0007500485386625133,-0.001182
-0.0008941122882633617,-0.001134
-0.0010249819481957362,-0.001066
-0.0010972076680912084,-0.000968
-0.0010894933907006125,-0.00075
-0.0009830968909793822,-0.000566
-0.0008423117033524097,-0.0005
-0.0007005082964349654,-0.00045
-0.0005693185593554157,-0.000466
-0.0004966053470536344,-0.000484
-0.0004754687761128282,-0.0004
-0.0004507771555564709,-0.0004
-0.0003933622817846091,-0.00035
-0.00040969457916399996,-0.0003
-0.0004679667658073874,-0.000234
-0.00026285165342174605,-0.0002
-0.000272440989604144,-0.00025
-0.00024689481750240133,-0.000316
-0.00025104680665820724,-0.000334
-0.0002763254259807145,-0.0004
-0.0003263254487343778,-0.000416
0.0002910506268373858,-0.000416
-0.00039234051221767136,-0.000468
-0.00042563863408806677,-0.000482
-0.00044624349195680323,-0.00045
-0.000454614570493624,-0.000368
-0.0001924694145812858,-0.00025
-0.0001698076251468934,-0.000132
-0.00030298230207487025,8.2e-05
0.00024064713488711073,0.000384
1.5023846796954509e-05,0.00075
0.0002627728917463995,0.000984
0.0007512859828156914,0.0011
0.000797716814019214,0.00125
0.0010164700175929289,0.001382
0.0011752697024839534,0.001418
0.0012843995995039346,0.001516
0.001389136700004919,0.001634
0.0014850752686825664,0.001716
0.0015681880297038213,0.001766
0.0016556546919930114,0.001718
0.0017073225754591645,0.00155
0.0016854691248048242,0.001582
0.0016517594864444939,0.001684
0.001631776163642419,0.001734
0.0016356516454327917,0.0018
0.0016980259004001205,0.001766
0.0017449390958328343,0.001816
0.001778213549193456,0.001584
0.0017392007445331933,0.0013
0.0016114886215947177,0.001034
0.0014262033220015092,0.000882
0.001193367986272605,0.000734
0.0005674377562409197,0.000784
0.0008556614284873311,0.000966
0.0008392814785082622,0.0012
0.0009164681180523367,0.001384
0.001077853982111319,0.001482
0.0012531236362135858,0.001534
0.0014451553289377042,0.00145
0.0014611516123733386,0.001216
0.0014174791092988624,0.00095
0.000702500371574767,0.000634
0.001054958643656733,0.000334
0.0007752838004555441,-5e-05
0.00045783760537924803,-0.000468
0.0001022433099925798,-0.000816
-0.00026072927842656535,-0.001116
-0.0006223578357253829,-0.00125
-0.0009199616145277912,-0.001284
-0.0011210753089273048,-0.001234
-0.0012225691924290089,-0.001182
-0.0012384134451368625,-0.001134
-0.0012098927330692893,-0.001166
-0.0011798979462129997,-0.001234
-0.0011798978673179673,-0.001316
-0.0012142319598611648,-0.001284
-0.0012514048534666396,-0.001334
-0.0012929430092247412,-0.00135
-0.001321609992682717,-0.00135
-0.0013301731017288363,-0.001382
-0.0013544353755178956,-0.001468
-0.0012025661458687892,-0.001432
-0.0014091249387318456,-0.001334
-0.0015775836635665522,-0.001334
-0.0013934732687985187,-0.001282
-0.0013468466201241338,-0.000918
-0.0012213129468252447,-0.000666
-0.0010567834312980974,-0.000716
-0.0009015074352471734,-0.000668
-0.0007445684896995376,-0.000516
0.0004169425230317024,-0.000434
-0.0005863168097048105,-0.00035
-0.000518061719009002,-0.000366
-0.0004181257757156464,-0.000584
-0.00043579266146615285,-0.000682
-0.0004990191800229221,-0.00075
-0.0005990969371373395,-0.00085
-0.0007189074858778753,-0.0009
-0.0007976062276163694,-0.000968
-0.0008689714393914965,-0.001
-0.0009309490890300478,-0.00095
-0.0009553992118916789,-0.000916
-0.0009592549699239069,-0.000916
-0.0009463542908815962,-0.000934
-0.0009293553304769082,-0.000884
-0.0009129498974023161,-0.0009
-0.0009089632525110388,-0.000882
-0.0009005191171740493,-0.000918
-0.0008963630846478238,-0.000866
-0.0008919853570800495,-0.00085
-0.0008796270024916908,-0.000666
-0.0008273605424133566,-0.00035
-0.0002577629040966068,-0.000134
-0.0005068640286924373,0.00015
-0.00025740270882536483,0.000316
-1.0854967718636573e-05,0.000284
0.00014959709966567373,0.000216
0.00023991246434372995,0.000218
0.00019566698609514474,0.000166
0.00021216261591573338,0.000234
0.0002078653415574322,0.000282
0.0005941308254312713,0.000368
0.0004739820536860669,0.000432
0.00034076562156209735,0.000384
0.0003284582528885431,0.000434
0.0009238890637118019,0.000766
0.0005002162299194196,0.00095
0.0009243177004238066,0.001166
0.0008223440562289862,0.001384
0.0010607567973910693,0.001466
0.001236519229866828,0.001568
0.0013923316332442605,0.001616
0.0015062677367539555,0.001666
0.001653705353528036,0.0017
0.0016362585060233938,0.00165
0.0016572486872312487,0.001568
0.0016447958952888922,0.001482
0.0015979453425120464,0.0016
0.0015734833065004959,0.001618
0.0015657036251278914,0.00165
0.001585924895348226,0.001716
0.001644902719163005,0.001766
0.001686073934124579,0.001768
0.0017238073769365316,0.001632
0.0017191307949853461,0.0013
0.0016117671210597235,0.001018
0.001422252889930186,0.000966
0.0012224262101971427,0.001116
0.0010968403872817186,0.001334
0.0011050061020487347,0.001484
0.00161112901803622,0.00155
0.0013668654212580372,0.001582
0.0014851338087967405,0.001334
0.0014851338087967405,0.001016
0.0013649007771567411,0.0008
0.0011755966434989632,0.000584
0.0009266285359280617,0.000384
0.0006901437921246413,0.000232
0.00025709968801991095,0.000184
0.00034213186656503557,0.000166
0.00023937349292866273,-1.6e-05
0.0001391666931265824,-8.4e-05
5.9642684692608474e-05,-0.000116
-1.5208178655036664e-05,-0.000116
-8.401370520033408e-05,-0.000184
-0.00015917864967267842,-0.000266
-0.00017203151832524582,-0.00045
-0.0002570999885853571,-0.000734
-0.00041373649002559925,-0.000916
-0.0005578425273639104,-0.001084
-0.0008018272696494407,-0.001216
-0.0008964373248734811,-0.0013
-0.0011325979284355484,-0.001418
-0.0012575208752872392,-0.001532
-0.0013694633013236488,-0.001634
-0.0014740957870114325,-0.001666
-0.0015649055474111486,-0.001668
-0.0016263737718243338,-0.001582
-0.0016383636077155134,-0.001418
-0.001586021171720805,-0.001182
-0.0014670921171792805,-0.000868
-0.0012691577348026579,-0.000616
-0.00022134122926759618,-0.000384
-0.00020484459353534216,-0.000216
-0.0005270893620069498,-0.00015
-0.00022995526505724569,-0.000166
-0.00017977993754119065,-0.000234
-0.00019235862623178597,-0.0003
-0.0002139776008493,-0.000516
-0.00030725478366918333,-0.000734
-0.0012575749972795888,-0.001
-0.0006439350354231461,-0.001234
-0.0008777134034764737,-0.001432
-0.0014714528034200176,-0.00155
-0.001501046645720738,-0.00155
-0.0013554996695073938,-0.0015
-0.0015092010784980953,-0.001368
-0.0014938466850475279,-0.001066
-0.0013756674488956395,-0.000716
-0.0005756975383196028,-0.000518
-0.0009250844267832467,-0.000366
-0.0003471840724754064,-0.00035
-0.0004911531874846756,-0.000316
-0.0003008900255346187,-0.0003
-0.00022916704451050152,-0.00025
-0.00030489483600714746,-0.000384
-0.00031368946252637156,-0.000616
-0.0003909803224084836,-0.0008
-0.0005177424308121525,-0.000718
-0.0006333687026047992,-0.000566
-0.00040660295896982135,-0.00045
-0.00048785162760880285,-0.000434
-0.00015655116895516531,-0.00055
-0.0006306537667436717,-0.000682
-0.0005314525728887294,-0.000768
-0.000969313455417539,-0.000766
-0.0006937014697090994,-0.000716
-0.0007636722906784154,-0.000668
-0.0007305220969941067,-0.000682
-0.000708937757295895,-0.0006
-0.0006675470563536847,-0.00055
-0.0006263217588472773,-0.000534
-0.0005929302252583078,-0.0005
-0.0005468948554055902,-0.000416
-0.0005012842169607647,-0.00025
-0.0004277227252686882,-8.4e-05
8.24011057490922e-05,8.4e-05
0.00018379897399614696,0.0003
7.448694632638109e-06,0.00045
0.0001824487052373061,0.000682
0.0003735940418560304,0.000868
0.0005696163636705714,0.001016
0.0007487509276288453,0.001184
0.0009329103162121108,0.0013
0.0010879313235177379,0.001432
0.0012292070015622574,0.00155
0.0013630887160484542,0.001668
0.001484110698014249,0.001532
0.0015434216166565788,0.001284
0.0007912202814564833,0.0011
0.0013905582307019374,0.000966
0.0012152346912924189,0.000884
0.0010547478361296804,0.00095
0.0009730542389544666,0.000916
0.0008116667969948326,0.000884
0.0007175817093175765,0.00095
0.0006276876046659788,0.001166
0.0009762605330784995,0.001318
0.0010752165211721846,0.001132
0.0011382544411535724,0.000868
0.0011169829202595388,0.000616
0.00041621613646674243,0.00045
0.0003993541772861288,0.00035
0.00022761825141685835,0.000384
0.00044746133069438536,0.000632
0.00045129985016199457,0.001034
0.0005932258599600675,0.001134
0.000788483728356429,0.001232
0.0010023440986946578,0.001334
0.0011807327890149245,0.00145
0.001284586422941083,0.00145
0.0009724784630067009,0.001234
0.0011958205172553729,0.0012
0.0013305954813004352,0.001266
0.0010688485875125586,0.001316
0.0012529391796274147,0.001318
0.0012738073891149018,0.001232
0.0012821041485310326,0.001234
0.0012739570529917052,0.00125
0.001257629331524204,0.001266
0.001245155395713116,0.001184
0.001232736134159606,0.001034
0.0011812276186592635,0.0008
0.0010666059173164522,0.000616
0.000903110163401195,0.000466
7.130027880877705e-05,0.00035
-0.0004170252294586779,0.000218
5.8282238474564825e-05,6.6e-05
-5.885512466989662e-05,-1.6e-05
0.0001510115692572762,-6.8e-05
-0.0005331580862555179,-0.000166
-4.8087303800220687e-05,-0.000466
-0.0001833205099182632,-0.0007
-0.0009012804542384421,-0.000884
-0.0009142881938399631,-0.001016
-0.000771623647641913,-0.001134
-0.0009374980078944112,-0.001216
-0.001065604921575915,-0.001284
-0.0011649770020714246,-0.0013
-0.00123512581023424,-0.00135
-0.0012886894624382472,-0.0014
-0.0013346284620086688,-0.001416
-0.0013676285184459787,-0.001418
-0.001396682718723855,-0.001382
-0.0014043631501454742,-0.001318
-0.0013845038503346146,-0.001316
-0.0013595777537414309,-0.001334
-0.001338162170517907,-0.001316
-0.0013211942158610228,-0.001266
-0.0013086303397127942,-0.001284
-0.0013006608368918034,-0.001234
-0.0012757378172048902,-0.001232
-0.0012545468481391204,-0.001268
-0.0002211942675456586,-0.00125
-0.0012463630664096433,-0.001216
-0.0012419853388418692,-0.001184
-0.0012303008267267725,-0.001032
-0.00045748445619873783,-0.001
-0.001110316077754301,-0.001
-0.001055889787264069,-0.001034
-0.0010169128009485974,-0.001084
-0.0008072473583876559,-0.001066
-0.0010467958724387544,-0.001016
-0.00023069265747925047,-0.00095
-0.0010302896904075582,-0.000934
-0.0009928118675011633,-0.00095
-0.0009632845337129074,-0.00095
-0.0009461795383844325,-0.00095
-0.0009461795383844325,-0.000916
-0.0006855640782587793,-0.000868
-0.000921834740391295,-0.000666
-0.0008527319225704192,-0.000566
-0.0007575576100733698,-0.000518
-0.0006578312119865454,-0.00055
-0.000576372366980772,-0.000632
-0.0005675322574752658,-0.00065
-0.0005888660265500047,-0.000634
-0.0006174689866890421,-0.000616
-0.000633303061937693,-0.000534
-0.0006096085956981088,-0.0005
-0.0005723817378903494,-0.0003
-0.0004903810812483359,-0.00015
-0.00037486344791555124,-5e-05
0.00010244549823732305,1.6e-05
-0.00012395237265355505,0.000118
9.064711593551626e-05,0.0002
0.0002271704037644205,0.00025
0.00014380193408069621,0.000382
0.00023512361476118372,0.000634
0.0003623304347397455,0.000916
0.0005391884430854201,0.000868
0.000694734496832864,0.000766
0.00048202587562774774,0.0006
0.0004029027180614919,0.000384
0.0006159145328768114,0.00025
0.0004993391538422327,0.000466
0.00042184817670998264,0.000766
0.0004618052365676737,0.001034
0.0006216338310260846,0.001266
0.0008755914971424147,0.001484
0.0012266433074785848,0.001584
0.0013367490571565427,0.001682
0.0015001757779182928,0.00175
0.001622506470684517,0.0018
0.0017019919536878946,0.001834
0.0017650805242801985,0.001766
0.0015467028610615624,0.00175
0.0017866960275162791,0.001784
0.001782716246492836,0.001716
0.0017533775507274781,0.001434
0.0016675549031271808,0.001216
0.001531863178803544,0.001318
0.0014163636913282528,0.00145
0.001352148657460778,0.001582
0.0016742481999011648,0.001684
0.0015050836801050016,0.00165
0.0016995746098896571,0.00165
0.001640579744747841,0.0017
0.0016704582403261083,0.0015
0.0016231396822160007,0.001216
0.0015118266807495108,0.001168
0.0013906297096014544,0.001132
0.0012504012842193958,0.001018
0.0011316881653820414,0.000916
0.0010560405312384964,0.000834
-0.0009812206093145755,0.000616
0.0008423317182578529,0.000316
0.0006647425501977473,8.4e-05
0.0004554178947300332,-0.0001
0.00022236259965029707,-0.000384
-2.7353437760398064e-05,-0.000682
-0.00027769681888452856,-0.000918
-0.001305996034574963,-0.0011
-0.0007776482301197527,-0.001232
-0.0009881197432285594,-0.0013
-0.0011411133059869571,-0.001368
-0.0012524566820409902,-0.00145
-0.0013395044906022156,-0.0015
-0.0014063989575661571,-0.001532
-0.0014640355658270836,-0.00155
-0.0016173030521385975,-0.0016
-0.0015463992974090281,-0.001618
-0.001575873692630423,-0.001632
-0.0016007707558516175,-0.001618
-0.0016172863263916905,-0.0016
-0.0016172863263916905,-0.001616
-0.001616785974095071,-0.001466
-0.001576570809138296,-0.001384
-0.0015188846547969095,-0.001416
-0.0014727061299075763,-0.00145
-0.0014297862854439091,-0.0014
-0.001413108033346657,-0.001168
-0.0013612640561677862,-0.000966
-0.0012507990185114614,-0.0009
-0.001113338467557391,-0.000816
-0.0009657241259103323,-0.000734
-0.0008561659866535094,-0.000766
-0.0008055544287785639,-0.000768
-0.0007717277101898855,-0.000832
-0.0007758834271359808,-0.0008
-0.0007921713855070619,-0.000718
-0.0005471709880196186,-0.000666
-0.0007556286265267998,-0.00055
-0.0006857490871101783,-0.0004
-0.00020064581962521655,-0.000284
-0.00021310796062893372,-0.00025
-0.00017945275984108326,-0.000216
-0.00028921807745346014,-0.00025
-0.00025059838701678325,-0.000284
-0.00027984457835644174,-0.000266
-0.00025462254649605216,-0.0003
-0.0002754687639932076,-0.00025
-0.00014570010396423887,-0.000184
-0.00015087818219001634,-0.0002
0.00014190446909964172,-0.000216
-0.00023810794242012814,-0.00025
5.006536274439053e-05,-0.0002
-3.8154680538250496e-05,-0.00015
-4.263040066742803e-05,-0.00015
-0.0001885292783117141,-0.00015
-0.0001630393386444425,-0.00015
-0.00015005189479005255,-0.000116
-6.310794167733922e-05,-0.000134
-9.636303616934157e-05,-8.4e-05
-1.2687413330966464e-05,-3.2e-05
-0.00012161008761693794,-5e-05
-7.594853229046144e-05,-8.4e-05
-6.268741142993207e-05,-5e-05
-1.700883943111607e-05,-3.4e-05
0.00032060835493694285,-1.6e-05
3.820546303932482e-06,-1.6e-05
-2.9355349902708834e-05,-1.8e-05
3.317163944967955e-06,0.0
-1.2687413330966464e-05,3.4e-05
-5.191563236081274e-07,5e-05
0.00010736959362946878,3.4e-05
6.162084696464303e-05,1.6e-05
3.3197199825472894e-05,1.6e-05
-3.8616931465073636e-05,0.0
6.649101020561132e-05,0.0
4.1282236408899776e-05,3.4e-05
-1.6989125534850255e-05,3.4e-05
-4.9967678144842653e-05,-1.8e-05
-0.00010461460845556248,-1.6e-05
4.515608482555116e-05,3.4e-05
0.00040242686267248835,1.6e-05
-2.177992776945283e-05,5e-05
1.623599993938582e-05,5e-05
6.231258628295171e-05,6.6e-05
7.046739627718357e-05,8.4e-05
2.4385901491493093e-05,8.4e-05
3.3197200133656616e-05,6.6e-05
7.477088608477016e-05,5e-05
4.515541421777423e-05,3.4e-05
0.00014899635344009672,3.2e-05
0.00017825144019467854,5e-05
2.0658775338028045e-05,-3.4e-05
-2.852892578144221e-07,-1.6e-05
7.150276637375721e-06,1.6e-05
3.2040753121744708e-06,6.8e-05
-6.352928059883033e-05,5e-05
-0.00010077082274452855,-1.8e-05
1.2050162349133484e-05,-1.6e-05
-1.2851648134099416e-05,-5e-05
0.00013501881637434965,-6.6e-05
-3.8030139798384146e-05,-6.8e-05
-0.00025560532219313746,-3.2e-05
2.4531253261672077e-05,1.6e-05
2.915541358566576e-05,1.6e-05
8.308722133085981e-05,5e-05
-0.00024381929189486894,0.0001
0.0005731766598057889,0.000134
0.0004681238213844211,0.000166
0.00011143317103939025,0.000168
0.0001413099950291548,0.000232
-0.00024813200995579755,0.00025
0.00020306749794117188,0.000284
0.00023245295873709144,0.00025
0.00018714834426176297,0.000216
0.00024940160383475185,0.000168
0.00022843548561183363,0.000182
0.00020321027822638274,0.000218
0.00019546223376184268,0.000282
0.00036921319793446934,0.000334
0.0002525498509385645,0.000334
0.0002908159141154617,0.000316
0.0004658579560487364,0.000316
0.00032477087657959813,0.000368
0.0004935758322647801,0.00035
0.00030415540732897975,0.000332
0.00024971471849530194,0.000284
0.000349222853474495,0.000316
0.0003198961300303309,0.0003
0.0003075534163821811,0.000318
0.00033694161878048274,0.000332
0.0003664438245008619,0.00035
0.0003243176048936705,0.00035
0.0003371626234904962,0.000434
0.00040724857203610395,0.0005
0.0003682051166556841,0.000616
0.00047258864906816317,0.00065
0.0005478408613084196,0.000718
0.000619042365890944,0.00055
0.0006319964174227947,0.000432
0.0005848253535760946,0.000368
0.0003718967335726302,0.000366
0.0004271462542803136,0.000384
0.0003868378353950295,0.000482
0.0003988123262023724,0.000618
0.0004600188557924912,0.000716
0.0010392154554856137,0.000716
0.0006745418655093558,0.000718
0.0006909391723955921,0.000666
0.0010519480881085298,0.00065
0.0006867531597569862,0.000584
0.0006533125929052685,0.000532
0.00016335877006040404,0.000484
0.0004917949346943619,0.000516
0.0004956669845508175,0.0005
0.0005075533890542853,0.000534
0.0007562585789291155,0.000516
0.0005161972077187336,0.000484
0.0004771353303482065,0.000466
0.0004993391143947164,0.000384
0.00046129056482264097,0.000334
0.00041548738305080513,0.000232
0.00041066559479215693,0.000168
2.4531252953488355e-05,1.6e-05
0.0001846390285792959,-0.0001
7.578236478089584e-05,-0.0002
0.0002579079873524466,-0.000316
-0.00015304008359651937,-0.000384
-0.0002526971723972226,-0.000534
-0.00036149594696546745,-0.000582
-0.0005675470502938744,-0.0007
-0.0005528094976555304,-0.000884
-0.000678346366203239,-0.00095
-0.00078262153628847,-0.000816
-0.000839792900542275,-0.000718
-0.0008441292871129775,-0.000782
-0.0008186015370013421,-0.0008
-0.0007799242729146402,-0.00075
-0.0007632782099906806,-0.000734
0.00014358497274110247,-0.0007
-0.0007671452500125673,-0.0007
-0.0003819654604058137,-0.00065
-0.000625206538114249,-0.000666
-0.0006795417837368843,-0.0007
-0.0008055545076735964,-0.000684
-0.0006754687487849323,-0.0007
-0.0006878516397284234,-0.000716
-0.000700285260177863,-0.000718
-0.0007048446041106354,-0.000716
-0.0007126874015093035,-0.000734
-0.0007211942583971936,-0.000716
-0.0007211942583971936,-0.000716
-0.0007207000599131154,-0.000768
-0.0007340289811922678,-0.000716
-0.0007295606821270922,-0.000684
-0.000721748496001065,-0.000666
-0.0007094619358923536,-0.00065
-9.974738652002755e-05,-0.00065
-0.0010368887076176096,-0.0006
-0.00045945103322833197,-0.00055
-0.0003103480606590461,-0.000416
-0.000556161944827417,-0.000268
-0.00028907506048315155,-0.0001
-0.00033765844403181643,6.8e-05
-0.00018349334921088686,0.00035
6.8411289176825165e-06,0.000332
0.00015783243929894138,0.000484
0.00039815840472483683,0.000584
0.0004349462905713236,0.000732
0.0005293849857846012,0.000834
0.0006551682435190557,0.000784
0.0007311799782379555,0.000782
0.0007821041971270138,0.0008
0.0007994809069476927,0.00085
0.0008033171779068735,0.000918
0.0008361914756622515,0.000866
0.0008574547125778643,0.0008
0.0008574547914728969,0.000766
0.0012958591818811472,0.000784
0.0008030622680566089,0.000784
0.0007831972089083709,0.00065
0.0007446126464849501,0.000716
0.0007321196180759779,0.000834
0.0007442767114362263,0.000816
0.000752139469278137,0.000816
0.0006536470683958895,0.00085
0.0008286446924258219,0.0008
0.000852011744280201,0.00065
0.0005495113452807427,0.00055
0.0007095427788679157,0.000534
0.0006308734649765736,0.000534
0.0003650945616536864,0.000532
0.0005364707458981523,0.00055
0.0005373125558957761,0.000468
1.5764127516792637e-05,0.0004
0.00048603618902879893,0.000332
-1.8920219523541806e-05,0.0002
0.00034754329657342523,0.000118
-7.125009641525136e-05,-6.8e-05
-0.00023462843479827217,-0.000216
4.483962305545095e-06,-0.000334
-0.00012919106198811174,-0.000432
-0.0005717344435955504,-0.0005
-0.0004426086400157981,-0.000518
-0.0008158273509707473,-0.000466
-0.0006637766627467079,-0.00045
-0.0004841686496979242,-0.000484
-0.0004801288690022046,-0.0005
-0.00047546873666531186,-0.000466
-0.0004889775780662619,-0.00045
-0.000576387080904348,-0.00045
-0.00044646936843507846,-0.000516
-0.0007672837107947445,-0.000618
-0.0005102047993995021,-0.000666
-0.0005645976778434368,-0.000634
-0.0008148756401927401,-0.00075
-0.0006682642121998328,-0.000766
-0.0007053761988401563,-0.000684
-0.0007098118353618439,-0.000632
-0.0005253621919537182,-0.00065
-0.0006842762746419832,-0.000718
4.250033010073735e-05,-0.00075
-0.0006886981834280019,-0.0008
-0.000730850221434605,-0.0008
-0.0007678665872954422,-0.0007
-0.0007635292539843487,-0.00075
2.745430774688634e-05,-0.000616
-0.0006258435760548126,-0.000566
-0.0009273922642762638,-0.0006
-0.000567008867829133,-0.000568
-0.0006126873954494931,-0.000566
-0.0005753622344311397,-0.00065
-0.000596843892244449,-0.000666
-0.0006136381989346256,-0.00065
-0.0006339741430848147,-0.0006
-0.0006421180039278063,-0.000518
-0.0006099302901934519,-0.000432
-0.0005520546694313255,-0.000318
-0.0001759646132131598,-0.000182
6.61972026388153e-05,5e-05
0.0005258338020256468,0.00015
-7.958492268460186e-05,0.000232
5.865188142595817e-05,0.000334
0.0001889080585159336,0.000384
0.00027275281751134065,0.000416
0.00033977227393064635,0.000466
0.0004995745766194501,0.0005
0.0004403913495873502,0.000534
0.0004779176534912653,0.000584
0.0005199177002176039,0.000516
0.0005327162496402403,0.000416
0.0005109857963416913,0.000384
0.0004730263981564308,0.000416
0.0005286237670627575,0.000434
0.000727330531808334,0.0005
0.0004324482766022735,0.000516
0.0004654482541445508,0.000618
0.000642196480052391,0.000666
0.0007909652138161536,0.000734
0.0008859801583473924,0.00075
0.0006906822507219967,0.000766
0.000774541871569166,0.0008
0.0007618919998354258,0.000834
0.0010316081597591955,0.0009
0.0011098582254474097,0.00095
0.0008695590251613169,0.001116
0.0006581833749791485,0.00115
0.00090940283119974,0.0012
0.0011016735758725745,0.001234
0.0005083740157356616,0.00125
0.0012075488950085839,0.001116
0.000646344662522875,0.00095
0.0011345244418032763,0.000866
0.0010418191493508041,0.000718
0.0009089318278552401,0.000582
0.0004950621752310626,0.00055
0.000675899136202338,0.000434
0.0005684909260308241,0.000516
0.0005191321423782093,0.000568
0.0005157237191807074,0.0006
0.0004650471517989164,0.000566
0.0005617532113534978,0.000516
0.0004286991846540932,0.0005
0.0005445121615413395,0.0005
0.0003661971986290182,0.00035
0.0004648235632765859,0.000134
0.0003672825575922151,-8.4e-05
7.349871354630396e-05,-0.000316
1.4855651216639093e-05,-0.000534
-0.0005591179839081077,-0.000616
-0.0003926254810753487,-0.000734
-0.000623369703965732,-0.000782
-0.0006689174630695915,-0.00075
-0.0007220570544734836,-0.000634
-0.0007263723760704873,-0.00065
-0.0007055698861451391,-0.000666
-0.0006761109543501299,-0.0007
-0.0006631079484505637,-0.00075
-0.000692451062337746,-0.000818
-0.000921834740391295,-0.000766
-0.0007841685889823225,-0.0008
-0.0007958737715959551,-0.0008
-0.0007964693501968981,-0.000816
-0.0007959553490596423,-0.000834
-0.0008128516670269444,-0.000784
-0.0008089633253462611,-0.000732
-0.0007924619559120524,-0.000768
-0.0007804108185805583,-0.000732
-0.0007545655948578228,-0.000734
-0.0007418834550557577,-0.000734
-0.0007423763912193146,-0.0007
-0.0007253622829683714,-0.00065
-0.0007053543449161318,-0.000616
-0.0006761246031907662,-0.0005
-0.0006183256684003072,-0.000384
-0.00048122543106002773,-0.000416
-0.0006222566133985833,-0.000416
-0.00043006803790218056,-0.00045
-0.000783206227374917,-0.00045
-0.0004334247059583102,-0.000468
-0.0004670088617693228,-0.000516
-0.0004716714792997418,-0.000534
-0.0004928497462652663,-0.000482
-0.0002589429962701736,-0.000368
-0.0001842638972703332,-0.00025
-0.0001503198223206927,-0.000166
-0.00020935863199565566,-0.0002
-0.00023783737190589656,-0.000234
-0.00021330389644234502,-0.000182
5.276750281742159e-05,-0.000168
-0.00023380279828232715,-0.000216
-0.00020436305770399286,-0.000216
-0.00016294983222998102,-0.000118
-0.00018050693554265307,-0.0001
6.298479021721286e-06,-0.000116
-4.196330865039115e-05,-8.4e-05
-0.00010484457761365279,-0.00015
-0.00011310792498348621,-8.2e-05
0.0005344675221259249,-0.000118
-0.00010919389310781926,-8.2e-05
-0.00010870499045280287,-0.000118
-0.00010044932548676688,-0.000132
-0.00011296197903509313,1.6e-05
0.00014871962911332395,0.0001
-3.588902723296582e-05,0.000166
3.473809007763994e-05,0.0002
0.00011875775134749911,0.0002
0.00016548638171337218,0.0002
0.00019113128108650909,0.000234
0.00020813127698849973,0.000234
0.00021657527425918217,0.0003
0.00024109967679398705,0.000366
0.00028214211533863316,0.000334
0.00030728546912778276,0.00025
0.0003114331979518294,6.6e-05
0.0002511104505166668,0.0001
0.00018478932361635993,0.0002
0.00014879943143877815,0.000216
0.00016206123276896352,0.00025
0.0001901147481773588,0.000318
0.0007254446249495524,0.000316
0.0002739153949876748,0.000316
0.0002825725271888709,0.00035
0.00039582054767192324,0.0004
0.00034464567926435974,0.000584
0.00040993498734295396,0.000784
0.000525263864310292,0.001016
0.0006903142448425294,0.001216
0.0015319482276486649,0.00135
0.0010862022599837243,0.001284
0.0013241383962539943,0.001334
0.0012947043952892803,0.001482
0.0013606850999858854,0.0016
0.0014219115900192469,0.001434
0.001460127397060391,0.001334
0.001460127397060391,0.001266
0.0009538961581931739,0.00105
0.0012675060428627729,0.001016
0.001163122944372973,0.000818
0.0010335593128099204,0.000782
0.0008910366987754809,0.00085
0.0008642775549953439,0.000768
0.0005614523451467557,0.00065
0.0007607144914741759,0.000566
0.0003687264944784861,0.0006
0.0006441021501168338,0.000566
0.0005946456944138854,0.000518
0.0007279584573726347,0.000482
0.0004659189419089204,0.00045
0.0005029293906423141,0.000418
0.0004660777970570193,0.000266
0.0004061117340641489,0.000184
0.00032679589510457564,5e-05
-0.00013852929500556712,-0.0001
9.655686669343648e-05,-0.000334
-5.4768381706033956e-05,-0.000634
-0.00026090556937686437,-0.00085
-0.00048658248266721186,-0.000966
-0.0007019654087916772,-0.00105
-0.0008788737916156537,-0.00105
-0.000981033785877427,-0.0011
-0.001042694593065139,-0.001234
-0.001110367280630445,-0.001282
-0.0011688493280604942,-0.001168
-0.0011977025037953576,-0.001016
-0.0011774880974428574,-0.001034
-0.0010220681179574755,-0.001116
-0.000954275983312844,-0.001116
-0.0010716403915682507,-0.001134
-0.0011009636239072231,-0.001184
-0.0011381921385106666,-0.001166
-0.0011506608672496041,-0.001066
-0.0011386169882611076,-0.000968
-0.0010981453355534165,-0.000982
-0.001047460168613074,-0.00095
-0.0009926042946704465,-0.000818
-0.0009520949301371822,-0.000766
-0.0008229498367219641,-0.00075
-0.0006989601392106569,-0.00075
-0.0007716939431159414,-0.000734
-0.0007502853026552845,-0.000666
-0.0007258616885245999,-0.000616
-0.0006928351233563433,-0.000634
-0.0006636169003057343,-0.000616
-0.00037954176555745353,-0.000368
-0.00023457600904912306,-0.000232
-0.00039634269943036686,-0.00015
-8.350898409128547e-05,-0.000118
-0.00013437844982773357,-8.2e-05
-4.263040066742803e-05,-5e-05
0.0002295134481657262,-3.4e-05
-5.4546844454550586e-05,0.0
-6.737845089583779e-05,1.6e-05
0.00012424816514537994,0.0
-0.00020167040968956904,-5e-05
-1.75089895592146e-05,-3.2e-05
-3.342470637376677e-05,-3.4e-05
-5.121330743578538e-05,0.0
2.4637798845884714e-05,5e-05
6.214835147981876e-05,0.0001
0.00016599115213181617,0.00015
0.00020814486665786156,0.0002
7.361291903690239e-05,0.0002
0.00018731259385771455,0.0002
0.00022477087051978788,0.000216
0.00012854726395130953,0.000134
0.00018671545707987805,0.000132
0.00011181502299707529,8.4e-05
0.00014948083797328867,6.6e-05
7.437794444406817e-05,5e-05
8.223599816966135e-05,6.8e-05
0.00015300558203444996,0.0001
2.2067533434572797e-06,0.0001
8.144046010864543e-05,8.2e-05
8.716262313378915e-05,6.8e-05
8.716262806472869e-05,6.6e-05
7.865877411901605e-05,-1.6e-05
4.904147410618707e-05,-1.8e-05
2.3957002515141803e-05,-5e-05
-5.5645109153588545e-06,-8.2e-05
-4.217136964412205e-05,-0.0001
-6.327825632892033e-05,-0.000134
-9.225499154668244e-05,-0.000166
-0.00012130083881298422,-0.0002
-0.00015092190976182356,-0.000168
-0.0001675811876037403,-0.000132
-3.3802796024585657e-05,-8.4e-05
-0.00014707062902269457,-5e-05
-0.00010961804266484603,-1.6e-05
-7.156451284383903e-05,0.0
-3.830390063049565e-05,0.000116
1.095129384434222e-05,0.00015
6.0720390837645154e-05,0.000184
0.00011078190733826467,0.000216
0.0003523926389222018,0.0003
0.00021111920938611065,0.000384
0.00026907051020823894,0.0004
0.00032317664465626316,0.00045
0.00038215987278077384,0.000466
0.0004241564481256789,0.0005
0.0004531052051925125,0.000516
0.0004823470573053791,0.0005
0.0004886031178088073,0.000484
0.0004997147336448277,0.000534
0.0005080367000238677,0.000666
0.0005442239579873263,0.00085
0.0006299890516613569,0.001016
0.0011203899233464543,0.0012
0.0010774536687160104,0.00125
0.0010750734055830853,0.00115
0.0011518380355978917,0.001084
0.001169476045766474,0.000966
0.00045194079340667083,0.000834
0.0001077314456963949,0.000666
0.00024477068238367176,0.000518
0.00030811656912473393,0.000382
0.00047291929814970407,0.000368
0.00026694249421822883,0.000282
0.00019968015944112698,0.0002
0.0003192564885536922,0.000268
0.0003080366879042471,0.000266
0.00026231257867881413,0.000266
0.00025779495049451826,0.000268
0.00019553059630757284,0.000216
0.0003324529647969017,0.000216
0.00024128222017561797,0.00025
0.0001573099865313205,0.000234
0.00027029985260589354,0.00025
0.0001319862984214522,0.000234
0.0002417949589923525,0.000232
0.00022838992373051895,0.000268
0.00024563694984139524,0.0003
0.00029951134985497515,0.000266
0.00026231257867881413,0.00025
-2.0872679273243803e-05,0.000216
0.00022463777459982617,0.000234
0.00021694247146456555,0.000216
0.0002286446560669602,0.000268
0.00027431764131128164,0.000232
0.00016521561396155916,0.00025
0.00022880572027597133,0.000234
0.000270547267428063,0.000216
0.00026619719256920795,0.000218
0.00022932619080589863,0.000232
0.0002161971895393028,0.000234
0.0002206587628029509,0.000216
0.00023731257716386154,0.000234
0.0002490780947536594,0.000216
0.0002201553927713352,0.000218
0.00026214835866849976,0.000216
0.00020412630872590576,0.000216
0.00022065878252670905,0.0002
0.00021231257564890895,0.000218
0.00019948085086507288,0.0002
-1.6428438262065523e-05,0.0002
0.00019582055527606084,0.0002
0.00019948085086507288,0.000182
0.0001952998875085521,0.000168
7.02006053281065e-05,0.000166
0.00011619719334137161,0.00015
0.00015353058902875058,0.000166
0.0001659710240366293,0.000168
0.00016231257261900382,0.000166
0.00018716263412453895,0.000166
0.00019934661096713876,0.0002
0.00018269693859543858,0.000184
0.0001747708872136409,0.00015
0.00019526178120781617,0.00015
0.00017463780115555826,0.000184
0.00018321391802017422,0.000182
0.0001701554193270673,0.000168
0.0001706587794968039,0.000182
0.0001623125824808829,0.000168
0.00020828222290958254,0.0002
0.00019153059843203142,0.000182
0.00017479346105483772,0.000184
0.0003807216557843649,0.000166
0.00014515540795023566,0.000184
0.00020828222290958254,0.000166
0.0002038205510271437,0.000184
0.0002889890010172914,0.0002
2.7433876861193586e-05,0.000166
0.00017864465303705503,0.000184
0.00021669693039941983,0.000166
0.00017864465303705503,0.000168
0.00021214833591483648,0.000182
0.0001621626227477073,0.000184
0.00017032619748696482,0.000184
0.00014948083797328867,0.00015
0.0002033774568004188,0.000166
0.00019582055527606084,0.000184
0.000191623655122959,0.000182
0.0002038205510271437,0.0002
0.0002038205510271437,0.0002
0.00012933618469146782,0.000184
0.00020319104756219146,0.0002
0.00017880573696982434,0.0002
0.00022064464059211916,0.000216
0.00018703800955870048,0.0002
0.0002038205510271437,0.0002
0.00018308722245973053,0.0002
0.00020828222290958254,0.0002
0.00019128224673135006,0.0002
0.00022896522630808905,0.0002
0.00019582055527606084,0.0002
0.00019994810669552528,0.000218
0.00018703800955870048,0.000216
0.0003790447418668865,0.0002
0.00019968015944112698,0.000216
7.894463547674945e-05,0.000218
0.0002080474312926258,0.000216
0.00021214833591483648,0.000216
0.00022479347394662193,0.000218
0.00022080572452488846,0.000216
0.00021644383513490462,0.000216
0.00021644383513490462,0.000218
0.00015774499401720603,0.000216
0.00024537744435548293,0.000216
0.00024545316386300115,0.0002
0.00031368081881123013,0.000184
0.0001455305932776677,0.000166
0.00019968015944112698,0.000168
0.00013694161652274127,0.00015
0.00020828222290958254,0.000182
0.00029556458640266677,0.000184
0.00019899635647000185,0.000166
0.00017864465303705503,0.000184
0.0001370501563638126,0.0002
0.00021996523601906036,0.000184
0.00013650412384332952,0.000182
0.00027269958308810764,0.000184
0.0002331971953031725,0.000216
0.00017080574121874147,0.000184
0.000430838462910004,0.0002
0.00019566698609514474,0.0002
0.00023220514943975907,0.000216
0.0003620612448885841,0.000234
0.00026619719256920795,0.000266
0.00031231258170871925,0.00035
0.0002038205510271437,0.000234
0.00022064464059211916,0.00025
0.0002417949589923525,0.00025
0.000157548959585004,0.000216
0.00023731257716386154,0.00025
0.0002867740624251368,0.000284
0.00024940162355851,0.000266
0.00024512632146678225,0.000234
0.00018696984425055176,0.000266
0.000258036684874342,0.00025
0.0002323470816033697,0.000284
0.00024957458119368256,0.00025
0.00026621389859235667,0.000284
0.00026669693342932496,0.000266
0.0002499481097254304,0.000266
0.00024128223989937613,0.00025
0.00026619719256920795,0.00025
0.00026621389859235667,0.000268
0.00019968015944112698,0.000232
0.00023731257716386154,0.00025
0.000253820573780807,0.000268
0.000241623638429106,0.000232
0.00023714833742978904,0.000234
0.00020779494746461308,0.000234
0.00024165253373478824,0.000232
0.0002581448894115248,0.00025
0.00019582055527606084,0.0002
0.0002203261807931118,0.000218
0.00024968016247103213,0.00025
0.00022896522630808905,0.0003
0.00025828224566324585,0.000266
0.0002947706854135769,0.000284
0.0002410474482824194,0.000266
0.00028714834045969416,0.000284
0.00024566696940129173,0.00025
0.0002581448894115248,0.000266
0.00027463779735348943,0.000284
0.00048051018370934566,0.000282
0.00026619719256920795,0.000268
0.0001869698541124308,0.00025
0.00026231255895505597,0.000266
0.00029128224292928126,0.000284
0.0002748188417295014,0.000266
0.00022842570262779377,0.00025
0.00014940161749869973,0.000266
0.000274770873549693,0.000268
0.000657626257706588,0.000266
0.00020828222290958254,0.000266
0.0002621626386693967,0.000268
0.00034299507684024664,0.000266
0.0002829911836792543,0.000266
0.00027805407060673294,0.000234
0.00027453124961199075,0.000266
-0.00014120801804674065,0.000284
0.00026514074863545145,0.0003
0.00027038993100934124,0.0003
0.0002873125999175248,0.000284
0.0003495998731114345,0.0003
0.00027080572755479364,0.000282
0.00024128222017561797,0.000268
0.00024105699458136151,0.000266
0.00026231255895505597,0.000266
0.00027032620354677507,0.000284
0.0002831972180568358,0.000266
0.00021997424977653255,0.000284
0.00022932619080589863,0.00025
0.0002791554058140272,0.000266
0.0002664438381648098,0.000268
0.0002243175988338602,0.0003
0.000270547267428063,0.000266
0.0002746377776297313,0.000266
0.00016571623252891363,0.00025
0.00021216261591573338,0.00025
0.00017367827976932573,0.000268
0.00024563694984139524,0.000282
0.0002621626386693967,0.000268
0.00031634709616101424,0.00025
0.000258036684874342,0.000266
0.00028294248572039457,0.000284
0.0002916525367646934,0.000282
0.00026231255895505597,0.000268
0.00027038993100934124,0.000266
0.0002831972180568358,0.000266
0.00027032620354677507,0.000268
0.00024103667911047226,0.000266
0.00026214835866849976,0.000284
0.00028344384392867947,0.000266
0.00031138304043486697,0.00025
0.00010936838448705312,0.000266
0.00026189204843140695,0.000284
0.0006592568996874584,0.000266
0.00016573609435336555,0.000234
0.00022479347394662193,0.000216
0.00019957457816377738,0.000234
0.0002203261807931118,0.0002
0.0002038205510271437,0.000216
0.0002535305753648027,0.000218
0.0002038961127445968,0.000166
0.00020762364662512474,0.0002
0.00019948085086507288,0.000134
4.5666981936368885e-05,6.6e-05
0.00012029988296369441,0.0001
9.957457210396712e-05,0.0001
7.377449952749007e-06,3.4e-05
6.657529475510397e-05,3.2e-05
-0.00019882192426204246,1.8e-05
4.5210279549258886e-05,0.0
0.00016623407979900767,0.0
1.2162627218075634e-05,0.0
-5.453776166392485e-05,0.0
-5.189309674642558e-08,-1.8e-05
7.797423150696049e-05,-1.6e-05
-2.852892578144221e-07,1.6e-05
-8.717762922800714e-06,-1.6e-05
7.623646832853035e-06,0.0
2.045824203986664e-05,0.0
-0.00024070074877082252,1.6e-05
0.00010726636934121751,-1.6e-05
0.0001689544988648995,-1.6e-05
-2.852892578144221e-07,-1.8e-05
-8.855131501870549e-06,-3.2e-05
-2.067379968892936e-05,-1.8e-05
-1.2851648134099416e-05,-1.6e-05
-4.678971719938479e-05,-1.6e-05
1.5991159067654254e-05,0.0
0.00011597102100672418,6.6e-05
0.0002607117590202587,0.00015
0.0002038205510271437,0.000184
-9.477800537918114e-05,0.000216
0.00023321390132632121,0.00025
0.00025366696515237463,0.000234
0.0002729725993483492,0.000216
0.0002908286359394651,0.00025
0.00028249100889645806,0.000284
0.00024537744435548293,0.000232
0.00020363694256257295,0.0002
0.00021460818441187618,0.000168
0.00024800178899545103,0.000166
7.854726585234393e-05,5e-05
3.2991159900584415e-05,6.6e-05
-1.75089895592146e-05,6.8e-05
8.319720100627571e-05,6.6e-05
-4.633301357953991e-05,-1.6e-05
-4.546841424645444e-06,-1.8e-05
-3.768741484591903e-05,-3.2e-05
1.1696101166674597e-05,-3.4e-05
-2.5206531341024685e-05,-6.6e-05
-3.7938764557838414e-05,-0.000118
9.473898707649658e-05,-3.2e-05
-6.336362075417141e-05,1.6e-05
-1.678609409944631e-05,0.0
-3.478437843430322e-05,1.6e-05
-4.88653531637057e-07,-3.2e-05
-4.88653531637057e-07,1.6e-05
-2.117319538327885e-05,5e-05
0.00010429989146152867,0.0
-3.4081048942614665e-05,-3.4e-05
-7.178620788538757e-05,-3.2e-05
-2.0700106251355104e-05,-1.8e-05
-9.646940639701695e-05,-6.6e-05
-7.11942584559432e-05,-0.0001
-5.478971295046766e-05,-8.4e-05
-6.776400105817499e-05,-5e-05
-7.15417614888189e-05,-5e-05
-6.283737116310765e-05,-5e-05
-4.633301851047945e-05,-6.6e-05
-5.417945987346483e-05,-6.6e-05
-6.268741142993207e-05,-8.4e-05
0.0001260476227722125,-6.6e-05
3.6369501667105606e-06,-5e-05
-7.145272844455288e-05,-5e-05
-6.285165116400455e-05,-6.8e-05
-3.805838422004762e-05,-6.6e-05
-5.871775855629654e-05,-3.4e-05
-0.00019408553987616163,-3.2e-05
-5.945103857472811e-05,-8.4e-05
-0.00012161007775505886,-5e-05
-5.051915935351326e-05,-5e-05
-5.528140651726157e-05,-5e-05
-5.871775855629654e-05,-6.6e-05
-4.698631375869397e-05,-5e-05
-4.469403484698849e-06,-3.4e-05
-7.771628039014055e-07,-3.4e-05
-2.945273102760968e-05,-6.6e-05
-3.4081044011675124e-05,-5e-05
-6.680280315250017e-05,-5e-05
-2.9532602386217403e-05,-8.4e-05
-0.00017154173796299197,-0.000132
-0.0001385941467223475,-0.00015
-0.00010497883723534504,-0.000184
-8.059952266545397e-05,-0.000184
-0.00016305837207105232,-0.000232
-0.00018822594663520388,-0.000134
-0.0001843607803703409,-5e-05
-9.58445873246241e-05,-8.4e-05
-0.00012670231818538976,-5e-05
-8.03543267660758e-05,8.4e-05
-2.6598757464379287e-05,6.6e-05
0.0001529391721407761,0.0001
4.853677395363149e-05,5e-05
-5.0319831053701025e-05,0.0
5.310516616045276e-05,0.0001
6.147072451046275e-05,0.000184
0.00015729667299457271,0.000216
0.0001229243558080904,0.000168
0.0002720031766355279,0.000266
0.00020757053054444054,0.000366
0.00025218018826341296,0.0005
0.00032195174010419116,0.000684
0.0004501164641208176,0.0008
0.000583365677130824,0.00095
0.0007294203823263337,0.000934
0.0008393158767424669,0.000966
0.0009108644405733088,0.000916
0.0009410367412529024,0.001118
0.0009815233840167836,0.001282
0.0010669541599902584,0.00135
0.0011623484318381396,0.001234
0.001243901201380199,0.00115
0.0012611080501957342,0.0011
0.0018037720683677972,0.0012
0.0011697411330759413,0.00125
0.0010864331857440848,0.0013
0.001210665643270639,0.0012
0.0012534820563465947,0.0011
0.001210665643270639,0.001116
0.0014953756463460877,0.001068
0.0008019904790390157,0.000966
0.0005946991852459743,0.00075
0.0009715097897966892,0.000584
0.0008373364792700785,0.0005
0.0006562586123168214,0.000582
0.0006017466812687243,0.00055
0.0002282137905702851,0.00025
0.0004672609069655823,3.4e-05
-0.00020910995485296492,-0.000216
-0.0008615393695324376,-0.00055
-0.00012788420522094775,-0.000684
-0.00036097938173965284,-0.000734
-0.00055101033588507,-0.000882
-0.0007154450984780891,-0.001168
-0.0008716721741467597,-0.0012
-0.0010008471687793254,-0.00115
-0.0011031526454811753,-0.0011
-0.0011553992240112996,-0.001232
-0.0011717435134356424,-0.001134
-0.0011552041954907629,-0.00105
-0.0009638483965107535,-0.000866
-0.0005051167009583816,-0.000684
-0.0009378053829413412,-0.00065
0.0001399163537261533,-0.0008
-0.0007521590596790488,-0.000866
-0.0007521591385740814,-0.001
-0.0003694040694511114,-0.001084
-0.0006986715411814809,-0.000966
-0.0009809374550426473,-0.000884
-0.000985279285370598,-0.0008
-0.000936100461287297,-0.001016
-0.0009185370069245023,-0.00105
-0.0009399981914768572,-0.001168
-0.001011796694770911,-0.001166
-0.0007182792447334444,-0.000784
-0.0010458791121601798,-0.000432
-0.000895086484125654,-0.000118
-0.0006347010030199701,0.000234
-0.00028433938615256396,0.000116
-5.630678553193987e-05,-0.000166
1.2413989257343856e-05,-0.000166
1.4733658427509003e-07,0.000116
-2.8496557749322262e-05,0.000384
3.633236514669589e-05,0.000366
-5.506081600616915e-05,0.0
-5.600563333070464e-05,-6.6e-05
7.412637777080918e-05,0.000132
0.00010390503168534708,0.000118
0.00013344383483896406,0.000116
7.297504283661765e-05,0.000216
0.00014447790671983784,3.4e-05
7.065877343699365e-05,0.000116
0.000514065582280983,0.000268
0.0001562608108024404,0.000132
0.00013541613175842027,0.00015
0.00016501575312027702,0.000218
0.0001906513527414486,0.000232
7.720521203877038e-05,0.0003
0.00022367829266110994,0.000384
0.0002818677775865959,0.000366
0.0003190137088146868,0.0003
0.00029520405582753636,0.0003
0.00014451217674961458,0.000234
0.0008522509540189822,0.00035
0.0003659911642514367,0.000484
0.0003397249763586149,0.000316
0.0003437642047891065,0.00035
0.00037340122239640596,0.000584
0.00043084106644607917,0.0008
0.000507653664640694,0.0009
0.0005768995586031527,0.000632
0.0007258457272951869,0.000718
0.0007600409645810443,0.00095
0.0007967798566122992,0.000932
0.0009570215849088129,0.000884
0.0008687289705235474,0.00105
0.0009525002683817439,0.001016
0.0009688659383599159,0.0009
0.0008201553502351644,0.000818
0.000943706075785199,0.000866
0.0008609315377686126,0.000766
0.0008362460710247965,0.000718
0.00039447104813965,0.000666
0.0006330871806957233,0.0006
0.0005956669511631115,0.000584
0.00044179497111197303,0.000432
0.00040813128910812026,0.00045
0.0005146153623155136,0.000484
0.0007258316839793877,0.0006
0.0004898784165629394,0.000766
0.0005396519119543087,0.000684
0.0006309113740397282,0.000734
0.0005288790713881849,0.000732
0.0007282722229172035,0.00055
0.0006731422281838782,8.4e-05
-0.00044513754139010307,-0.0004
-0.0005325163935080321,-0.000566
-9.382498297125738e-05,-0.000468
-0.00034370914076544,-0.00075
-0.0005492668345600945,-0.000816
-0.0006534569558002048,-0.001
-0.000763238920264456,-0.0013
-0.0009717873669541361,-0.001416
-0.0011388960399913413,-0.00155
-0.0008146189946517589,-0.0015
-0.0014438485360508885,-0.001318
-0.00034922248343216425,-0.00115
-0.0013834217260677534,-0.001116
-0.0012747876843275346,-0.001134
-0.001181505669186906,-0.001232
-0.001159101767890258,-0.001218
-0.0011762568615644208,-0.001066
-0.0011641658033464417,-0.00115
-0.0011173607730033943,-0.001166
-0.0011513554591164345,-0.00115
-0.0006777645942329973,-0.0012
-0.0011670088647404784,-0.001134
-0.001163107978749615,-0.000984
-0.0011189980816145178,-0.000932
-0.001065194351826371,-0.000684
-0.000937517731652556,-0.00045
-0.000767783668616201,-0.000234
-0.0005814570334879753,-0.000132
-8.350898409128547e-05,-8.4e-05
0.0002522716867774471,3.4e-05
-0.00010638944097035115,0.000316
2.918706671189848e-05,0.000434
0.0004772110695794828,0.00035
0.00029933910227509586,0.000366
0.00036543377084626217,0.000516
0.0004148742108575968,0.000534
0.00043941817936048145,0.000466
0.0004688806219844405,0.000434
0.0004865146874013939,0.000366
0.00027064466334578244,0.000284
0.0003857680187532508,0.000134
0.0003017260912095483,0.000232
0.00025191267493169384,0.000434
0.00042854727226886125,0.0004
0.0007669729188285816,0.000384
0.00036057817606615364,0.000432
0.00040828225475296123,0.0004
0.00020569063943189314,0.000384
0.0005740938934545587,0.00055
0.0004398878809369438,0.00085
0.0005413610150450795,0.00085
-0.001226855559549056,0.000666
0.0004860421061562424,0.0006
0.0007387476686580187,0.0008
0.000726510891314865,0.000934
0.0006603813116917822,0.00095
0.0008175217551526263,0.001134
0.0009515518711951051,0.00095
0.0009899601821157433,0.001016
0.0010106359666187687,0.000934
0.001006547704925529,0.00095
0.0009617154448721333,0.001032
0.000981962987138317,0.001268
0.0012541262342876066,0.001266
0.0009346558688079334,0.0013
0.0012138371446853047,0.001166
0.0012487507212427989,0.0011
0.0012060290611009715,0.000934
0.0011217331901711535,0.0008
0.000996451428711291,0.000616
0.0008580957347175731,0.000418
0.0006871808102810837,-1.8e-05
0.00044645814090762004,-0.000182
0.000200525263306361,-0.000434
-6.169143067676873e-05,-0.000816
-0.0006668272969714615,-0.0011
-0.0006417190317480516,-0.00125
-0.0009077098471284475,-0.001468
-0.0011643795299896996,-0.001482
-0.0013289470729225502,-0.0016
-0.0014531330612749154,-0.001734
-0.0015736578467453939,-0.001634
-0.0016147326519771557,-0.001632
-0.0016512492178066013,-0.001768
-0.001693494036371518,-0.001816
-0.0017131248561680272,-0.001816
-0.0017598689006508906,-0.001818
-0.0018050255770782533,-0.001716
-0.0016435720999763502,-0.0015
-0.0013911401848950762,-0.001266
-0.0007740051730953594,-0.000984
-0.0013732496317272066,-0.00095
-0.0011805586921108536,-0.000634
-0.00012520653740083498,-0.000132
-0.0006834782513874411,8.2e-05
-0.00041858060557846747,0.000134
-0.0001450254922644093,0.0001
-0.0005685511473735144,8.4e-05
0.0008140668627809351,0.000382
0.0005353619551102793,0.000468
0.0002543006106065373,0.000416
0.0003337919910136,0.000234
-0.0004947505642852054,0.000132
-0.0003536596584069871,0.00015
0.00023021123528137606,0.000134
0.00016146061474781446,0.00015
0.00014128223383956585,0.000366
0.000197617507985609,0.000568
0.0003000962184552455,0.000666
0.0004325871713071298,0.000616
0.0005511744131200035,0.00055
0.0005988805036301418,0.00065
0.0006193947111064443,0.000834
0.0006598875076828668,0.000934
0.00011341435844283029,0.001032
0.0008589971893598271,0.001018
0.0009525399525831314,0.0011
0.0010195353262937423,0.001282
0.0011053925299183093,0.0014
0.0011962833944115171,0.00155
0.0013289165950071424,0.001468
0.001422565314259201,0.001116
0.0013794501256948668,0.000934
0.001260749314482595,0.00105
0.00157309593189053,0.000966
0.0010147293564891262,0.000966
0.0009779319243436973,0.001
0.00099464567920561,0.001018
0.000986941579274217,0.001082
0.0015400570590971912,0.000968
0.0010159676140254622,0.000766
0.0002743859052382211,0.000316
0.0007757494389378286,-0.000132
0.00046896997060883686,-0.0006
7.489671379985547e-05,-0.000934
-0.0014481839758812,-0.00115
-0.0012516795659700817,-0.001266
-0.0009937851166230646,-0.001318
-0.0011706609946936185,-0.001416
-0.0012898791995295468,-0.001516
-0.001381373295441858,-0.001634
-0.001473908647994154,-0.001684
-0.0015650860592456906,-0.00175
-0.001648122923245604,-0.001732
-0.0017011195568504619,-0.001568
-0.0016852591306609295,-0.001466
-0.0012751812127500416,-0.00125
-0.0015083313396589383,-0.001134
-0.0013587509337999971,-0.001282
-0.001600236636481054,-0.001318
-0.0012477114614114606,-0.001166
-0.001226907709165591,-0.000834
-0.0005636169336934403,-0.0005
4.4600796931558586e-05,-6.6e-05
-0.0006515978732525002,0.000184
-0.00031371561622967173,0.000132
-6.917673495906074e-05,0.0001
8.517964579929747e-05,0.000168
0.00014519104878120347,0.000182
0.00014470533151312746,0.00025
0.00017367827976932573,0.000368
0.00024003843998700135,0.000482
0.000317659100829054,0.000518
0.0004118920575211223,0.00045
0.00045312453447549447,0.000482
0.0004824011398502124,0.000484
0.00048290125546173417,0.000366
0.0004443126299441354,0.0002
0.00038012442038773766,0.000368
0.00035199047149362756,0.000682
0.0005530676177692987,0.001
0.0008397784383184808,0.001084
0.0007764852929066981,0.001016
0.0008177006890865168,0.00105
0.0010366961004102508,0.00115
0.0010737707697001642,0.001318
0.0011305895520533713,0.001482
0.001245916890567574,0.001318
0.0013140889836891088,0.00125
0.0013398802432095598,0.001366
0.0013519012426386084,0.001234
0.001290682247633342,0.001166
0.0012522152388084649,0.000984
0.0011840840133138062,0.001066
0.0011101375138627414,0.000984
0.0004917647573444002,0.00095
0.0009949390898317736,0.000882
0.0009688564709560063,0.0007
0.0008762800140917364,0.000518
0.0001454531578031909,0.000166
7.54020512763461e-05,-0.000266
0.00027035442824468043,-0.00035
-0.0002011331345177023,-0.000334
-0.00020124122071233627,-0.000484
-0.0003604600946352142,-0.000766
-0.0010260846640661005,-0.0011
-0.0011926086460168589,-0.0013
-0.001556533679924002,-0.001316
-0.0013671452074763965,-0.001334
-0.0013566665270392454,-0.001484
-0.0013603220494787865,-0.001566
-0.0014275870075157215,-0.001666
-0.0015155144167951762,-0.001634
-0.0015383791439771213,-0.001484
-0.0015892320417567277,-0.001382
-0.001354795768026719,-0.00135
-0.0014652451844665933,-0.001418
-0.0014097355862840114,-0.001432
-0.0013962945551635635,-0.001468
-0.001418061852442327,-0.001316
-0.0010701206365556707,-0.001266
-0.0013725444679260105,-0.0011
-0.00129075738013719,-0.000768
-0.0004650529750166431,-0.00045
-0.0009037804011357904,1.8e-05
-0.000585224705216328,0.000266
0.000303317147607822,0.000334
0.0003826969507150591,0.00045
0.00026307951729051993,0.000416
0.00036472071754180816,0.000334
0.00038223588814466423,0.000282
0.0001035645700341291,0.000218
0.00031070115066828187,0.000282
0.00027797904143074976,0.000384
0.0002900249125188191,0.00035
0.00030691558949129166,0.00025
9.422523248621761e-05,0.000134
0.0001289652399720369,0.0001
0.0002060490003936276,0.000466
0.00036411547429937417,0.00075
0.00035591630803854423,0.000716
0.0005015570509981091,0.000918
0.0007084936327246727,0.000982
0.0013181153916768061,0.001068
0.0009177817992398188,0.0012
0.0010393807405788679,0.001316
0.0011383456438112344,0.001334
0.0007818155202028053,0.00135
0.0012985368003918646,0.001482
0.001368875351108034,0.001384
0.0013860741526302458,0.001334
0.0012331972756250335,0.0013
0.0013148145024087104,0.001216
0.0013069817246791798,0.0012
0.0009603236576023975,0.0011
0.001202237602520296,0.0011
0.001152652705704308,0.0012
0.0011487591569514747,0.00115
0.0008080837001951997,0.00105
0.0006527043910991127,0.000684
0.0010159928604358878,0.000232
0.0007700656041056999,-0.0003
0.00040397699227261136,-0.000516
-0.0005314906002944327,-0.0004
-0.00025310074021262516,-0.0003
-0.000231300149230113,-0.000234
-0.0003651417653160011,-0.000332
-0.0003129498215959383,-0.0003
-2.0006719000846333e-06,-0.0002
-0.00023330305742221013,-0.000184
-0.00013768742583666885,-0.000134
-0.00013783736584608628,-0.00015
-0.0005680752130894783,-0.000166
3.430732813069512e-05,-0.00015
-0.00018783738859974957,-0.0002
-0.00013030082910201292,-0.000166
-0.00016655614389295047,-0.000168
-0.0002173030659200444,-0.000216
-0.00024617943679448623,-0.000216
-0.00017119426451575349,-0.00015
-0.0001668027894885523,-0.000168
-0.00018822594663520388,-0.000166
-0.00018380279525242202,-0.000166
-0.00017125010247506165,-0.000118
-0.00021396379421859856,-0.00015
-0.00013768740611291071,-0.000166
-0.00014185511510395813,-0.000184
-0.0004927994901295131,-0.000216
-0.00017961007653604687,-0.000216
-0.0002084797610564776,-0.000234
-0.00018477622188814666,-0.00025
-0.000251119468983213,-0.00025
-0.0002670088496497022,-0.000284
-0.00028083508576671985,-0.00025
-0.0003643447282493662,-0.00025
-0.00025886871659699994,-0.000216
-0.00022562205401160452,-0.000284
-0.00026268741368767353,-0.000266
-0.00020834747381059983,-0.000234
-0.0002223198629754711,-0.0002
-0.0003893976486074215,-0.000182
-0.00014570010396423887,-0.000168
-0.00019661459904053176,-0.000166
0.0003271320668383971,-0.0002
-0.0001339222491637214,-0.000184
-0.0002465377780324626,-0.000216
-0.00024617943679448623,-0.000234
-0.00020896330871115768,-0.000232
-0.00021699908335951536,-0.000268
-0.00023797251909670532,-0.000366
-0.00042210425497105173,-0.000266
-0.00022935534722951076,-0.000218
-0.0002793553305356578,-0.00025
-0.00027637236852509937,-0.000366
-0.00027637236852509937,-0.000684
-0.00038406824970915645,-0.000732
-0.0008475142784858032,-0.000718
-0.0006465467765816596,-0.000716
-0.0009129387732027224,-0.000884
-0.0007642468832006923,-0.00115
-0.0008713902821953529,-0.001316
-0.001022253836864168,-0.001384
-0.0011882791233139907,-0.0015
-0.0009335360571483312,-0.00155
-0.001439792858006104,-0.00135
-0.0012931017460302912,-0.001282
-0.0014231952366321483,-0.000918
-0.001280664654199418,-0.00055
-0.0010329265201864319,-0.000366
-0.00022386314843151787,-0.000116
0.00037284272446077535,0.000132
-0.00023138038547824643,0.000168
-5.082955213543936e-05,0.000166
8.456477736288874e-05,0.00015
0.00015363694939454688,0.000184
0.00026694249421822883,0.000282
0.00018223599436759254,0.000284
0.00022353028557999072,0.000166
0.0002276506575514904,0.00025
0.00024431261782451486,0.000518
0.0003012629576445482,0.000482
0.00035029188116594796,0.000368
0.0005550287115941285,0.000366
0.0004318203115904566,0.000434
0.0004112946248869137,0.000582
0.000435322343744114,0.0008
0.0014293823184442697,0.000934
0.000682717126575314,0.0011
0.0007051058011306742,0.001
0.0009557984752187321,0.000984
0.0012368920088957664,0.0012
0.0012851022386640883,0.001316
0.0011215456566787121,0.001416
0.0012250129416303285,0.001518
0.001359575835827817,0.001582
0.001455492156106277,0.001618
0.001133667010589202,0.00145
0.0015404108244232778,0.00145
0.0015231129307401458,0.001432
0.001485622169048408,0.001234
0.0013892372122764254,0.001084
0.0005207567488890874,0.000966
0.0011746794887452258,0.000634
0.000974021649843957,0.000182
0.0007078231038427791,-0.000266
0.000367473128543411,-0.000616
-2.8157984647946652e-05,-0.0008
-0.0003842847376785548,-0.001
-0.0006771988379543694,-0.0012
-0.0009094127175116446,-0.0012
-0.0010541121243899864,-0.001134
-0.0011355251708293475,-0.001216
-0.0011882844881762062,-0.00135
-0.0012269457365712943,-0.001418
-0.0014324183815208281,-0.001516
-0.0013777064121176254,-0.00155
-0.0014604644610724028,-0.001616
-0.0015267730535244086,-0.00165
-0.00158431041183435,-0.001534
-0.0016983951535854249,-0.001484
-0.0015726270042497094,-0.001582
-0.0015640198717754106,-0.001668
-0.001568682568200862,-0.0016
-0.0015851321824936987,-0.001482
-0.0015846509227949634,-0.00105
-0.0014559595547121104,-0.000518
-0.0011730310803673408,-0.000232
0.00024130999122708597,0.00025
-0.00039917325596173977,0.00035
0.00024922284741468476,0.00035
5.1566870815216656e-05,0.000316
0.00031548637107932945,0.000316
0.0003325752915449163,0.0003
0.00032004472882419453,0.000218
0.00028649063202059474,1.6e-05
0.00020953931663494698,-6.6e-05
0.00011333484211186918,0.000316
0.00011721014638841862,0.000416
0.0004368751163278285,0.0005
0.0005368750829401225,0.000618
0.00045974927146616684,0.000616
0.0005353950121289301,0.000584
0.0005783126080841688,0.0005
0.00035803669093415223,0.00035
0.00022019448525997839,0.000232
0.00041313867793091183,0.000218
0.00034746063430304,0.0002
7.91554134181648e-05,0.000132
0.00018319720213514644,0.000184
9.95113377353546e-05,0.00015
0.0003974666925266956,0.0002
0.00018731258399583547,0.0002
0.00037883294815192666,0.000384
0.00020404473126221852,0.000332
0.0002769881198215506,0.000534
0.0006247934587383468,0.00065
0.0006281193971792866,0.0007
0.0005504883024691754,0.00065
0.0005949293220560089,0.000716
0.0006782655138095292,0.000884
0.00132411654232997,0.001
0.0008090821168324939,0.000934
0.0008808936378069235,0.000766
0.00089387707773841,0.000734
0.0008557333807570436,0.000682
0.0009618920119550463,0.00085
0.000881826492672144,0.000934
0.0007975593395341851,0.001066
0.000879546426230595,0.001218
0.001013546483265661,0.001216
0.0008480026143046385,0.00105
0.0011355230162306358,0.00095
0.001105669924852859,0.001234
0.0011095712053188853,0.00095
0.0006686081306615313,0.000682
0.0001937923316403848,0.000334
-0.00011680279632052624,-0.000234
0.00042202261362701604,-0.00065
2.0298511033632594e-05,-0.000866
-0.0003653459851078333,-0.0011
-0.0007204054658614633,-0.00115
-0.0009464479392852682,-0.00115
-0.0010694149993842792,-0.001
-0.0011015192816216809,-0.00105
-0.0010891113020578295,-0.001266
-0.0011190251426106926,-0.001434
-0.0011918126740331637,-0.001516
-0.0013209215546284277,-0.001534
-0.0014401275307343064,-0.00155
-0.0015096086502364011,-0.0016
-0.0015507771827668675,-0.00165
-0.0016340516786049106,-0.001684
-0.0016222587647150494,-0.001716
-0.0016635667836631164,-0.00165
-0.0016756823782362279,-0.001566
-0.0016553872622653988,-0.001384
-0.0015820874653963886,-0.001116
-0.0014340756505751941,-0.000568
-9.633301660944505e-05,-6.6e-05
-0.0007960971234331878,0.000216
0.00033229105246629034,0.00025
-5.0121212809181996e-05,0.00015
0.0001344529516150519,3.4e-05
0.00016045513700510436,0.000116
0.00013557915848136685,0.0003
0.00014761106514866957,0.000318
0.00018900657868786732,0.000316
0.00026039497574069365,0.000266
0.00029948085692488313,0.00015
0.00044474986621469126,0.00035
0.0002686218933292335,0.000668
0.00035373196099527227,0.000716
0.0005577656591693458,0.0006
0.0002988416493709236,0.00035
0.0005800041570301908,0.0003
0.00028879523481727603,0.00025
0.0006627028769204681,0.0003
0.00029912182535537173,0.000334
0.0004365554336558161,0.0005
0.0007806844021207122,0.00055
0.00041836681505486104,0.000582
0.0004891311228143459,0.000718
0.0005854955274303416,0.00095
0.0006960938582442097,0.001066
0.0008242927635337012,0.001216
0.0009829883858767533,0.001334
0.0011378854490861979,0.00145
0.0012629715508652632,0.001484
0.0013683869908563664,0.001516
0.0014442945841322613,0.001616
0.0009770649468306806,0.001568
0.0015447511557456094,0.001366
0.0015141731768084916,0.001234
0.0014421757791373048,0.001182
0.0013338043789605434,0.001018
0.0011969085586496775,0.000932
0.0010884795650991331,0.000834
-4.0130315703772746e-05,0.000766
0.0004692565173671658,0.000534
0.0007628637499517082,0.000284
0.0005991464982324838,-0.000218
0.00033244351711675033,-0.000682
-3.210894926073989e-05,-0.00095
-0.000403148184940679,-0.0011
-0.0007458125065732519,-0.001234
-0.0013259484305242666,-0.0014
-0.0011751176961890047,-0.001484
-0.001308180795817156,-0.001516
-0.0014112104500230535,-0.001634
-0.0015105818993583027,-0.001482
-0.0015305407647002776,-0.0014
-0.001510085491813312,-0.001418
-0.0014857836127178978,-0.0015
-0.0014754687183683819,-0.001532
-0.0014638659415070377,-0.001584
-0.0015099946047357803,-0.001584
-0.0015508900026634563,-0.00165
-0.0015885393433706793,-0.001732
-0.0016390097580323399,-0.0016
-0.0010665407744523737,-0.00125
-0.0015625617337832753,-0.000834
-0.0013626308337121944,-0.000616
-0.0010844012686128304,-0.0004
-0.0007827921073489069,-0.0001
-0.0004942268985064586,0.0002
-0.0002366395875212738,0.000282
-1.117018049395933e-05,0.000334
0.000174833658073937,0.000334
0.0002861402789046671,0.000282
0.0003073532399607686,0.0002
0.0002861402789046671,0.000168
0.0002443713354525122,8.2e-05
-6.324680679655831e-05,3.4e-05
-0.00021478617631444965,0.000134
0.00016163638301852263,0.00015
0.00021971861014721667,0.0003
0.0001521428451294344,0.000482
0.00026302178585042987,0.000484
0.0005189584549639855,0.000434
0.00042314225248186874,0.000366
0.0006861480348571011,0.0005
0.0004447043437808929,0.000766
0.0007281756553973262,0.0009
0.0006277697738424104,0.001018
0.001505034607394737,0.0011
0.0009428775201530485,0.001032
0.0009900289785841525,0.0009
0.0009002617371449428,0.000934
0.0008934453641201347,0.001066
0.0012478409037270915,0.00115
0.0009324909891139505,0.000968
0.0010273970585002294,0.000966
0.0010356023785736005,0.0011
0.0010439919185480449,0.00105
0.0010195900005513197,0.00095
0.0010149773235765237,0.000984
0.001019558994803516,0.0011
0.001019558994803516,0.001066
0.0010235004328411252,0.001034
0.0010449392112042277,0.00115
0.0011736129856948154,0.0013
0.0011349470035977726,0.00115
0.0011561580120018175,0.0009
0.0007406742853536114,0.0006
0.0009809175490616052,0.000282
0.0007249378032602613,-6.6e-05
0.0004200793500795491,-0.000166
0.00015500136994985673,-0.000134
-2.5429409808061916e-05,-0.000116
-0.00012139920119485279,-0.000118
-0.00013768740611291071,-0.000132
-0.00016795623486486535,-0.000134
-0.00022520653359876618,-0.000216
-0.00014195255046919387,-0.0003
-0.00019721666675790445,-0.000418
-0.00026960640942610953,-0.000316
-0.00031428066245300646,-0.00025
-0.000150285286020181,-0.000184
-0.0002720634177019764,-0.000182
-0.00011727746828404111,-0.000168
-0.00013768740611291071,-0.000132
-0.00010028528299027585,-8.4e-05
-0.00014662254468515902,-8.4e-05
-0.00011787853008974842,-0.0001
0.0004506897548750569,-0.000166
-0.00023906843027050975,-0.000184
-0.00013455173290491547,-0.000282
-0.0004147928550643232,-0.000318
-0.00023909022502325986,-0.000332
-0.0006766345806813604,-0.00025
-0.00020051913392665194,-0.000184
-0.0002724646975614341,-0.000284
-0.00026383691431235764,-0.0005
-0.0003074377412497353,-0.0007
-0.00042194315131452426,-0.000932
-0.0006099461875425167,-0.001168
-0.000831203440555274,-0.001166
-0.0007296658492055208,-0.000966
-0.0010607196622635566,-0.001118
-0.001106544579616868,-0.00125
-0.0011275604017103114,-0.001282
-0.0011570934159409129,-0.001284
-0.001235187742834815,-0.001434
-0.001314272123492558,-0.001566
-0.0013944291610132526,-0.0016
-0.001474087424137979,-0.001684
-0.0015732324447297248,-0.001766
-0.001526179605089345,-0.00165
-0.0016764994151936218,-0.001466
-0.0016442217216746102,-0.000968
-0.0014700599905148582,-0.000366
-1.6802800122595034e-05,-1.6e-05
-0.0007177941980731452,6.6e-05
-0.0003310982431777941,0.000166
-4.246710767374649e-05,0.000184
9.799932429784657e-05,0.000116
0.00013185794606532434,0.000134
0.00014933912277101765,0.000166
0.00024397169266498047,0.000134
0.0001370501563638126,0.000184
0.00015396524148698947,0.0002
0.00017038991508765188,0.000182
0.00033538857006415424,0.000234
0.0003782722806029001,0.0003
0.0003454820257809774,0.000366
0.0002687833520134075,0.000434
0.0003316528902715125,0.000516
0.0003994475101096704,0.0006
0.0004768234582844195,0.000518
0.0005155437201638772,0.000666
0.0005734488871157046,0.000684
0.0006037053687950605,0.000616
0.0006194004704438227,0.000584
0.0006365146570435931,0.000782
0.0006646189216816951,0.000818
0.0006974842254033591,0.000782
0.0007392154373061829,0.000918
0.0008236186843753415,0.001082
0.0008971160344059309,0.001218
0.0009959159681251736,0.001332
0.0015315971447536858,0.00145
0.0012671204828385567,0.00145
0.0013601107441487063,0.001318
0.0013859444491966851,0.000932
0.0012822380334013201,0.0008
0.0009073696273151324,0.00105
0.001020266604350722,0.001284
0.0010120868462679066,0.001366
0.0011195305986515978,0.0013
0.0012470367266600082,0.001084
0.0012558876447849778,0.00075
0.0007025043952214287,0.0006
0.0009266881805726918,0.000334
0.0006852814518192472,-0.000134
0.00037917034275875315,-0.00045
7.741729667916283e-05,-0.000566
-0.00021264224325161663,-0.000718
-0.00047231798464421483,-0.000916
-0.00014578815082059768,-0.0011
-0.0008299969777170674,-0.0012
-0.0009880638066504606,-0.001284
-0.0011284004760172184,-0.001316
-0.001227075676689953,-0.001334
-0.0012847761899272689,-0.001466
-0.0013517198084965075,-0.0015
-0.001405988387816613,-0.001584
-0.0014732325175649472,-0.001666
-0.0015559255570128788,-0.001734
-0.00162317662952408,-0.001782
-0.0016933480805612457,-0.001818
-0.0016764605988375926,-0.0018
-0.0017842774458303524,-0.001766
-0.0017919854905133746,-0.001666
-0.0017639580301894886,-0.001318
-0.0005949514370979632,-0.000782
-0.0013925407295134285,-0.00015
-0.0009932060270839308,0.0001
-0.0005512248514786538,0.000132
-0.00018410172853086594,0.000118
9.179495976451616e-05,0.0001
0.00011216261971780218,0.0002
0.00013656066199605184,0.000282
0.00037128782171118123,0.0003
0.00021853737399567748,0.000334
0.00023439795797527513,0.000416
0.0003317237182870108,0.000468
0.0004283946892758524,0.0005
0.0004279429363193019,0.000482
0.00046572253272531363,0.000618
0.0005155260871240957,0.0007
0.0005727903502787631,0.0006
0.0005980687920874471,0.000632
0.0006365606922951033,0.000534
0.0006150169835386701,0.0004
0.0007022430948735251,0.00045
0.0005018159450475188,0.00055
0.000481977315735195,0.00065
0.0005101187004861258,0.000484
0.0005316082083551768,0.000566
0.00019498919887025383,0.000666
0.0005896949916720023,0.000918
0.0006544555846897647,0.001232
0.0008391178502106922,0.001418
0.0010513439888440682,0.001316
0.001053458217927135,0.001166
0.001280659974959664,0.00135
0.001310212949633508,0.001234
0.001264720811527617,0.0012
0.0012357818768923396,0.001166
0.0012357818768923396,0.001318
0.001228098841934645,0.001466
0.001284586422941083,0.001334
0.0013183628853940083,0.001166
0.0013183628064989757,0.000884
0.0012071085818317574,0.000582
0.000984410232153902,0.000284
0.0007208264253224757,-0.000166
0.000386387581444098,-0.000618
9.224192824264173e-06,-0.000932
-0.001164803354104717,-0.001084
-0.0007087065159554044,-0.001234
-0.0009726545022572179,-0.001316
-0.001079621255273933,-0.001266
-0.001227145262108688,-0.001268
-0.0012717276615939043,-0.001282
-0.0014229475062298483,-0.001284
-0.0012752065380554995,-0.001266
-0.0013384392498723265,-0.001334
-0.0012921346507209313,-0.001366
-0.0013134853822276747,-0.001368
-0.0013345238471954683,-0.001432
-0.0013758833057047773,-0.001568
-0.0014355353664679811,-0.001666
-0.0015113798437178122,-0.001784
-0.0016157054277288615,-0.001782
-0.0017022308722793775,-0.0016
-0.001268592530789258,-0.001284
-0.0016175547272925263,-0.0008
-0.001375735298623658,-0.00035
0.0006905966890591642,-0.000134
-0.0006529527376469888,0.000334
-0.0002476207306971658,0.000466
0.00040366697424209,0.00045
0.00039582054767192324,0.0004
0.0004112233037774618,0.00035
0.00041537156514297836,0.0004
0.00039912183141518204,0.000468
0.0004034582574334008,0.000482
0.0004236782653332142,0.000518
0.0004659383106394187,0.000482
0.00048703803760001037,0.000368
0.00039129481302302985,0.000366
0.0004471983735507977,0.0003
0.0003773760330327964,0.000234
0.00031563074898895003,0.0004
0.0003234205880969991,0.000416
0.00033565259229068176,0.000516
0.0006038205555426267,0.000584
0.0005789652277936669,0.000466
0.000493958473172791,0.000668
0.000556618919870802,0.000966
0.0006664171367117646,0.001216
0.0008219185753182847,0.001368
0.0010479210489605718,0.001482
0.001253209158428902,0.0015
0.0013886909430708444,0.001568
0.0014777157822534806,0.001566
0.0015280430813260422,0.0015
0.00153266743476566,0.001366
0.0008146597589507705,0.0012
0.0014045270695903424,0.001218
0.0013179800078008997,0.00115
0.001231504424910974,0.00115
0.0011787499201611027,0.0011
0.001153458302881978,0.000866
0.0010635850265189812,0.00065
0.0009365520320209503,0.000216
0.0006999264211368591,-0.000282
0.000351599566330954,-0.000668
-3.3355273814157215e-05,-0.000966
-0.0004359709642397827,-0.001034
-0.0007448602435300168,-0.001182
-0.0009671396605848747,-0.00125
-0.0012215269101536004,-0.001084
-0.001139582900144979,-0.001066
-0.0011473544553292278,-0.001184
-0.0012016195632678997,-0.00135
-0.001173794942072776,-0.00145
-0.0012661695065486747,-0.00155
-0.0013868516087141168,-0.00155
-0.0016144693003584051,-0.0016
-0.0015388518830123379,-0.001666
-0.0015926818059513012,-0.001768
-0.0016480233577144887,-0.0016
-0.0015705216114102914,-0.001716
-0.0016890397806221416,-0.001734
-0.0017060667487633953,-0.0016
-0.0016640586152962173,-0.00125
-0.0015798244402818768,-0.00065
-0.0013188955301917848,-8.2e-05
-0.0009098731489217788,0.000332
-0.0004272806369536287,0.000384
0.00036136180097725006,0.0004
0.00025358552575499436,0.0004
0.0003783060082293279,0.000466
0.00041171545099069303,0.000518
0.00044477057616074345,0.0006
0.0004941849413638105,0.000632
0.0005523713296592678,0.000684
0.0006070054691128307,0.0007
0.0006530056123335014,0.000484
0.000622886841933513,0.000366
0.00040189625413087455,0.000366
0.0004756178632915713,0.000418
0.0011221993809186661,0.00065
0.0004470883938753818,0.000982
0.0005979739208107701,0.00085
0.0006619698631727715,0.000634
0.000775408217921922,0.000566
0.0007035645866692327,0.00065
0.0007656160031632458,0.0008
0.0010481426651070878,0.00095
0.0007378624663924761,0.000868
0.00081427009638486,0.000966
0.0008943443730163787,0.001184
0.0009891004629457238,0.001332
0.0010829947824342026,0.0014
0.0012163736988777699,0.001418
0.0013312163063118037,0.001482
0.0014066744345870928,0.001468
0.0014411561397362465,0.001282
0.0012533773626383616,0.000984
0.0012990179811955673,0.000966
0.0011697771092107976,0.000718
0.0009825432601029394,0.0004
0.0007611349231027925,0.000166
0.0005549523412025915,-0.00025
0.0002497483080554227,-0.000666
-9.75949032080387e-05,-0.00095
-0.00043547321547923826,-0.001118
-0.0007541526582573015,-0.001232
-0.0009047684036287841,-0.001334
-0.0011620357163618263,-0.0014
-0.0012736461521011412,-0.001434
-0.0013519107344753501,-0.001416
-0.001396937707469152,-0.0015
-0.0014384445418993196,-0.001534
-0.0014721906297647015,-0.001582
-0.0015095029308927446,-0.001518
-0.0015342573518950353,-0.001516
-0.0015381620248474624,-0.0016
-0.0009173435617666714,-0.001634
-0.0018669430298069464,-0.001666
-0.0016053872197879773,-0.001716
-0.0016550607946205847,-0.0015
-0.001630984555318348,-0.001368
-0.00156591855962947,-0.001032
-0.0014101521520560314,-0.000584
-0.0011297749852748195,-0.00015
-0.0007948934219211216,0.00015
-0.0004150766799440281,0.000166
-0.00011204074146341983,0.00015
0.00019114488061775,0.000168
0.0002736782956910151,0.000182
0.00016621391225630453,6.8e-05
0.00014090270928534193,0.0001
0.00012832983910339934,8.2e-05
0.00012403539510439195,6.8e-05
-0.0001699685710133557,0.0001
3.636179977388992e-05,6.6e-05
0.00012436136965525253,5e-05
-9.881698872977074e-06,8.4e-05
-0.0001854979930937007,3.2e-05
5.3666980152921524e-05,3.4e-05
5.6674335521365635e-05,3.4e-05
4.115608448453995e-05,8.2e-05
9.128223574060026e-05,0.0001
9.039135303271196e-05,0.000218
0.00010682136684089208,0.000332
0.00018050396240797828,0.000318
0.0003230568819968074,0.000316
0.0002948717696740694,0.00045
0.00035261626689204854,0.000584
0.0007785121851886994,0.0007
0.0005089324347762596,0.000766
0.0006220185626524588,0.000716
0.0006898461211667187,0.000734
0.0007283899343058123,0.00085
0.0007652238159562929,0.000934
0.0008062962543370773,0.00105
0.0008891331194294015,0.001282
0.0010249724563589945,0.0014
0.0011619362052929115,0.001284
0.0013902855694693423,0.0011
0.0012638378972180191,0.00105
0.001205009106119783,0.001166
0.0011478266176663844,0.00135
0.0011636814423086038,0.001434
0.0011730386298576363,0.00135
0.0013225697263212152,0.001266
0.0013485264287249855,0.0013
0.001335931625723986,0.00135
0.0013156160759397186,0.001268
0.001278265589615907,0.00115
0.0011467878067724093,0.00105
0.0012016712150814074,0.0008
0.0010627253862439945,0.000366
0.0008339945645850413,-0.0002
0.0004922358001364165,-0.000616
7.41310769561872e-05,-0.000834
-0.00033234123441608495,-0.00095
-0.001326387086905409,-0.001116
-0.0008835115572108102,-0.001284
-0.0007156403636837235,-0.001284
-0.001161935756355548,-0.001332
-0.0012560350451386684,-0.001518
-0.001356891220092032,-0.0016
-0.0014367216321778471,-0.001582
-0.001538676420459881,-0.001568
-0.0013771412081042256,-0.001566
-0.0015793412871023596,-0.0017
-0.001605383748406544,-0.001766
-0.001652138522613838,-0.001584
-0.0016560491915887413,-0.001566
-0.0016560491915887413,-0.001668
-0.0008801190708098895,-0.00165
-0.001618066282683772,-0.001316
-0.0015534834401744113,-0.000884
-0.0013873992980302841,-0.000382
-0.001069789592998967,-0.000118
-0.0006864347638383272,1.8e-05
-0.00035004598978222965,0.000266
-5.98055632655034e-05,0.0003
0.00011219220535501951,0.000184
0.00018641885120489521,0.000266
0.00025293915847682827,0.000266
0.0003784582361946901,0.00035
0.00026504376691665303,0.0004
0.00038133139604365593,0.0004
0.0003655987798069023,0.00045
0.0003533171703614853,0.000468
0.00042874991416004185,0.000516
0.0004574695206047481,0.00055
0.0004950211498141213,0.00055
0.0006908820523920044,0.0006
0.0005532551512617402,0.000566
0.00039899634886586424,0.000468
0.0003031051566552808,0.000366
0.0004977358095426348,0.000534
0.00048160268267299103,0.00085
0.0008750861744587426,0.001032
0.001192657378714161,0.001118
0.0008779509319867387,0.001066
0.0010139978417470486,0.000934
0.0010358341721793192,0.000882
0.0009976288581775082,0.000968
0.0009608341873582197,0.0011
0.0009690025056613111,0.001316
0.0013067901675400766,0.001416
0.001195635113928811,0.00125
0.000835057832939116,0.00105
0.001254680866366641,0.000868
0.0011370610748907741,0.000966
0.0010300130599905021,0.001184
0.0010141244682743387,0.001182
0.0010465915887665738,0.001134
0.0011142884971068819,0.0009
0.001097093640336299,0.000616
0.00044038200052598953,0.000284
0.0007256198508169115,5e-05
-0.0006699870430262725,-0.00045
0.0007275098602173873,-0.000784
-0.00023535663594898145,-0.0009
-0.0005301433887181043,-0.001082
-0.0008097115658352456,-0.00105
-0.0009569711954158266,-0.001118
-0.0010395574109896455,-0.001216
-0.0011180451085159894,-0.0013
-0.001363303808340098,-0.0014
-0.001261079987996968,-0.001234
-0.0009074173832426751,-0.001032
-0.0012448382621149784,-0.000934
-0.0011544795446165198,-0.000784
-0.0002760728040863948,-0.000916
-0.0009186906155529347,-0.00095
-0.0015107762967185787,-0.001016
-0.0011578633525638567,-0.00105
-0.0009843105332655536,-0.001
-0.001481290225032362,-0.001034
-0.001025468730546752,-0.001084
-0.0013170809444424552,-0.0013
-0.0011073956203333038,-0.001416
-0.001212369169246929,-0.001534
-0.0013376192149036944,-0.00155
-0.001452502058804344,-0.001316
-0.0014563562389359203,-0.0013
-0.0014279084258784506,-0.000884
-0.0012684483895647352,-0.000282
-0.000955924258333496,0.000132
-0.0005971180130351466,0.000218
-0.00021480444051449183,0.000216
6.587353330218793e-05,0.000184
9.526178007894544e-05,0.000166
0.000168460546927798,0.000234
0.00019933913566280186,0.000282
-0.00017089862510491976,0.0002
3.2133439610179536e-05,0.0002
0.0005107818921299895,0.000268
0.00023656068777962026,0.000366
0.0005027512456587495,0.0004
0.00030653549294808153,0.0004
0.00026572370403118176,0.000316
0.0003696457005030704,0.000284
0.0003487278265925746,0.000484
0.0003690705162680492,0.000616
0.00042167934134026237,0.0006
0.0004927123261331969,0.000684
0.0005942153614586803,0.000682
0.000644558084510111,0.000584
0.0006363617584704539,0.000516
0.0007484549923616393,0.0006
0.0005940345340440079,0.000918
0.0006506472425721171,0.000916
0.000732988410174744,0.000684
0.0005940497607852958,0.0009
0.0008520525330120446,0.001132
0.00090406976368246,0.0011
0.0010459911186736109,0.00115
0.0010680186117698217,0.00105
0.0011070569784206402,0.00105
0.0010864707397795926,0.001218
0.001115234211862413,0.001132
0.0014508188877464599,0.00095
0.0010850410039991859,0.001
0.0010723710140321378,0.000984
0.0005823623295539936,0.000766
0.0004111630674200873,0.000534
0.00032438590826812624,0.00035
0.0002159911551617213,0.00025
0.0002370501525617438,0.0002
0.00029940160686465697,0.00035
0.00023257252415896575,0.0003
-0.0001569370051119956,0.000216
0.00025210214135243364,0.000384
0.0003109315438871723,0.0006
0.0005824863525452086,0.000634
0.00045429210206263923,0.000766
0.0005925974215780552,0.000734
0.0006818002479541908,0.000516
0.0006600795381921655,0.000116
0.0005265712338951679,-0.000366
0.00023960921156225228,-0.0008
-0.00036995984550811805,-0.0011
-0.0005488749234857555,-0.0013
-0.0009002216040061918,-0.001284
-0.0011259917317775322,-0.001166
-0.001116912728113375,-0.001116
-0.0012184285444341361,-0.00115
-0.0007333169535232373,-0.001118
-0.0007819749126014479,-0.001082
-0.0011170987626001976,-0.001218
-0.0008480901333286012,-0.0012
-0.0011558976039321045,-0.001216
-0.0006617941094730163,-0.0013
-0.0012344690090880153,-0.001366
-0.0012721610320078638,-0.00135
-0.0013094497435211655,-0.001368
-0.0013466826762464335,-0.001416
-0.0013756141158536158,-0.001516
-0.001414098639375726,-0.00165
-0.0014901769615021227,-0.001534
-0.0015310603673848466,-0.001234
-0.0014872930324812098,-0.000866
-0.0013285230910174677,-0.0005
-2.5362201102183214e-05,-5e-05
-0.0006733762158358249,0.000266
-0.0002981837286795586,0.000284
0.000169829346157416,0.00035
0.00033681503170070886,0.000434
0.0014206579479515578,0.0004
0.00035264135551240885,0.00045
0.0004075489648726506,0.000482
0.0004407656670694239,0.000418
0.0003844428977860446,0.000382
0.00043207774608176365,0.0004
0.00041956325822392994,0.0005
0.00039443546647995666,0.000434
0.0004278819110116016,0.000384
0.00037785654322872213,0.0005
0.00045328851780071104,0.000532
0.0004610740374057264,0.00045
0.00042477088263940843,0.000384
0.00014551751642601765,0.000384
0.0004359902690899325,0.000332
0.00021572253729954606,0.000234
0.0003790447418668865,0.0004
0.0006485401140419824,0.00075
0.00042417707917669843,0.001066
0.0006045325043166246,0.001018
0.0008019338324056236,0.000932
0.0006348582952821017,0.00105
0.0011277768652468777,0.001234
0.0010557688167462925,0.001234
0.0011093142441977737,0.001332
0.0012099704991385808,0.00125
0.0012614906122087124,0.001218
0.0012574098455435676,0.0012
0.0012487437784799319,0.001082
0.0011859249500040174,0.001018
0.001187312476941994,0.0012
0.0011230568121327407,0.001182
0.0011186566783757139,0.001084
0.001119162947799777,0.000984
0.0011103587355340944,0.000682
0.00047020061477452896,0.0004
4.235505476012117e-05,0.00015
0.0005462751499393621,1.8e-05
-7.067379778789496e-05,-6.8e-05
0.00012061733685103638,-6.6e-05
-9.263040369733316e-05,-0.000116
-0.0001460347569686832,-0.000118
-0.00013824681134141603,-0.0001
-7.984457609870023e-05,-8.2e-05
-4.196330865039115e-05,-0.0001
-9.643543222361238e-05,-0.000134
-0.00010446940214809982,-0.000166
-0.00016268740762786328,-0.00015
-7.11942584559432e-05,-0.0001
-9.782802816743219e-05,-0.0001
-0.0001584694030535464,-0.000134
-6.268741142993207e-05,-6.6e-05
-0.00010048865466050779,-5e-05
-0.0001361482922317116,-5e-05
2.0547265838621036e-05,-1.8e-05
0.0001064969701906831,1.8e-05
-4.6225510702846e-06,5e-05
1.6347082912522945e-05,5e-05
4.563695128185841e-05,5e-05
2.0155413935556546e-05,0.0
8.282237910129453e-06,-3.4e-05
-2.9610077308210526e-05,-3.4e-05
-5.354322221218091e-06,-8.2e-05
-0.00026285165342174605,-0.000268
-0.00010689108517312916,-0.0005
-0.0002255443621282718,-0.000516
-0.0003459413179222133,-0.000616
-0.00047816209473502887,-0.00085
-0.0006239657953843867,-0.001
-0.0007502233700547095,-0.001134
-0.0014713008515872695,-0.001334
-0.001083913855101554,-0.001382
-0.0013130301578896907,-0.0014
-0.001315124978794743,-0.00135
-0.0011259963865844543,-0.001334
-0.0013671452074763965,-0.00135
-0.0013591179534915574,-0.001416
-0.001467763987276728,-0.00145
-0.001388676450817682,-0.001518
-0.001435003613948395,-0.00165
-0.0015107215435659683,-0.001632
-0.0015645423146811524,-0.001618
-0.0016057708074363791,-0.001516
-0.0013437345266690008,-0.001184
-0.0013147850989943903,-0.000832
-0.0012951389735615605,-0.000434
-0.0010014831416369492,-0.000166
-0.0006635963875972637,5e-05
0.00030913536040419183,0.00015
-0.00010555731533797647,8.2e-05
2.0044727286684646e-05,6.8e-05
8.656066882802578e-05,8.2e-05
2.0213790712358434e-05,0.0001
8.271363362783749e-05,8.4e-05
8.321390209848489e-05,0.000134
9.948084480526261e-05,0.000132
0.0001119698594294522,0.0003
0.00040715610705792073,0.000468
0.00025505679977005414,0.00055
0.0003585145186989703,0.000682
0.0004965672557675827,0.00065
0.0005854055081981683,0.0007
0.0006440616769651205,0.000834
0.0007147595551071734,0.00075
0.0007318144520899603,0.000716
0.0007487158193393474,0.000768
0.0007659336345644111,0.000816
0.0007616035595963149,0.000716
0.0007529668414847988,0.0006
0.0007230065317577464,0.000668
0.000698049429416759,0.000932
0.0007259190207804532,0.00115
0.000832071261480817,0.001234
0.0009905668060212474,0.00135
0.001162708982137028,0.001316
0.001260579137897321,0.001218
0.0016801179903250835,0.001282
0.0012366232924148006,0.001234
0.0012615354245872176,0.001234
0.0012414026745934373,0.001266
0.0012364707094217916,0.0011
0.0012069125276757972,0.000916
0.0011255817687554168,0.001
0.0010672683200099902,0.000984
0.000998368025737746,0.0009
0.0004824500153228954,0.00065
0.0008800266602939067,0.000434
0.00012065877646689879,8.2e-05
0.0005090560632923117,-0.0003
-0.0008994454346756743,-0.000582
-0.000101025584666607,-0.000818
-0.00041281763902866153,-0.0011
-0.0014010467185559602,-0.00125
-0.0009438789592344128,-0.001232
-0.0011042851047788223,-0.00135
-0.0012352068354326993,-0.00145
-0.0013226638725279147,-0.001518
-0.0013901745096963024,-0.00165
-0.001494704589631798,-0.001682
-0.001577351238800573,-0.001568
-0.0015479150287749466,-0.0014
-0.0015777095800385494,-0.001416
-0.0015193738039989027,-0.0015
-0.0014726786744362387,-0.001534
-0.0014638919768677889,-0.00145
-0.0014761246516692484,-0.0015
-0.0016824667198778087,-0.001532
-0.0015048438636387918,-0.001518
-0.0015007706708967746,-0.00125
-0.0014528774413693575,-0.00095
-0.0013183904441932107,-0.000616
-0.001091843515931092,-0.000334
-0.00016601354330638462,-5e-05
-0.0004957741089903762,0.000118
-0.00022743581136309212,0.0002
0.0004063783992742678,0.000232
0.00012229042435943463,0.000284
0.00034089003902847533,0.000334
0.0002612339257933865,0.00035
0.000298853404730778,0.000332
0.00010468687652727091,0.0004
0.00039912183141518204,0.000468
0.00038619144839310523,0.00045
0.0004361116490975561,0.00045
0.0003649167322502521,0.00045
0.00045429991267086463,0.0005
0.0004619606992293717,0.0006
0.0004984807364402509,0.000666
0.00023649737451597515,0.0007
0.0006146081494798429,0.000734
0.0006737708638034721,0.000682
0.0006948712219243244,0.000618
0.00038466123978870854,0.000582
0.0006525498357302893,0.000534
0.0005319167668275954,0.00075
0.0006190102556126841,0.001034
0.0007201498215230735,0.001016
0.0006398878930565645,0.000966
0.001010714546071218,0.000934
0.0012752468289843157,0.000934
0.0009616667666370318,0.001032
0.0009230568000131202,0.00105
0.0009861630430927219,0.001068
0.001797421491615339,0.0012
0.0010858580409565798,0.001266
0.0011437603676872341,0.001234
0.0009223691509091568,0.00115
0.0012114332130426057,0.001066
0.0011770705604976144,0.001166
0.0010114706760634604,0.001134
0.0011280541023913622,0.000884
0.0010597919111426215,0.00065
0.0009533195932950825,0.000366
-2.9532602386217403e-05,-3.4e-05
0.00019590398677301373,-0.000482
0.00011442583220801644,-0.000834
-0.00025723314367659324,-0.000966
-0.0010190021780964015,-0.0011
-0.0008512027001539297,-0.001184
-0.0010242992694788253,-0.001166
-0.0011061228856677303,-0.0011
-0.0011384446026149212,-0.0012
-0.0011634444660635667,-0.001218
-0.0011721181070503302,-0.001282
-0.0011478605669632256,-0.00135
-0.0012639637592278157,-0.00135
-0.0013013618981513053,-0.00135
-0.0013337320566485,-0.001284
-0.0013342106339161274,-0.0012
-0.0012975290196785255,-0.0012
-0.0014947265224508552,-0.001166
-0.0012135810758423834,-0.001168
-0.0011839128355259406,-0.0013
-0.0012098528910778367,-0.001432
-0.0012692255845306764,-0.0014
-0.001327551735376348,-0.000768
-0.0012316529297951209,-0.0003
0.00037803453042222163,0.0
-0.000630103434443913,0.000184
-0.00022992583721009353,0.000184
1.2094283163368712e-05,0.000166
0.00013157948604783481,0.0002
0.00018319720213514644,0.000216
0.00019103669580432527,0.000268
0.00021158654411159564,0.000282
-0.00017112183887584546,0.000384
0.0002859890765747284,0.000334
0.0003158622664620547,0.000432
0.00014250403189973,0.000434
0.0003949817356855375,0.000316
0.0003776506271936895,0.000318
0.00037356070870476555,0.000332
0.000348786682286879,0.000384
0.00015401150356171832,0.000434
0.00036586224976820173,0.000416
0.00039053805187052676,0.000416
0.00039912743296249516,0.00045
0.000619394671658928,0.000434
0.0004286446681865807,0.000534
0.0007702138478719169,0.000732
0.0005345601843416896,0.0009
0.0006455410377210197,0.001084
0.0008074575103216157,0.00115
0.0011282199397498443,0.0012
0.001080681422288905,0.001366
0.0011974132501730889,0.001484
0.0012967028064645204,0.001516
0.0013884279070322243,0.001368
0.0014318264865535843,0.001266
0.0014060446944370428,0.001284
0.0013560509635622278,0.00125
0.0012908707278661746,0.001266
0.0012661972531673108,0.001216
0.0014105402911834908,0.000984
0.0002747823330531752,0.0006
0.001009979717737772,0.0003
-0.0003548948390370526,-0.000216
0.0004061254223523014,-0.000668
-8.038198094206969e-06,-0.001032
-0.00041636708709689925,-0.0012
-0.0007883647001850984,-0.001268
-0.0010477624154828864,-0.001316
-0.0012066664785020137,-0.001384
-0.0013967867023767947,-0.0014
-0.0013433176453168504,-0.00135
-0.0010687877838752718,-0.0014
-0.0013840088629002104,-0.001432
-0.0013962292300765877,-0.001434
-0.001404843936474014,-0.001416
-0.001420844638031473,-0.001418
-0.0014252065865927312,-0.001466
-0.001433999122393592,-0.001566
-0.0014680093508280506,-0.001584
-0.0015102098303846573,-0.001466
-0.0015218616799562662,-0.00135
-0.0014938127601835187,-0.0012
-0.0014035226024683718,-0.001118
-0.001286829196465054,-0.000932
-0.0011537413237966729,-0.000434
-0.0009283759275424656,3.4e-05
-0.0006236404322700286,0.000282
-0.0002740109218574445,0.000418
6.695311566971814e-05,0.00035
0.000278458249858638,0.000316
0.0009382930875999159,0.000484
0.00039039797374018176,0.000632
0.00044240869557040936,0.0007
0.0005293390294281237,0.000568
0.0005940219108387953,0.00045
0.0005852159628823959,0.000516
0.0005562238135476436,0.00055
0.0005198819213203291,0.000666
0.0005435575316471269,0.000718
0.0004645310993908135,0.000616
0.0006359600644120752,0.00055
0.0004100958148668674,0.0005
0.00014415604457255048,0.0005
0.0004871483723030729,0.00045
0.0004991218374749923,0.000334
0.0001538205381353595,0.000166
9.906682339804327e-05,0.00015
0.00019128223686947098,0.0002
0.00018243837984991724,0.0003
0.0002025536743177394,0.0006
0.0007736862549408408,0.000884
0.0004893534490161551,0.00115
0.0004594268274680142,0.00125
0.0009647380713603211,0.001316
0.0011459194880438389,0.001416
0.0012805968589336002,0.00145
0.0013560290307431705,0.001468
0.0014110419058006316,0.001516
0.0014616036809100195,0.001484
0.001478896209730936,0.0014
0.001465948114774045,0.0014
0.0014487278538029714,0.001182
0.0013637247678011104,0.000868
0.0012070968264719032,0.000482
5.7056993687664844e-05,5e-05
0.0006349896160638303,-0.000432
-0.0005009218915236432,-0.00055
-0.00012267328693785906,-0.000418
-0.0003431913921141367,-0.000316
-0.00016730306289013924,-0.0002
-0.0002087177873697701,-0.000216
-0.00028966973179121995,-0.000268
-0.00025113311782384927,-0.000382
-0.0002682678368558486,-0.000568
-0.0008091938566314586,-0.00085
-0.00105945110903471,-0.000932
-0.0006884569224183737,-0.001068
-0.0014360739039603692,-0.001182
-0.001011151964564671,-0.00135
-0.0011368038226223644,-0.001418
-0.0012579157449252997,-0.001466
-0.0012648458845870877,-0.001484
-0.0014307866744570179,-0.0015
-0.0013632845579521487,-0.00145
-0.0014754687183683819,-0.0015
-0.0014840087900649882,-0.001366
-0.0014553585323539193,-0.00125
-0.0012653609902547995,-0.0013
-0.0013563263316587624,-0.00125
-0.0012926817088768378,-0.001216
-0.0012547447957758624,-0.0011
-0.0012183256653116525,-0.0008
-0.0002859462412811117,-0.000534
-0.0010242144573188023,-0.00045
4.2114964848632756e-05,-0.0002
5.298175707120996e-05,1.6e-05
-0.00029735943337916743,0.000118
-0.0001344059644703457,0.000366
0.00034940162961832026,0.000434
0.00022923364693268282,0.0006
0.0003752021987526157,0.000582
0.00049305252151368,0.000684
0.0005727665634264403,0.000734
0.0006484637830979617,0.00085
0.0009032550935760436,0.00085
0.0007776970417120875,0.00075
0.0007946526887438893,0.000666
0.0007770909700718113,0.000916
0.0007931363262177103,0.001268
0.0008942788112443051,0.001432
0.0010630903546647074,0.00135
0.0012902895081611612,0.001234
0.0013190970825671935,0.001166
0.0012929539512014378,0.001268
0.0012528564976332713,0.0013
0.0012407666228407808,0.001366
0.001273209680348079,0.001434
0.0013404172816963288,0.001432
0.0013816306266053004,0.001284
0.0013774791699909645,0.00125
0.0013479198048194814,0.00125
0.0013021348872476876,0.001066
0.0012103741261252578,0.000884
0.0011087353913437376,0.000466
0.0009092964806958229,1.8e-05
0.0005984721823890264,-0.000284
0.00026000965240157516,-0.000684
-0.00013142772629986296,-0.001
-0.0004970890919458959,-0.001166
-0.0007918405786354558,-0.001316
-0.0010473202877203105,-0.0014
-0.0012242797945253988,-0.001468
-0.0013402951766187277,-0.001566
-0.0014397732920380243,-0.001666
-0.0015274936807519901,-0.001584
-0.0015727466091190999,-0.00135
-0.001179267022637461,-0.001284
-0.0004858504551074225,-0.001182
-0.0013536642554694632,-0.001134
-0.0010671687000166743,-0.001116
-0.001180618652335614,-0.001068
-0.0011260131123313612,-0.00105
-0.001092849664281579,-0.000882
-0.0010311883837236717,-0.0008
-0.0007227009168343653,-0.00075
-0.0008733233682836171,-0.00065
-0.00042119427966527917,-0.00045
-0.0002622299802887773,-0.00025
-0.00013342470750263752,-0.000118
-4.636304793225504e-05,-8.2e-05
1.6418821919100554e-05,-8.4e-05
-3.805838422004762e-05,-3.2e-05
-4.469403484698849e-06,-1.8e-05
7.758044667559781e-05,-5e-05
-2.1167031708858574e-05,-3.2e-05
-3.3286363934138515e-05,-5e-05
-4.171776265430591e-05,-5e-05
-0.0001168028061824053,-0.0001
-0.00010820503263134623,-0.000118
-0.00017145274436624223,-0.000166
-0.0002302777090553983,-0.0002
-0.0001382467916176579,-0.000166
-0.0001257518302803876,-0.0001
-0.00015890030799773776,-6.8e-05
7.530597538334758e-06,-1.6e-05
-5.8205039463320174e-05,-3.4e-05
-1.2961972975282845e-05,-3.2e-05
7.890045772236964e-06,-5e-05
-9.196329688747768e-05,-5e-05
-4.171776265430591e-05,-0.000118
-6.331680641421451e-05,-0.00015
-0.000200285269326328,-0.0002
-0.00013085018507574342,-0.00035
-0.00020670598376274968,-0.0005
-0.0003033956725980708,-0.000532
-0.0003987768478705438,-0.000584
-0.0004936583414541741,-0.0005
-0.0005298529761031789,-0.0003
-0.0004816686633530597,-0.000166
-0.0003915744414513239,-1.8e-05
-0.00025039785556772417,0.0001
-9.974062127098385e-05,0.000184
2.173739802145102e-05,0.000334
0.00014682090181174814,0.000382
0.0002471905113754355,0.0004
0.00032289406237332135,0.00045
0.00039046953153473144,0.000634
0.0004640232915136152,0.000666
0.0005346619194862009,0.0005
0.0005602682884978018,0.0006
0.0005984550621669566,0.00085
0.0006508341449042981,0.0009
0.0007083528839865508,0.001018
0.0008382194724747088,0.0011
0.0009645678158800144,0.00125
0.0010638419876400928,0.001382
0.0011840343883383136,0.001468
0.001296549355626153,0.00155
0.0015603302422489633,0.0017
0.001522093449129153,0.001782
0.0016219489983843101,0.001818
0.0017099428372811967,0.001832
0.0017817276917346143,0.001884
0.0018280905154200533,0.001766
0.0018239570468731453,0.001618
0.0017725241128140141,0.00135
0.0016495537391236347,0.001082
0.0009985913775749787,0.00095
0.0006873126044330078,0.00075
0.0005165753121623712,0.0005
0.0008150553386441243,0.000384
0.00025353059508856086,0.000284
0.00024179493926859434,0.000232
0.0001997147154653968,0.0002
0.00038587271246148385,0.000218
0.00023272252333965762,0.000232
0.0005254754213401541,0.000234
0.00021621389556245152,0.000216
0.00021214833591483648,0.000218
0.00020828222290958254,0.0002
0.00019079904424243753,0.0002
0.00020363694256257295,0.000216
0.0001834438378688692,0.000216
0.00022463777459982617,0.000234
0.00019994810669552528,0.0002
0.00022080572452488846,0.000216
0.00022479345422286376,0.000234
0.00025382678676462265,0.000216
0.00020737745467596023,0.000218
0.00021650075790091076,0.0002
0.0002038205510271437,0.000216
0.00021214833591483648,0.0002
0.00019563694681149009,0.000216
0.00019043202455087745,0.000218
0.00021231257564890895,0.000232
0.00019951134379516487,0.000218
0.00021669693039941983,0.000216
0.00021231257564890895,0.0002
0.00020828222290958254,0.000216
0.0001661972062331558,0.000184
0.00018321390815829514,0.0002
0.00015363694939454688,0.000166
0.00025337745983032393,0.000184
0.00018294247966058427,0.000184
0.00017883296561794335,0.000166
0.00022045825107764997,0.000184
0.00016669693723139376,0.000182
0.00021196985562738337,0.0002
0.00018731259385771455,0.000184
0.00017864465303705503,0.000184
0.000278394680186137,0.000182
0.0001664438321049995,0.0002
0.0003146189399198754,0.000184
0.00019128223686947098,0.0002
0.00019526178120781617,0.0002
0.0002786587813076971,0.0002
0.00019152023359712627,0.000216
0.0001747708872136409,0.000184
0.00020828222290958254,0.000216
0.00018703800955870048,0.0002
0.00022883295878596942,0.000218
0.00019179496582432643,0.0002
0.0002120612160751105,0.000182
0.0002203261807931118,0.000218
6.564706511116833e-05,0.000216
0.0001997147154653968,0.000216
0.00019128223686947098,0.0002
0.00019968015944112698,0.000218
0.0002448331869732329,0.000216
0.0001747708872136409,0.0002
0.0002494365346104265,0.000216
0.00017883296561794335,0.000218
0.0003959912370749091,0.000232
0.00023714833742978904,0.000234
0.00022479345422286376,0.0002
0.0002161971895393028,0.0002
0.00020828222290958254,0.000234
0.00023731257716386154,0.000232
0.00021644383513490462,0.000234
0.0005650754811754227,0.000234
0.00024529989053845725,0.00025
0.0005184530139377646,0.00025
0.0002286446560669602,0.00025
0.00021574255691406312,0.00025
0.00023731257716386154,0.000232
3.202588564883174e-05,0.000218
0.00023716261743068594,0.0002
0.00023714833742978904,0.000216
0.00029482677978174095,0.0002
0.00022477087051978788,0.00025
0.00023702748996363532,0.00025
0.00027080574727855175,0.000266
0.0002743613688830888,0.000234
0.00024477068238367176,0.00025
0.00021591894648315287,0.000284
0.000258036684874342,0.000316
0.0002747934769765271,0.000284
0.00022021379481920224,0.00025
0.00021231257564890895,0.00025
0.0002072728990340342,0.000232
0.0002621483192209835,0.00025
0.00020341094774174883,0.00025
0.00027064466334578244,0.00025
0.000253820573780807,0.00025
0.00011463173838116999,0.000234
0.00024582053858220786,0.000234
0.0004751883587342083,0.000232
0.00024529989053845725,0.00025
0.00023146160320521307,0.000234
0.00025779495049451826,0.00025
0.0002786587813076971,0.00025
0.000245820558305966,0.00025
0.00024128223989937613,0.00025
0.00027080574727855175,0.000266
0.0002831971983330776,0.000284
0.00022804308144354108,0.000284
0.0002873125999175248,0.000282
0.00024971471849530194,0.000284
0.00026231259840257224,0.000284
0.0002167136166988104,0.000282
0.00024103669883423042,0.0003
0.0002788057430296346,0.000284
0.00026694249421822883,0.000266
0.00028269696437900697,0.000284
0.00026669693342932496,0.000266
0.00029582056133587115,0.000284
0.00026619719256920795,0.000266
0.00029128224292928126,0.000268
0.00028714834045969416,0.000282
0.0002499481097254304,0.00025
0.00030779495352442333,0.000268
0.00023702748996363532,0.000266
0.00026669693342932496,0.000266
0.00026619719256920795,0.000268
0.00027064466334578244,0.000282
0.0002408213351190464,0.000268
0.00039912183141518204,0.000282
0.00022880572027597133,0.000268
0.0002160872098638869,0.000266
0.000274770873549693,0.000284
0.0002747934769765271,0.000266
0.0006368066870066863,0.00025
0.0002161971895393028,0.000216
0.0002334438408987743,0.000234
9.538539873311853e-05,0.00025
0.00026231255895505597,0.000234
7.860079613194916e-05,0.000266
0.00026694249421822883,0.000266
0.00025779495049451826,0.000268
0.00027064466334578244,0.000266
0.0002788057430296346,0.000284
0.0003746377836895416,0.0003
0.0002747934572527689,0.000266
0.0002417949589923525,0.000266
0.0003502722165790775,0.000218
0.0001533774439086346,0.000266
0.00022832850394765577,0.000216
0.0002740514691951164,0.0002
0.00034940162961832026,0.000268
0.0002159911551617213,0.000216
0.000253820573780807,0.00025
-0.000291133964424622,0.000234
0.00024959986705162427,0.000232
0.00026619719256920795,0.00025
0.0002620501343529382,0.00025
0.0002328313984846174,0.000234
0.00024128223989937613,0.00025
0.00039775245033469875,0.000234
0.0002417949589923525,0.000232
0.00040893191589873757,0.00025
0.00024128223989937613,0.00025
0.00026231259840257224,0.00025
0.0003482150088808075,0.00025
0.000274770873549693,0.000268
0.00025366696515237463,0.00025
0.0002033774568004188,0.000266
0.0002664438381648098,0.00025
0.0002582822259394877,0.000266
0.00025779495049451826,0.00025
0.00025731000245300987,0.00025
0.000253820573780807,0.00025
0.00029103670186413555,0.000268
0.0002036669818462276,0.000266
0.00035326176632485633,0.000266
0.0002499481097254304,0.000268
0.00019064135279606915,0.00025
0.0002581448696877667,0.000266
0.00026231257867881413,0.000266
0.0002702998920534098,0.000268
0.00024566696940129173,0.000266
0.0002664438381648098,0.00025
0.00031216262197554366,0.00025
0.00021577490387742076,0.000234
0.00024971471849530194,0.000232
0.0002582822259394877,0.000234
0.0002783899267604241,0.00025
0.00023694161272067246,0.000234
0.0002615146540430627,0.00025
0.0002786446590968653,0.000266
0.00028344384392867947,0.000284
0.0002788057430296346,0.000266
0.00023731257716386154,0.00025
0.00027453124961199075,0.000266
0.00026214835866849976,0.00025
0.00023714833742978904,0.00025
0.00023731257716386154,0.00025
0.00025779495049451826,0.000218
0.0002416525140110301,0.0002
0.00018319720213514644,0.000182
0.00019892878287459747,0.000118
-0.00010179941673178448,0.000132
0.00015803669853828984,0.000134
0.00015320407207454104,6.6e-05
0.00015315607430909544,8.4e-05
0.0001509315203848452,0.0001
9.537744512764661e-05,8.4e-05
0.00012397184515564912,5e-05
1.2312585718516335e-05,1.6e-05
-4.795925369847935e-06,1.6e-05
4.079905857468492e-05,-1.6e-05
-4.179454378089921e-06,0.0
3.687510873050831e-05,3.4e-05
-2.852892578144221e-07,1.6e-05
3.3197199825472894e-05,3.4e-05
-0.0001392988568771062,0.0
-4.225499344771684e-05,1.6e-05
3.666982053955919e-06,0.0
-5.862255197573116e-05,-3.4e-05
-3.3802796024585657e-05,-5e-05
-6.728636066905931e-05,-5e-05
-3.40088353331067e-05,-6.6e-05
-0.0005830279913766992,-6.6e-05
-8.884836321117182e-05,-3.4e-05
-2.2002110974015452e-05,-6.6e-05
-5.8347474582763484e-05,-5e-05
3.4211426669682693e-06,-5e-05
-5.051915935351326e-05,-3.4e-05
-5.028528982224979e-05,1.6e-05
4.948084300809236e-05,3.4e-05
9.971470447464702e-05,0.000116
0.00011107406057484629,0.000184
0.00022479347394662193,0.000216
0.0002702998920534098,0.000268
0.0003951323463027318,0.000282
0.00023651968208643703,0.000284
0.00023714833742978904,0.000234
0.00027080572755479364,0.000282
0.00022453124658208562,0.000234
0.00020765944524615772,0.000266
0.0003150794305012841,0.00025
0.0001538205381353595,0.00015
2.4793466757940917e-05,6.8e-05
2.4793466757940917e-05,6.6e-05
0.00013163173428316062,5e-05
1.608722363169893e-05,8.4e-05
-2.5458132530860414e-05,3.2e-05
2.880573820426359e-05,0.0
4.074500561548885e-05,1.8e-05
7.821340526209015e-06,-1.8e-05
2.0044727286684646e-05,-3.2e-05
2.0305999898053227e-05,-3.4e-05
7.348333887683001e-05,-1.6e-05
-2.1120942217013508e-05,-3.4e-05
1.2061232308392302e-05,-1.6e-05
-4.469403484698849e-06,-3.4e-05
-2.5229115044100577e-05,-6.6e-05
-6.71686196948134e-05,-0.0001
-0.00011268741445983719,-8.4e-05
-0.00023397411884557365,-0.000134
-9.662254165525385e-05,-0.00015
-3.111204149094375e-05,-0.000216
-0.00014717102295165206,-0.000466
-0.0002448034088075081,-0.000818
-0.000418999419858916,-0.001132
-0.0006666119135325193,-0.001334
-0.0009456453401188364,-0.00145
-0.0011894448763153861,-0.001534
-0.0013662405970328393,-0.0016
-0.0014819654087211778,-0.001616
-0.001551622464145925,-0.001584
-0.001584263863765128,-0.001582
-0.0015958445500173501,-0.0015
-0.001571564445950928,-0.001534
-0.0015508726457562887,-0.001516
-0.001711153900464125,-0.0014
-0.0014887885667187878,-0.001318
-0.0014441863645803942,-0.001082
-0.0013329431063227044,-0.000684
-0.001127893338747797,-0.000184
-0.0008276623159129734,0.000334
-0.0004171856625074284,0.000916
8.074790471984351e-05,0.001268
0.0005697478422423653,0.001432
0.0015149616537640917,0.001568
0.0012899557821733497,0.001632
0.0014715371966720456,0.001718
0.0015849117253398395,0.00175
0.0017523258799431926,0.001816
0.001727357180032416,0.0018
0.0017700291363037183,0.001816
0.0017948267917838625,0.001784
0.0018036668223943362,0.001584
0.001743663363156023,0.00145
0.0016547890556955487,0.0012
0.001499237873770987,0.00085
0.0012640715054094873,0.000666
0.0008776010325172484,0.00065
0.0008360100959823511,0.00065
0.0007019029783880747,0.000616
0.0006450447090710616,0.000634
0.0006371483813927884,0.00065
0.0006371483813927884,0.000634
0.0006331971998186555,0.000566
0.0006201944700517032,0.000466
0.0005772024366332256,0.00035
0.0005013432454598185,6.8e-05
0.00035787728352082524,-0.000334
-0.0009062532870369637,-0.0006
-0.0005717276980702649,-0.000634
-0.0007215417910157066,-0.00065
-0.0007468948675252107,-0.0007
-0.0008503198647393645,-0.00085
-0.0007106142767382105,-0.000832
-0.000712687480404336,-0.000718
-0.0007766524170185336,-0.0006
-0.0005552487742728249,-0.0004
-0.0006414622284170051,-0.00025
-0.00024317519284888946,-0.000166
2.7476055039343403e-05,-0.000116
-0.00023566980978080598,-6.8e-05
6.231258628295171e-05,8.4e-05
0.00013283138256292806,0.000116
1.5659432341484777e-06,0.000168
0.00034068222951266075,0.000166
0.0001658313798289635,0.0002
0.00021529108009012664,0.0002
0.00020828222290958254,0.0002
0.00022479345422286376,0.000216
0.0002036669818462276,0.000184
0.00018731258399583547,0.000184
0.00012477088418373576,0.000132
0.00010776564176207859,5e-05
-0.00040003321181685686,1.8e-05
-4.211796263800523e-05,-1.8e-05
-9.200943222485336e-06,-6.6e-05
-0.0002381079621438863,-0.000216
-0.0003838028073720426,-0.00045
-0.00019167176607814837,-0.000734
-0.0003727605402696596,-0.00095
-0.0005944006314280091,-0.001184
-0.0008362148530247271,-0.001366
-0.0010644119497882796,-0.00145
-0.0015758435547279777,-0.001566
-0.0016340810275570301,-0.00165
-0.0015106898277628714,-0.001634
-0.001576953607836372,-0.001616
-0.001617283643960583,-0.001568
-0.001376325591257418,-0.001466
-0.0014049081570305338,-0.001484
-0.0015350194779097538,-0.001482
-0.001500990156877411,-0.00125
-0.0012834992738249688,-0.001284
-0.001377695051232934,-0.0012
-0.0013066541769367415,-0.000966
-0.0011780827293034095,-0.00045
-0.0009830522363909423,0.000116
-0.0006375618157963372,0.000616
-0.000185730003660759,0.000984
0.00030312994941926886,0.001284
0.0007391930311169303,0.00145
0.0010756296944578036,0.001532
0.0013073013284561597,0.00165
0.0014756981206902912,0.001684
0.001940469388776693,0.001734
0.0016481546146158688,0.001782
0.0015524413701512687,0.0018
0.0017488805338704437,0.001818
0.0017827225580954425,0.00175
0.0017868751192402347,0.0016
0.0012338726171039144,0.001416
0.0010954531759238722,0.001166
0.0014775963351741552,0.001
0.001289800358959168,0.000918
0.0011202814426766574,0.000832
0.000975944085102823,0.000684
0.0008555995747817888,0.00055
0.0007425096993915421,0.000516
0.0003318144278507191,0.00055
0.0005734012345160266,0.000584
0.0005494016022904246,0.0003
0.0004847498844176219,3.4e-05
0.0003615116226441186,-0.0002
0.00017223542768975275,-0.000634
-0.00013350517057398957,-0.000934
-0.00044280903339855016,-0.001216
-0.0007553348214254735,-0.001284
-0.0010233760398075794,-0.001116
-0.001140768850274715,-0.001184
-0.001201500195083607,-0.001332
-0.0012310909604780567,-0.001218
-0.001214438664846523,-0.000882
-0.001158124495121695,-0.000618
-0.0003546225328321043,-0.0004
-0.00025031982838050296,-0.000266
-0.00020172082361538738,-0.000184
-0.0003000518841560098,-0.0003
-0.00028942081796343145,-0.000566
-0.00033255066128006736,-0.0008
-0.00046842767058771713,-0.001034
-0.0014521022187792309,-0.0013
-0.0009317568163735973,-0.001382
-0.001134688567903874,-0.00145
-0.0012954147905954586,-0.001418
-0.0013888883628751906,-0.0014
-0.0014131247590935638,-0.001216
-0.0013732635172529406,-0.00095
-0.0003238815567576773,-0.0007
-0.001073077701271785,-0.000516
-0.0008520361472781001,-0.000384
-0.0006427688090515551,-0.000434
-0.00026183323689369287,-0.000682
-0.00013416422022864287,-0.0008
-0.00010285549577601528,-0.00075
0.0004544940338985266,-0.00045
1.987118533517708e-05,0.0
-0.0005078900585911343,0.0006
0.0010161971985702687,0.00105
0.0002858371247419802,0.00125
0.000713092187488637,0.00135
0.0010553576947315204,0.001466
0.0012752129041203064,0.00155
0.0014011781332474056,0.001616
0.001493034515149322,0.001668
0.0015731259120029103,0.001682
0.0016277141739950282,0.001734
0.0016739570772309463,0.00175
0.001707647149623197,0.001716
0.0017198711459710727,0.001568
0.0016901991975880985,0.001416
0.0016092143933855794,0.001116
0.001448492431025754,0.000918
-4.4146176411802206e-05,0.000816
0.0010608265405998697,0.000784
0.0009052856939245761,0.0007
0.0008025645192960646,0.00065
0.000735864449692399,0.000432
0.0006382739768226009,0.000368
0.0005340166764622491,0.0004
0.0004597572793119737,0.0003
0.00012477088418373576,0.000132
2.7389866296482437e-06,5e-05
3.642342665621363e-05,0.0
0.00037913787745284664,-6.6e-05
-8.717762922800714e-06,-6.6e-05
-9.027854917415103e-06,-8.4e-05
-6.730304696844988e-05,-0.0001
-0.00014220505402096474,-0.000116
-9.196330674935676e-05,-6.8e-05
-9.244658813330188e-05,-8.2e-05
-0.00022200211323175693,-0.00015
-0.00010478971598037278,-0.000218
-0.0001891419771347269,-0.00025
-0.00017520653056886102,-0.0002
-0.00026028890607846444,-0.000166
-0.00012084457897769761,-0.00015
-0.0001442721433220653,-0.000234
-0.00023003477152632774,-0.000182
-0.0001837838604446029,-0.000168
-0.0001837860892292733,-0.000166
-0.0002296269828266822,-0.0002
-2.2797530692482494e-05,-0.0002
-0.00017935534419960566,-0.000184
-0.00012219054795726292,-0.000182
-0.0002883331710442898,-0.000134
-4.220503809927537e-05,-6.6e-05
-6.730305683032897e-05,-6.6e-05
-2.93553449717693e-05,-6.8e-05
-8.380278919261173e-05,-8.2e-05
-7.586158996455877e-05,-1.8e-05
-7.161007472515372e-05,-1.6e-05
-3.330305516446863e-05,1.6e-05
-2.588342113492002e-05,1.8e-05
-4.2542902490361943e-07,3.2e-05
1.2148349682648505e-05,8.4e-05
0.00016619719637127672,0.000184
7.788368959519639e-05,0.000266
0.00032864466212677046,0.00035
0.0004329911927689697,0.0004
0.0002979579658347582,0.000384
0.00040404472365808094,0.000432
0.00039076562459200247,0.0006
0.0006332138466705298,0.000684
0.0007238754027515451,0.000834
0.0004963278882387363,0.0008
0.0007271889941198863,0.000816
0.0007149773842921255,0.00085
0.0008245313421122218,0.000784
0.000891530581679429,0.000882
0.0008491274207841252,0.0008
0.0005076413570156116,0.000534
0.0007467729502670434,0.000366
0.0006403826832533871,0.00025
0.00014128224370144494,0.000184
0.00029427668416708003,0.0002
0.00011189206892732876,0.000184
0.00036205016013650664,0.000166
9.932349359372223e-05,8.4e-05
4.1036695343754064e-05,6.6e-05
0.00017011936429717843,0.000134
0.00013731258096593034,0.000116
0.00026929912828889635,0.0002
0.00019103669580432527,0.00025
0.0002979164867713795,0.000266
0.00020655027970687992,0.00025
0.0005115196790271572,0.0004
0.0003323623144044678,0.0004
0.000327233190546406,0.000168
0.00013647072165891115,5e-05
-2.9194261038999995e-05,0.0
0.0001506735139045519,0.0
-8.328636203310411e-05,-1.8e-05
-2.9844587861613708e-05,-3.2e-05
-0.0001675662369950665,-6.8e-05
-3.0120942367921273e-05,-6.6e-05
-0.00012984458899048445,-0.000116
9.57881959769493e-07,-0.0001
-5.064581546644066e-05,-0.000118
-0.0002382845489505575,-0.000166
-0.00010886870750728452,-0.000166
-0.00016305837207105232,-0.000134
-0.0002041794492394221,-0.0002
-0.00016708103254470225,-0.0004
-0.0003560080479467501,-0.000534
-0.0003209434662968985,-0.00065
-0.0004846284499477978,-0.000516
-0.0005591268595992728,-0.00055
-0.0003017676736007918,-0.0006
-0.0005842639215095743,-0.000616
-0.0006798751152495329,-0.000684
-0.00031449340290835723,-0.0005
-0.00026268741368767353,-0.000266
-0.0005204400097661126,-0.000184
-0.00014196329991738284,-0.000184
-0.0002867089984560908,-8.2e-05
0.00019021259774151556,-5e-05
-0.00012649049488479275,8.2e-05
0.0006199222032942712,0.000334
0.0003530783748216251,0.00045
-0.00021150157887058147,0.0007
0.00024798646363537245,0.00065
0.0006104551544123715,0.00045
0.0004618920999985438,0.00045
0.0005596758262506456,0.000416
0.0007755074678729071,0.00055
0.0006829710107901551,0.000584
0.0004982852345495188,0.000616
0.00067825147049373,0.0008
0.0006351021992753214,0.001068
0.0007622305384202247,0.001166
0.0009071097470778153,0.000934
0.0009885754953989395,0.000882
0.001009731829545407,0.001
0.0009928475825180896,0.00095
0.000940454732597563,0.000734
0.0008890171437315096,0.000566
0.0008081873682680092,0.000634
0.0007174020653283929,0.00065
0.0006445163490378764,0.00065
0.0006241383932828388,0.00055
0.0008540265656222176,0.000384
0.0005558040919743204,0.000166
0.0004329548221589505,-3.4e-05
0.00026103094859831745,-8.2e-05
-2.961008223915006e-05,-0.0001
-1.5124944395665236e-05,-0.000118
-0.0001058207162661224,-0.0001
-0.00013380279222251687,-0.00015
-0.0001550254770913838,-0.000182
-0.00023805837661591004,-0.000234
-0.00035031983444031327,-0.0004
-0.00024388824615334347,-0.000566
-0.0005046225419218196,-0.000468
0.0002499614232621782,-0.0003
-0.00035910992449516405,-0.000366
-8.805837738807369e-05,-0.000216
-8.305750726734898e-05,-6.8e-05
-5.028528982224979e-05,-3.2e-05
-2.919425610806046e-05,-3.4e-05
-8.937416901767731e-05,0.00015
1.8793833367079644e-06,0.000284
0.0002793261938358038,0.000266
0.00047017000350188813,0.000484
0.00015774499401720603,0.000232
-4.363050515311845e-06,0.0
0.0002216721103251608,-5e-05
-0.00014653777197265228,-8.2e-05
-0.00022212578119532538,-0.000134
-6.77089224635554e-05,-0.000116
-0.0002457001100240492,-0.000268
-0.0006466833438830547,-0.00065
-0.0004023703193669609,-0.000616
-0.0003005191399864622,-0.000366
-0.00029668738576789664,-0.000218
-0.00013328636506300927,-0.00015
-4.229286799429456e-05,-0.000132
-0.00013328636506300927,-0.000118
-0.00017320547641002957,-8.2e-05
-5.0660874555784284e-05,-5e-05
1.2312585718516335e-05,-1.8e-05
-8.810793333041271e-05,0.0
0.0005538200396950099,0.000218
0.0003118150301857563,0.000332
0.00019128223686947098,0.000184
0.00018054183202361644,0.0003
0.000136323542975634,0.000334
0.00028598014171228874,-0.000134
0.00016642085392676068,-0.000584
-3.0267879435161152e-05,-0.00105
-0.00037125826050679605,-0.001316
-0.0011199110549315284,-0.001166
-0.0010357862284323428,-0.00045
-0.0010036518871875285,0.000282
0.0003785580778584195,0.00045
0.00032454186402377784,0.0003
0.00019994810669552528,0.0002
0.0002888719799602178,0.000168
0.0002767764247253815,0.000182
0.00014103669277442014,0.000184
0.00017424816817528506,0.000166
0.00017880573696982434,0.000218
0.00015828223960343555,0.00015
0.00011649100830457694,0.00015
0.00014103669277442014,0.0001
0.0001331971991052413,0.000132
5.366698261839129e-05,0.0001
-4.0010865038511923e-07,6.8e-05
5.761388167153692e-05,5e-05
-3.81921162312095e-05,3.2e-05
-5.189309674642558e-08,0.0
-1.742470500972196e-05,-3.2e-05
1.1721748215937373e-05,-1.8e-05
-2.154175845891377e-05,-5e-05
-7.15417614888189e-05,-0.000116
-0.00012135534541861762,-0.0001
-0.0003480640676687987,-8.4e-05
-7.224655053861018e-05,-0.0001
-0.00010028528299027585,-0.000132
-0.00010443542797469525,-0.000168
-0.00020537618826486318,-0.000166
-0.00019185511813386326,-0.000184
-0.00014651794959571666,-0.0002
-0.00016750899864893,-0.000216
-0.00021312488361342204,-0.0002
-0.00013785164584698319,-0.000184
-0.000200285269326328,-0.000132
-4.196330865039115e-05,-0.0001
-0.0001549944121723056,-6.8e-05
-2.5206531341024685e-05,-3.2e-05
-5.0933170898853535e-05,0.0
9.836793668287684e-05,0.0
0.00013955561605156236,1.6e-05
-2.5458132530860414e-05,1.6e-05
5.366698261839129e-05,6.8e-05
2.4361362670891083e-05,6.6e-05
6.644384083800784e-05,5e-05
1.9776855229114268e-05,6.6e-05
0.00017029988599359954,0.000184
0.000179155409616096,6.6e-05
-8.768741294488463e-05,-8.2e-05
-0.0004476006048597204,-0.00035
-0.0005461732419901014,-0.000534
-0.0002216715035977323,-0.000316
-0.00016268740762786328,-0.000118
-7.463009767726639e-05,1.8e-05
3.677406699936926e-05,3.2e-05
-9.946873912683564e-05,0.0
6.168320362601809e-05,5e-05
1.2312585718516335e-05,1.8e-05
8.7050158264847e-05,5e-05
0.00011214833971690529,0.000116
0.0001497147124354917,0.000166
8.607406399083325e-05,0.000134
-0.0005574715629207212,-0.00025
-0.0002717799281261599,-0.00025
0.00017880573696982434,0.000184
0.00012915541644806992,0.000166
-5.450145169225491e-06,6.6e-05
4.038196395939962e-05,6.8e-05
-5.189309674642558e-08,-1.8e-05
-5.028528982224979e-05,-5e-05
1.1875109064658066e-05,-3.2e-05
-4.633301357953991e-05,-8.4e-05
-0.00012522911124203178,-0.000116
-5.4955274176335855e-05,-0.0001
-0.00015885512086782783,-0.000134
-1.9248072762365665e-05,-0.000166
-0.00013562245683956887,-0.00015
-0.00015885512086782783,-0.000134
-0.00017135532872476463,-0.000166
0.00011691984225416308,-0.000168
-0.00017522911427193694,-0.00015
-0.00015484459050543704,-0.000132
-0.00017135432281309925,-0.0001
-5.894300387431116e-05,-8.4e-05
-0.00011714522048567962,0.000184
0.00028283136206700625,0.000266
6.250190477550542e-05,0.000484
0.0005777833802056252,0.000466
0.000490352772946324,0.0002
0.0003509399446873145,-0.000334
-0.00029196330900709824,-0.000316
-4.486097180498729e-06,-5e-05
1.6713636630296847e-05,1.6e-05
-1.8272417341970634e-05,3.4e-05
6.61972026388153e-05,3.4e-05
-1.2949837933084204e-05,1.6e-05
3.4531592573769586e-06,8.4e-05
4.136959786466302e-05,6.6e-05
8.294248346265308e-05,8.4e-05
0.0001313282546784643,8.2e-05
9.52998913106209e-05,0.000118
3.896122814204158e-06,6.6e-05
-1.845321024006622e-05,0.000116
0.0001538205381353595,0.000134
0.00010786534042856146,1.6e-05
0.00014515540795023566,0.000168
0.00010709622727252017,0.000132
0.00011107277853056686,0.00015
0.0001538205381353595,0.00015
9.054896065310822e-05,0.00015
0.0001417949627944213,0.00015
0.00018675317876733015,0.000184
0.00011214833971690529,0.000134
0.00014582054238427663,0.000132
2.802904750393593e-05,0.000118
8.731258286696473e-05,0.000116
-9.193889513478772e-06,6.6e-05
0.00010737744368521044,6.8e-05
6.573610062090411e-05,1.6e-05
4.155341835963384e-05,0.0
3.675319371594499e-05,0.0
-0.00013831681095907223,-3.4e-05
-4.955271146430713e-06,-6.6e-05
-2.568238673002825e-05,-8.4e-05
-0.00024538843519784367,-8.2e-05
-0.00016353937536093172,-0.000118
-0.000150285286020181,-0.00015
-5.5229316072000925e-05,-0.00015
-0.00012569753077421473,-0.00015
-0.00016655614389295047,-0.00015
-0.0002176529259420184,-0.000182
-0.0002041794492394221,-0.000184
-0.0001291942572369312,-0.000166
-0.0002378516519067935,-0.0002
-0.00022536221322180377,-0.0002
-0.00018785166860064647,-0.000168
-0.00012161008761693794,-0.00015
6.713975419663392e-05,-0.000166
-0.00015470011397702573,-0.000166
-0.00014171775885223712,-0.00015
-5.8630402031472836e-05,-0.000118
-0.00015048865769041295,-8.2e-05
-3.3912775700001556e-05,-8.4e-05
-0.00010919389310781926,-5e-05
-0.00040123533542827153,-5e-05
-0.00010535432828102837,0.0
-0.00012593218432486447,-1.6e-05
-2.852892578144221e-07,1.6e-05
-2.586157214183502e-05,1.6e-05
3.820546303932482e-06,6.8e-05
7.479346978784605e-05,0.0001
0.00017865877524788677,0.0001
0.00011216261971780218,8.2e-05
2.8547265904275997e-05,0.000134
6.4255863156162465e-06,0.000116
0.0002039460335764615,0.0001
0.0001495998905774512,0.000168
0.00023731257716386154,0.000216
0.0004408731221037973,0.000484
0.00023838764032530678,0.000466
9.52998913106209e-05,8.4e-05
-5.526100228946068e-05,-0.0001
-0.00023783737190589656,-0.00025
4.336135720246871e-05,-0.0004
-0.0001709474216825702,-0.00025
-1.2851648134099416e-05,0.0
5.390432353108826e-05,6.6e-05
0.0001455305932776677,8.4e-05
4.044726539007278e-06,3.2e-05
4.1036695343754064e-05,-1.6e-05
-0.00010896330265134739,-5e-05
8.244826525481663e-05,0.0
4.299892798127695e-06,0.0
-1.700883943111607e-05,-5e-05
-2.5622056684802573e-05,-0.000116
-0.00017919426026683635,-0.000184
-0.000359461954130534,-0.000234
-0.00021367643878618568,-0.00025
-0.0001972956406855166,-0.000232
-0.00022561410533707214,-0.000268
-0.0003089632950472098,-0.000282
-0.0003134445723452447,-0.000284
-0.00027568239201767485,-0.000316
-0.000330210516271209,-0.0003
-0.0002958445698586075,-0.000284
-0.0003126874167175787,-0.0003
0.00010360018127945969,-0.000316
-0.00029617942010063325,-0.000334
-0.0003089633344947261,-0.000384
-0.00012403514340461006,-0.000382
-0.00027084458806741303,-0.000368
-0.000367499267232027,-0.000332
-0.00039277092406790913,-0.00035
5.616011988824003e-05,-0.00035
-0.00035031983444031327,-0.000368
-0.00036699907272547263,-0.0004
-0.00035495527263200855,-0.000382
-0.0001855346003888176,-0.00035
-0.00022934122501867902,-0.000234
-0.0001751811658158867,-0.000184
-1.0338206722315286e-06,-0.0001
-8.380278919261173e-05,-8.2e-05
-0.00015479593199409358,-8.4e-05
-8.96330645341619e-06,-5e-05
-5.417945987346483e-05,-6.6e-05
-0.00021369821381517763,-0.000118
-0.00012518116278598156,-0.000132
-0.00013012094842773157,-0.00015
-0.0002774507650016711,-0.000168
-0.00019617945348833924,-0.00015
-0.00018416861179473525,-0.000166
-0.00015871776461610682,-0.000134
-0.00015484459050543704,-0.000182
-0.0004201215833548113,-0.000184
3.2991159900584415e-05,-3.4e-05
0.00017854726698121465,1.8e-05
-9.77176540168534e-05,6.6e-05
-4.744848232661977e-06,6.6e-05
8.344383673999846e-05,8.4e-05
5.7890046336672336e-05,0.0
-9.220503126730144e-05,-6.6e-05
-3.342470637376677e-05,-0.0001
-2.2242247729429464e-05,-0.0002
-9.329166241289867e-05,-0.000268
-7.967379793880271e-05,-6.6e-05
-1.3718043796250836e-05,-0.0001
-0.00016048783384330352,-0.00015
0.0001660127496469848,-5e-05
-9.245103584076356e-05,-3.4e-05
-0.00024026191487585695,-3.2e-05
-0.0006805094313114725,-0.0001
-5.4682829905080505e-05,-0.000168
-0.00019617945348833924,-0.000182
-0.00023793877174651943,-0.000234
-0.00017218640899795763,-0.000234
-0.00018463766248717883,-0.000232
-0.00022105395273021587,-0.000218
-0.000601632031771702,-0.000266
-0.00024223434986162017,-0.000234
6.670634286808337e-06,-0.000116
3.820546303932482e-06,-0.0001
-3.768741484591903e-05,-0.0001
-9.570011079621282e-05,-8.4e-05
-0.00010028527312839679,-0.000132
-0.00012536219730011443,-0.000134
-0.00019636306195291,-0.0002
-0.00012095527857028579,-0.00015
-0.0001546828359648908,-0.0001
2.6347992290660498e-05,-8.4e-05
-1.70810481096845e-05,0.0
-4.0010865038511923e-07,0.0
1.619719960891017e-05,-1.6e-05
-1.3107933716494549e-05,0.0
4.113127939320299e-05,0.0
-1.75089895592146e-05,0.0
-4.546841424645444e-06,-3.4e-05
-5.417945987346483e-05,-3.4e-05
-2.5468743912742358e-05,-6.6e-05
7.520235168899388e-06,-5e-05
-5.8868714339258446e-05,-6.6e-05
-5.433300933062278e-05,-6.8e-05
-6.268741142993207e-05,-0.000132
-7.977992161950129e-05,-0.000384
-0.00016573892942173333,-0.000616
-0.00030538950786142125,-0.00075
-0.0005892062219304877,-0.00075
-0.0006287075051849667,-0.000684
-0.000701376615163536,-0.000634
-0.0007057114238335869,-0.000516
-0.0006481228626475013,-0.000484
-0.0005815394393495045,-0.000432
-0.0006723694363250772,-0.000284
-0.00023455172910284667,-0.000234
-0.00014817387743452888,-0.000216
-0.00029360473988367396,-0.000116
-0.0002140141686969006,-0.000118
-0.00017234934696399256,-0.000116
-0.00014256797117083068,-0.00015
-0.00012536219730011443,-0.000234
-0.00015568736696720996,-0.0003
-0.0002017849850006327,-0.000366
-0.0002644837944082355,-0.0003
-0.0003011583475404217,-6.6e-05
-0.00026082910036653666,0.0001
-0.0001626134632585781,0.000282
0.0005534531777935149,0.0005
0.00019877771861096576,0.000718
0.00039425053652359016,0.000882
0.0005898934126789398,0.001134
0.0008027549719047116,0.0014
0.0017588981517371997,0.001584
0.001243405267205404,0.00145
0.0013879471207036845,0.001482
0.0017901148648580814,0.001584
0.001523509614963956,0.001516
0.0015067665111499235,0.001468
0.0015113873932081077,0.001432
0.0014985876209124664,0.001484
0.0014742481877815443,0.0015
0.001399127335770533,0.001434
0.0014617531081017252,0.0013
0.0012413696175747864,0.00115
0.0013426730484678434,0.000932
0.0008098369056091825,0.000684
0.0010107392402164154,0.000484
0.00040429990964095945,0.0004
0.0006199145899236273,0.000366
0.0002953774671091462,0.0003
0.00017426220162920515,0.0003
0.00026619719256920795,0.000284
0.0003117154646546409,0.000266
0.00028269694465524886,0.000284
0.0002829189750006858,0.00025
0.000245820558305966,0.00025
0.00019155341882020504,0.000182
0.0002035305920586557,0.000268
0.00040755342244199133,0.00025
0.0001866208520739361,0.00025
0.00023668319204145816,0.00025
0.0005153143723041685,0.000282
0.0002659710005108024,0.00025
0.0005127898496041717,0.00025
0.0002038205510271437,0.000218
0.00020363694256257295,0.000216
0.00023321390132632121,0.000216
0.0007906493970007377,0.00025
0.00029103670186413555,0.000268
0.00023694161272067246,0.000282
0.00024128222017561797,0.00025
0.00020828222290958254,0.000234
0.00025338540850485637,0.00025
0.00021644383513490462,0.0002
0.00021231257564890895,0.0002
0.00022479347394662193,0.000184
0.00021231257564890895,0.0002
0.0001834438378688692,0.000216
0.0002042998777975808,0.0002
-0.00017831866347151033,0.000184
0.00017083296986686048,0.000182
0.00016608722655773992,0.000184
0.00018319720213514644,0.000184
0.00019179496582432643,0.000182
0.00018319720213514644,0.000184
0.00021231257564890895,0.000216
0.0001576525191771437,0.000218
0.00019957457816377738,0.000216
0.00017880573696982434,0.0002
0.00019968015944112698,0.000216
0.00022029986929974653,0.000218
0.00019582055527606084,0.000216
0.0001748188356696911,0.0002
0.00018716262426265987,0.0002
0.00021231257564890895,0.0002
0.0002334438408987743,0.000216
0.000257652525236954,0.000218
0.00022916999836514927,0.000232
0.0003851264837958301,0.000234
-7.950715190623657e-05,0.00025
0.00024128223989937613,0.00025
0.00021621389556245152,0.000234
3.5213006122661856e-05,0.000232
0.00026669693342932496,0.00025
-4.819623318551537e-05,0.00025
0.0002334438408987743,0.000234
0.00023294248269048942,0.000234
0.0002829911836792543,0.000266
0.00024566696940129173,0.000266
0.0003412822262354283,0.000284
0.00032438590826812624,0.000266
0.00023257528548510604,0.000268
0.00030415540732897975,0.000282
0.00032477087657959813,0.000284
0.00028294248572039457,0.0003
0.00048043811309708424,0.0003
3.707449003792056e-05,0.00035
0.00040251632963943354,0.000366
0.0003236552219238907,0.00035
0.0003161971955991131,0.000334
0.00024563694984139524,0.0003
0.0003651134175664729,0.0003
0.0003243176048936705,0.000334
0.00032453125264189593,0.00035
0.0003204582571374602,0.000382
0.0005325153039922602,0.000384
0.0003532040546085244,0.00035
0.00036608721895360234,0.000334
0.00045745472778613945,0.000316
0.0003453774504152932,0.0003
0.00032453125264189593,0.0003
0.0002246377943235843,0.00025
0.00047285874621219923,0.0003
0.0002869606689009456,0.000284
0.00024179493926859434,0.000266
0.00011420737186280365,0.000266
0.00011927615088282121,0.000284
0.000274770873549693,0.000266
0.00029128224292928126,0.000268
0.0002999481127553355,0.0003
-0.00016568514273327222,0.000332
0.0007517535147787579,0.00035
0.0003117217565334891,0.000368
0.000513786372760684,0.000366
0.0003578653506471476,0.000366
0.00036231260446238254,0.000368
0.00031657528031899245,0.00035
0.0003623125650148662,0.000332
0.0003533774461663761,0.000318
0.00035755933653952967,0.000332
0.000303820557086954,0.000334
0.0003746377836895416,0.000366
0.00033706122364987335,0.000368
0.0003495745872534928,0.0004
0.00027453124961199075,0.000366
0.0003536369713760465,0.000366
0.00022838992373051895,0.00035
0.00033714834348959934,0.000334
0.00035366699093594304,0.000334
0.00032826555177146755,0.00035
0.0003417949650521628,0.000366
0.0003990363091998658,0.000366
0.0003786587873675073,0.000334
0.00028569738191552363,0.00035
0.0003456369361774473,0.00035
0.00035828223199929794,0.00035
0.0003035645821537496,0.000316
0.00034113130003810357,0.000368
0.0003455305856735301,0.000382
0.0002398878885410814,0.000368
0.00035787314153161486,0.000366
0.00045828225778286636,0.000416
0.00038647073680843683,0.0004
0.0008062686410756745,0.0004
0.0004620274838744503,0.000384
0.00039971472758501737,0.000366
0.0003871483662432626,0.00035
0.0003745312359480429,0.000318
0.0003330008907981667,0.000316
0.0006326628437629942,0.000334
0.00040429990964095945,0.000366
0.00031214834197464673,0.000316
0.000428306011259233,0.0003
0.000132025884004049,0.000318
0.0002667136394524737,0.000266
0.0003858550794217023,0.0003
0.00022083296303488655,0.000266
0.00029128224292928126,0.000284
0.0002664438381648098,0.000266
0.0002829911836792543,0.0003
0.000328547266209051,0.000318
0.0003077990560661175,0.000332
0.0002747934769765271,0.000284
0.000274770873549693,0.000284
0.00029948085692488313,0.0003
0.00027064466334578244,0.000266
0.0002831971786093195,0.000284
0.00022374704968200303,0.0003
0.00024940162355851,0.000282
0.0002911312772844403,0.000284
0.00025366696515237463,0.000284
0.0003331972013629828,0.000316
0.00028294248572039457,0.000284
0.0002873125801937667,0.000282
0.0003821214903474239,0.000318
0.0004318239802094715,0.0003
0.00030396523085294674,0.000282
0.00033443445298765345,0.000268
0.0006777259506817176,0.000266
0.0007435349403399134,0.00025
0.0002499481097254304,0.000234
0.0002034531565841789,0.000266
0.00025745471566651894,0.000284
0.00028300090749201973,0.000282
0.0002535305753648027,0.00025
0.00019515539125638265,0.000168
0.00021231257564890895,0.000216
0.0002943351256624633,0.00015
0.00013731258096593034,0.000134
0.00016202749528065668,0.00015
0.0001908982251602691,6.6e-05
8.300092002709685e-05,6.6e-05
0.00028739733318251527,5e-05
5.803669494394935e-05,5e-05
9.940161939973413e-05,3.4e-05
7.453125721612838e-05,3.4e-05
4.1794960432815675e-05,3.2e-05
3.666982053955919e-06,1.8e-05
2.932620126073566e-05,-1.8e-05
-1.2851648134099416e-05,0.0
-5.673722696781483e-05,-1.6e-05
-4.363050515311845e-06,-1.6e-05
-4.179454378089921e-06,-1.8e-05
-0.00012161007775505886,-3.2e-05
-2.067379968892936e-05,-3.4e-05
-2.1355344289746897e-05,0.0
-8.504459700541388e-05,0.0
-2.852892578144221e-07,-1.6e-05
-5.983792636668385e-07,0.0
-9.610387584919681e-05,0.0
-0.00014315390485404085,-1.8e-05
-0.0001347948775334466,-1.6e-05
-2.852892578144221e-07,-1.6e-05
-0.00014685017657790916,1.6e-05
0.0002019357881463345,0.0001
0.00012477088418373576,0.00015
9.912180337387215e-05,0.000184
0.00020828222290958254,0.000182
0.0002286446560669602,0.000218
0.00023687510420820792,0.000232
0.00016982679193073625,0.000234
0.0002159803859897742,0.000266
0.00020753058993419716,0.000218
0.0001834438378688692,0.000182
0.0004260679169750163,0.000184
0.0001667136333926634,0.000166
0.00011216262957968126,0.000134
0.00025557581074187876,0.000134
5.803669494394935e-05,0.0001
7.045824198793457e-05,8.2e-05
3.377449611737806e-06,6.8e-05
9.538539873311853e-05,3.2e-05
-3.198304892656565e-07,1.8e-05
3.321390430770301e-05,0.0
2.080573829270049e-05,1.6e-05
2.4156449773870353e-05,3.4e-05
8.282237910129453e-06,1.6e-05
1.619719960891017e-05,-8.4e-05
-1.701960367212364e-05,-1.6e-05
-1.3107933716494549e-05,0.0
6.937303095292375e-05,0.0
-1.678609409944631e-05,1.6e-05
-5.4682829905080505e-05,0.0
-2.9167037321820517e-05,-1.6e-05
2.4361362670891083e-05,0.0
-9.196329688747768e-05,-5e-05
8.282237910129453e-06,-1.6e-05
2.9044726551564207e-05,-3.4e-05
1.6213904399324008e-05,0.0
3.6223298311461635e-05,-1.6e-05
-1.2938767973825382e-05,0.0
6.231258628295171e-05,1.6e-05
8.282237910129453e-06,1.6e-05
3.820546303932482e-06,1.8e-05
1.6696945399966738e-05,1.6e-05
-3.378609493237647e-05,3.4e-05
0.00010389612147760512,0.0001
0.00012054726820022666,0.00015
0.00023656066805586212,0.0002
0.0001236782767394206,0.00025
0.00023714833742978904,0.00025
0.00026231255895505597,0.00025
0.000274770873549693,0.00025
0.0002042998777975808,0.000232
0.00021644383513490462,0.000218
0.0002326969416253437,0.0002
0.0002245418579639676,0.00015
0.00038129541990879965,0.00015
0.0002236488253664415,0.000166
0.000433978051283991,0.0001
0.000140882028924927,8.4e-05
0.00012415643980812714,5e-05
-1.2687413330966464e-05,1.6e-05
-1.6999081101773884e-05,0.0
7.520235168899388e-06,-1.6e-05
1.189206533298825e-05,-3.4e-05
-8.513520795033149e-05,-5e-05
4.8953174539177054e-05,-5e-05
-2.9167037321820517e-05,-5e-05
-4.1868718437267807e-05,-6.6e-05
-7.536219427020927e-05,-6.8e-05
-5.871775855629654e-05,-6.6e-05
-0.000297196968783328,-6.6e-05
-7.145272844455288e-05,-0.0001
-7.536219427020927e-05,-0.000118
-0.00017995526202734056,-0.000132
-0.00019235286689440765,-0.000134
-0.00017070010547919146,-0.00015
-0.00013768740611291071,-0.00015
-8.768741294488463e-05,-0.000116
-0.00013785166557074135,-0.0001
-0.0001295417602698069,-6.8e-05
-3.7837374579094613e-05,-5e-05
-8.41452232196442e-05,-3.2e-05
-9.246196280277581e-05,-5e-05
-9.234746638674474e-05,-5e-05
-4.6546838841588636e-05,-3.4e-05
-8.96330645341619e-06,0.0
-3.40088353331067e-05,3.4e-05
0.0001245418617660364,8.2e-05
-0.00011480706757639388,0.000118
5.7381964792329786e-05,0.000166
9.879943333981256e-05,0.000184
0.00018319720213514644,0.000182
0.00016183785134609357,0.0002
2.0286539945173528e-05,0.0002
0.00024101466739638258,0.000234
0.0002035305920586557,0.000216
0.00021231257564890895,0.000218
0.00022479345422286376,0.000232
0.00022479345422286376,0.000218
0.00019994810669552528,0.000216
0.0002276506575514904,0.0002
0.00021694247146456555,0.000216
0.0002793261938358038,0.00025
0.0002533774401065658,0.000234
0.0002873125801937667,0.000266
0.0002747934769765271,0.0003
0.00027032620354677507,0.000284
0.00027080574727855175,0.000266
0.0005268234613143247,0.000334
0.0002873125801937667,0.0003
0.00020356457609393936,0.000234
0.0002581448696877667,0.000266
5.5940870592701455e-05,0.0003
0.0002873125999175248,0.0003
0.0003160108849796765,0.0003
0.0002708329660647917,0.000284
0.00026669693342932496,0.000282
0.0002747934572527689,0.000284
0.00026621389859235667,0.000284
0.00024922284741468476,0.000282
0.0006672124380876828,0.000284
0.0002873125801937667,0.000284
0.000303974520743033,0.0003
0.00027064466334578244,0.000282
0.00029128224292928126,0.000284
0.0002538205343332907,0.000284
0.00027080572755479364,0.000282
0.0002873125801937667,0.000284
0.0002911448669538021,0.000284
0.00022845824682873284,0.000266
0.0002831972180568358,0.0003
0.000252815924435939,0.000284
0.0002831971983330776,0.000282
0.0002873125999175248,0.0003
0.00025779495049451826,0.0003
0.0002912822232055231,0.0003
0.00024103667911047226,0.000284
0.000303210284286193,0.0003
0.00027463779735348943,0.000284
0.00026619719256920795,0.0003
0.00029179496202225765,0.0003
0.00028257250746511277,0.0003
0.00029582056133587115,0.000282
0.0002952998935683624,0.000284
0.00026619719256920795,0.000284
0.0002873125999175248,0.000282
0.00028714834045969416,0.000284
0.0002743176215875235,0.0003
0.0002952998935683624,0.000284
0.000258036684874342,0.0003
0.0002873125801937667,0.000282
0.0002869416157505776,0.000284
0.00029582056133587115,0.0003
0.00026214835866849976,0.000284
0.0002831971983330776,0.000282
0.00030804743735243605,0.000284
0.00028269694465524886,0.0003
0.00028285477416792424,0.0003
0.00020779905000630722,0.000316
0.0002873125801937667,0.000284
0.00029971472152520706,0.000284
0.00029179496202225765,0.0003
0.00021214833591483648,0.000266
0.0002831971786093195,0.000284
0.00019087504974444884,0.000282
0.00026231255895505597,0.000268
0.00021657527425918217,0.000266
0.00028714834045969416,0.000284
0.00024968016247103213,0.000266
0.000274770873549693,0.000266
0.00027029985260589354,0.000268
0.00029179496202225765,0.000282
0.00031869706360142876,0.000284
0.0002411312939782933,0.000284
0.00029124859419788607,0.00025
0.000245820558305966,0.00025
0.0002542998808274859,0.000266
0.00027064466334578244,0.00025
0.00022064464059211916,0.000234
0.00024971471849530194,0.000232
0.0002036669818462276,0.000218
0.0002330872156277566,0.000216
2.7476056272078288e-05,0.000216
0.00022880572027597133,0.000234
0.00022080572452488846,0.000216
0.00020779494746461308,0.000218
0.00022453124658208562,0.0002
0.00019582055527606084,0.0002
0.0002042998777975808,0.0002
0.0002859600432027391,0.0002
0.0002042998777975808,0.000216
0.0002038205510271437,0.0002
0.00019582055527606084,0.000216
0.0001997147154653968,0.0002
0.00018716262426265987,0.000218
0.00021231257564890895,0.0002
0.00020828222290958254,0.000216
0.00016694248815841856,0.000216
0.00021669693039941983,0.0002
0.0002451553942862878,0.000218
0.00017865877524788677,0.0002
0.00019563694681149009,0.0002
0.00020828222290958254,0.000216
0.00018271622843090427,0.000216
0.00021231257564890895,0.000218
0.00021621389556245152,0.000216
2.441981433633718e-05,0.000216
0.00021231257564890895,0.0002
2.9698062133323212e-05,0.000218
0.00020828222290958254,0.0002
0.00020828222290958254,0.000216
0.00024128223989937613,0.000234
0.0002331971953031725,0.000232
0.0003455305856735301,0.000234
0.00020363694256257295,0.000234
0.0002334438408987743,0.000232
0.00022481883869959624,0.000234
0.0002746377776297313,0.000234
0.0002038205510271437,0.000216
0.00022880573999972946,0.00025
0.00024529989053845725,0.00025
0.0002161971895393028,0.000216
0.00040655027210274234,0.000234
-2.3344866448077896e-06,0.000234
0.00020828222290958254,0.000232
0.0002334438408987743,0.000234
0.00022453124658208562,0.000234
0.00023321392105007938,0.000232
0.00011510237683614424,0.000234
0.00023271362792473427,0.000234
0.00021669693039941983,0.000232
0.00020779494746461308,0.000218
-0.00010096272504939924,0.00025
0.0002334438408987743,0.000232
0.00023294248269048942,0.000218
0.0002334438408987743,0.000232
0.0001283899078088296,0.000234
0.00022932619080589863,0.00025
0.00023257528548510604,0.000234
0.0003195319308361856,0.000232
0.0002286446560669602,0.00025
0.00023321392105007938,0.00025
0.00024105697485760335,0.00025
0.0002331971953031725,0.00025
0.00013576801346560415,0.000268
0.0002542998808274859,0.000266
0.0002582822259394877,0.000284
0.00026669693342932496,0.00025
0.0002832139240799845,0.00025
0.00023731257716386154,0.000232
0.0001576236435952196,0.000218
0.0003223945384745439,0.000232
0.000257652525236954,0.00025
0.00023271364764849243,0.000268
0.00024153060146193654,0.000266
0.0004150332632432772,0.000284
0.00026669693342932496,0.000316
0.00028300090749201973,0.000334
0.00032454184430001973,0.000366
0.0003786587873675073,0.000384
0.0004785472358512501,0.0004
0.0003703899173453933,0.000432
0.00039489613457518866,0.000468
0.00042020057229710757,0.000466
0.0004408061007736209,0.000434
0.00044155339452221445,0.0004
0.0004413100033467065,0.000416
0.00042838991612638135,0.000434
0.000470644675465403,0.000482
0.00039059671032724966,0.0006
0.0004812206729252408,0.000768
0.0005678063538331313,0.000932
0.0006912791310909774,0.00115
0.0008574588151195584,0.00135
0.001044546945102242,0.001418
0.0012077996234221217,0.001232
0.001284930957548358,0.00105
0.0012590387912812377,0.000884
0.0011410523745889736,0.000716
0.000965747059931981,0.000534
0.0007912414253252146,0.000484
0.0006505782883136426,0.000382
6.14013782422951e-05,0.00025
-0.0008074197440338422,0.00025
0.0003390608182506021,0.000268
0.00028613398702581887,0.000282
0.0002621626386693967,0.000318
0.0005682254047986777,0.0003
0.0002915306044918417,0.00035
0.0004164188178054393,0.00035
0.0005103949908902193,0.00035
0.00042915539517998446,0.00035
0.0003325725104950179,0.00035
0.0003499481157852407,0.000432
0.0003696180872416676,0.0005
0.0004064423436981735,0.000468
0.00041119146963181595,0.00045
0.00046187513756653915,0.000332
0.00043592498345047294,0.000268
0.0003774437644182659,0.00025
0.00023969278112551218,0.000316
0.0002906653429457836,0.000366
0.0002988805248982272,0.0004
0.0003315988077266792,0.000368
0.0003617531992338772,0.000382
0.0003786587873675073,0.000318
0.00036624244493020257,0.00025
0.00012403539510439195,0.000182
0.00028114722925404683,0.000134
5.366698261839129e-05,5e-05
0.00014442897207588037,3.4e-05
-0.00019444421641802643,0.0
1.2050162349133484e-05,0.0
-2.8528679234465177e-07,0.0
4.044726539007278e-06,-1.8e-05
-4.700104887310299e-06,0.0
0.0001029817527047058,-1.6e-05
3.974519821890549e-06,-3.4e-05
3.6969856733696815e-05,-1.6e-05
-2.145273034558728e-05,-1.6e-05
-4.179454378089921e-06,0.0
-4.5656283042784554e-06,0.0
-3.0173200465126148e-05,0.0
-4.6894830037478435e-05,0.0
-1.3107933716494549e-05,0.0
-5.082026717629265e-05,0.0
-2.9355349902708834e-05,-1.8e-05
-3.0243505801033603e-05,-1.6e-05
2.4531253261672077e-05,-3.4e-05
-8.803014282828928e-05,-1.6e-05
-4.617945426050289e-05,-1.6e-05
0.00011965065574059727,-1.8e-05
-5.028528489131025e-05,-6.6e-05
-0.0001297861968044965,-8.4e-05
8.282237910129453e-06,0.0
-1.7598890448839e-05,-1.6e-05
-0.00014321682364252305,-5e-05
-1.2687413330966464e-05,-1.6e-05
-2.5206531341024685e-05,-1.8e-05
3.202588534064802e-05,-3.2e-05
-2.9341222760937557e-05,-1.8e-05
2.4302465988151842e-05,-3.2e-05
-0.00010522941772069678,-3.4e-05
-4.179454378089921e-06,-3.4e-05
-1.2851648134099416e-05,-1.6e-05
2.4637798229517273e-05,-1.6e-05
-1.6802800122595034e-05,-5e-05
-2.93553449717693e-05,-3.4e-05
2.4793466757940917e-05,-5e-05
-1.6999081101773884e-05,1.6e-05
-9.317238298551748e-05,0.0
7.838991957174308e-05,1.8e-05
8.282237910129453e-06,-1.8e-05
-1.678609903038585e-05,-1.6e-05
-4.363050515311845e-06,-1.6e-05
-3.7851649649051975e-05,1.6e-05
8.131279661697785e-06,1.6e-05
1.669694663270162e-05,0.0
4.948084300809236e-05,3.4e-05
1.6213905632058893e-05,1.6e-05
-1.7652918753337382e-05,1.8e-05
3.273610058121519e-05,3.2e-05
0.00015364566729564693,5e-05
6.974118229510739e-05,3.4e-05
3.321390430770301e-05,3.4e-05
-2.852892578144221e-07,0.0
5.429989336256306e-05,3.2e-05
7.794959999690226e-06,1.8e-05
4.994810746768894e-05,1.6e-05
3.731258415163169e-05,0.0
-7.995527569128842e-05,1.6e-05
1.2312585718516335e-05,0.0
1.2148349682648505e-05,1.8e-05
5.8282238474564825e-05,1.6e-05
-1.2687413330966464e-05,0.0
-3.1983295473542343e-07,0.0
-4.196330865039115e-05,0.0
-4.6894830037478435e-05,1.6e-05
4.957457153953175e-05,1.8e-05
3.283137989313873e-05,1.6e-05
-6.324680679655831e-05,1.6e-05
1.572253997274414e-05,5e-05
1.5831380601127164e-05,3.4e-05
6.621390619649427e-05,1.6e-05
1.2312585718516335e-05,0.0
4.922283529506419e-05,-3.2e-05
3.896122814204158e-06,-3.4e-05
-1.3030143214371113e-05,-3.4e-05
-4.88653531637057e-07,-1.6e-05
-2.1532601704195e-05,-1.6e-05
-4.682836737054451e-06,-1.8e-05
-6.708103634677103e-05,-1.6e-05
1.619719960891017e-05,0.0
-8.205041364354579e-06,0.0
-1.2851648134099416e-05,0.0
3.974517356420782e-06,1.6e-05
6.608722296339942e-05,1.8e-05
-4.517970773660867e-06,0.0
-4.435429311294275e-06,-1.8e-05
1.231258448578145e-05,1.8e-05
-4.235862700394962e-05,-1.8e-05
-2.1167031708858574e-05,-3.2e-05
-2.945273102760968e-05,0.0
-4.633301357953991e-05,-0.0001
5.415541436868199e-05,-3.4e-05
-7.960197387351811e-05,-5e-05
-4.179454378089921e-06,0.0
-3.805838422004762e-05,1.6e-05
8.282237910129453e-06,0.0
2.838991939253736e-05,-3.2e-05
4.165252654610725e-05,-1.8e-05
-4.700104887310299e-06,-1.6e-05
-4.7150356255185e-05,-1.6e-05
-1.3303899115543087e-05,-3.4e-05
-5.433300933062278e-05,-1.6e-05
-2.0700106251355104e-05,-1.8e-05
-2.5206531341024685e-05,-1.6e-05
-1.6802800122595034e-05,-1.6e-05
-0.00012569753077421473,-1.8e-05
8.282237910129453e-06,0.0
-3.035432373617066e-05,-1.6e-05
-3.38028009555252e-05,-1.6e-05
-2.0955272510475525e-05,-1.8e-05
-1.2687413330966464e-05,-3.2e-05
-1.6802800122595034e-05,-5e-05
-8.10472767543376e-08,-1.8e-05
-6.305837587312111e-05,-1.6e-05
-3.7851649649051975e-05,-1.6e-05
-2.934122769187709e-05,-3.4e-05
-3.3999077003764514e-05,-1.6e-05
1.657529295793372e-05,-3.4e-05
-3.7837374579094613e-05,-1.6e-05
2.8965238342367633e-05,0.0
1.1696101166674597e-05,0.0
-5.417945987346483e-05,-3.4e-05
-4.33301862806648e-06,0.0
-5.189309674642558e-08,0.0
8.282237910129453e-06,0.0
-2.5229115044100577e-05,0.0
-2.93553449717693e-05,-3.4e-05
-8.868721171232379e-06,-1.6e-05
4.968016760969995e-05,6.6e-05
-2.5614098148391113e-05,0.0
-1.7303053800423823e-05,0.0
1.1715453871619384e-05,0.0
7.046739627718357e-05,3.4e-05
-2.9194261038999995e-05,-1.6e-05
4.044726539007278e-06,-1.8e-05
-2.1167031708858574e-05,0.0
-8.717762922800714e-06,0.0
1.5991160300389136e-05,1.8e-05
4.971471130662095e-05,0.0
2.8618056475452186e-05,1.6e-05
5.715027473634132e-05,0.0
3.826801200734179e-06,0.0
-5.189309674642558e-08,-1.6e-05
2.880573820426359e-05,1.6e-05
3.3854007517399617e-06,0.0
-4.179454378089921e-06,1.6e-05
4.5530598312471405e-05,0.0
-3.100562688481254e-05,1.8e-05
3.308722354007793e-05,0.0
8.282237910129453e-06,1.6e-05
4.1036695343754064e-05,3.4e-05
1.6696945399966738e-05,1.6e-05
-0.00011396381774442548,-1.6e-05
-4.33301862806648e-06,1.6e-05
2.4793466449757195e-05,1.6e-05
-2.154175352797423e-05,1.8e-05
2.9044726551564207e-05,3.2e-05
2.018160523727063e-05,3.4e-05
8.714834806383178e-05,6.6e-05
1.1246138141175731e-05,8.4e-05
2.1420914678490326e-06,0.0001
0.00014566698306523962,0.0001
2.4262200552266498e-05,0.0001
0.00010429989146152867,0.0001
4.957457153953175e-05,8.4e-05
6.180788489766124e-05,8.2e-05
3.2102784341110383e-06,5e-05
7.854726585234393e-05,5e-05
6.644384083800784e-05,6.8e-05
6.216262408430635e-05,5e-05
5.415541436868199e-05,5e-05
8.144869331059615e-06,3.2e-05
2.865877598152748e-05,3.4e-05
2.032620134096569e-05,3.4e-05
3.731258415163169e-05,1.6e-05
1.2050162349133484e-05,1.6e-05
3.4622297206538373e-06,5e-05
-5.503475105978068e-05,-1.6e-05
9.451217371970944e-05,3.4e-05
8.694161349283614e-05,5e-05
2.8826798324068725e-05,6.6e-05
0.00020363694256257295,0.00015
0.0001870274869337302,0.00015
8.223599816966135e-05,0.000134
0.0001706587794968039,0.000116
1.5831380601127164e-05,5e-05
7.816524131177512e-05,3.4e-05
-7.178620788538757e-05,0.0
-1.2851648134099416e-05,-3.4e-05
3.148350764475626e-06,-6.6e-05
-1.742747619774132e-05,-0.0001
-0.00014234747927852897,-0.00015
-0.00010907977144319294,-0.000118
-0.00034580885316251223,-0.0001
4.968016760969995e-05,1.8e-05
0.00017064464742409308,0.00015
0.0002649264302794491,0.0003
8.830168989041458e-05,0.000432
7.701552372575145e-05,0.000468
0.00033439956165949515,0.000382
0.0003939362976088258,0.000434
0.0004282375698184702,0.000566
0.00046083423595420087,0.000518
0.00017223249871166824,0.000432
0.00048608360494337925,0.00035
0.00046445035032496835,0.000368
0.00041536773873389825,0.0004
0.0003867217413545887,0.0004
0.0003789652551215626,0.000482
0.0004114523755045565,0.000534
0.0004525846557675526,0.0005
0.0004777768258581108,0.000584
0.0005240353897579959,0.000566
0.0005452040709770621,0.000666
0.0005775319811843105,0.000684
0.0006237392238655025,0.0007
0.0011236129432173941,0.000684
0.0006831972422960769,0.00065
0.0006790447600463174,0.0006
0.00065754894057466,0.000532
0.0006647941475490544,0.00055
0.0005621483571241725,0.0006
0.0006747934617682519,0.000734
0.0005236745633264933,0.00075
0.0006563783749762772,0.00065
0.0006819773278548156,0.000534
0.0006648751727475136,0.00055
0.001075346461290843,0.00065
0.0005946526766242688,0.000666
0.000598547290460042,0.000766
0.0006561005461190484,0.000934
0.0008878788462014518,0.000934
0.0008221581795322288,0.000966
0.0004695853913104736,0.000966
0.0009495999291940544,0.00105
0.0009779319243436973,0.00105
0.001006957327934682,0.00095
0.0009865605951618903,0.0009
0.0009858886461694102,0.000968
0.000965659802025948,0.001082
0.0009733475706855973,0.001118
0.0010148336557221963,0.000932
0.0010230868650803434,0.000818
0.0009845196595640899,0.00095
0.0009518436250255843,0.00095
0.0009111339460046006,0.000716
0.0001695590024664031,0.0003
-0.00016285164736193578,-0.000184
0.0004347980073575903,-0.000616
-0.0010265511703937435,-0.000866
-0.00035249702175937854,-0.00095
-0.0013789837226950885,-0.001118
-0.0008919911953124604,-0.001166
-0.001028022957226515,-0.001216
-0.0006347010030199701,-0.0013
-0.0012016704505639136,-0.001434
-0.0012815171939214729,-0.00135
-0.001326961442742588,-0.001416
-0.001376325591257418,-0.001468
-0.0014180664283542166,-0.001516
-0.0014390299430410598,-0.001516
-0.001480025853240242,-0.0016
-0.0016559254841776564,-0.00165
-0.0015719216826584482,-0.001718
-0.001622827597899948,-0.001666
-0.0016595453460624715,-0.001684
-0.0016801287444823463,-0.001682
-0.0016879723308313402,-0.00175
-0.001696300806050568,-0.001768
-0.0017219569972752428,-0.00175
-0.0017383166712309388,-0.001582
-0.0017143778670754557,-0.001268
-0.0015969751158342153,-0.001016
-0.0008730118117999605,-0.000634
-0.00012969399809704824,-0.0001
-0.0007654140563126742,0.000384
-0.0003546509744913492,0.0006
5.0713593917701356e-05,0.00055
0.00035164317556021237,0.000516
0.0005105161736602615,0.000484
0.0005364331918626445,0.000466
0.0005032040636982398,0.000534
0.0004993391538422327,0.000616
0.0005235572464130475,0.00065
0.0005647207296614288,0.000634
0.0006073913841646935,0.00065
0.0006371483813927884,0.000584
0.0006288267700413949,0.000582
0.0006117531749358867,0.00055
0.000590596682999354,0.000518
0.0005578286174053443,0.000532
0.0005449043093007761,0.0005
0.0005245418169721241,0.000568
0.0006944455043285251,0.000732
0.0004973028336038382,0.00065
0.0006072534756477445,0.00065
0.0004604617725053928,0.000584
0.0006526977244688597,0.000434
0.0005773119034909298,0.0005
0.0005399676498746921,0.000616
0.0006746378018689724,0.0008
0.0005840552197155693,0.000866
0.000691895064610326,0.0009
0.0007927796417754181,0.000768
0.0008322050674560719,0.000632
0.0007889192289362681,0.000418
0.0002494365346104265,0.000166
6.40081859958026e-05,0.0002
0.0003493536219909956,0.000516
0.0004607863466694251,0.00085
0.0006302120879184593,0.0009
0.0006095033647393319,0.000934
0.0007958670410853538,0.00095
0.0009075488768291531,0.001
0.0009451051213979322,0.001234
0.0010265104361241004,0.00135
0.001129416619604011,0.001366
0.0017398746659014878,0.001416
0.0013398461605554854,0.00135
0.0013698268252009434,0.00125
0.0008541630540285802,0.0013
0.0013274761295023049,0.001318
0.0011162140092720184,0.00115
0.0012528807184082732,0.000682
0.0011061282260971137,6.8e-05
0.0007924766848503127,-0.000518
0.0003299009274542928,-0.000932
-0.0006259456662269707,-0.00105
-0.0006188466911954626,-0.001
-0.0008802154805397016,-0.001084
-0.0010179195015643124,-0.001216
-0.0010894838444016701,-0.0013
-0.001152873794018428,-0.001334
-0.0012358910920502618,-0.001384
-0.0019322201486030072,-0.0014
-0.0013554876774624417,-0.001532
-0.0014143148117649938,-0.001584
-0.0014771132064274701,-0.001766
-0.0015737559921659228,-0.001784
-0.0016692338138533057,-0.001834
-0.0017443453562504727,-0.0018
-0.0017966224671582052,-0.001432
-0.0017165406954985916,-0.00115
-0.001560980519540316,-0.0013
-0.00142646969606433,-0.001384
-0.001319156357169493,-0.00145
-0.0013237807106091107,-0.001466
-0.0014016224945037259,-0.0014
-0.0014258435850857786,-0.0014
-0.0013426817513542593,-0.001434
-0.0014256824814292512,-0.001266
-0.0013765987258602087,-0.00105
-0.0008400050492848813,-0.0007
-0.001119301827489949,-0.00025
-0.0008260316344845866,0.000216
-0.0004578007858318655,0.000484
-7.371161156985431e-05,0.00055
0.0002421989410066761,0.000582
0.00045442610527547564,0.00055
0.0005406138790865512,0.00055
0.0005576524842451104,0.000484
0.0005406138790865512,0.000566
0.0005367154782892141,0.00075
0.0008520116653851685,0.000734
0.0006307113356846227,0.000634
0.0005787565109849777,0.000516
0.0006561807429196655,0.000384
0.0004074320424343677,0.000282
0.0001659189533151268,0.0002
0.00021202748844868275,0.00015
0.0002518019260297103,0.00015
0.00022025144747350083,0.000184
0.00017045823818586577,0.000134
0.0002227665619408625,6.6e-05
8.282237910129453e-06,1.6e-05
-2.135534922068643e-05,-5e-05
0.00010679891134224412,-1.6e-05
2.9391753784095523e-06,-8.4e-05
-3.4427472099731935e-05,-8.2e-05
-5.028528489131025e-05,-0.0001
-0.0002021851406058762,-5e-05
-0.00011285166405578874,-6.8e-05
-7.545813062982602e-05,-1.6e-05
1.1460617985447895e-05,-1.6e-05
-2.5458132530860414e-05,1.6e-05
-2.174855713212338e-05,1.6e-05
-4.844583881191368e-06,3.4e-05
2.038991894165275e-05,6.6e-05
7.477088608477016e-05,5e-05
3.3087223848261653e-05,5e-05
4.971471130662095e-05,6.8e-05
-3.844454581888731e-05,3.2e-05
3.820546303932482e-06,-3.2e-05
3.965237328213614e-06,-3.4e-05
-1.2687413330966464e-05,-5e-05
-8.380278919261173e-05,-0.000116
-0.00017070010547919146,-0.000168
-9.33293742384717e-05,-0.0001
1.189206533298825e-05,3.4e-05
3.638306445063988e-05,0.000116
0.00020779494746461308,0.000218
0.00018731259385771455,0.000266
0.00015626769439403297,0.0003
0.0008273356660452619,0.00035
0.00028230386987917935,0.000516
0.0006032040697580501,0.000634
-0.00044915140506762035,0.000734
0.0005549541952358572,0.0008
0.0009691225050058646,0.000832
0.0007481216608489908,0.00075
0.0004397783746317234,0.000634
0.00043689207875983305,0.000534
0.0003705472734878733,0.0004
0.0005763065440907686,0.000382
0.0002681153674963146,0.000384
0.00030814487271767183,0.00035
0.00033714834348959934,0.00035
0.00029971472152520706,0.000316
0.00025366696515237463,0.000268
0.00015338539258316698,0.0002
0.000268595285979496,0.000266
0.00022083296303488655,0.0002
0.00014103669277442014,0.000166
0.00047532311144985416,0.000184
0.00019179496582432643,0.000166
0.00014922918254311804,0.0001
5.356456946969372e-05,0.0001
0.0001365554450620225,0.000268
0.000156795206305618,0.0004
0.000680449722786494,0.000566
0.0006078286598827657,0.000616
0.00128103543641971,0.000634
0.0005991274450821158,0.000634
0.0008524952130398486,0.000682
0.0006408900572079061,0.000768
0.0006781421219785748,0.0008
0.0006368152076702049,0.000816
0.0007652156108729045,0.00085
0.0008077656743188715,0.00075
0.0007529026998233117,0.000616
0.00038898977630366936,0.000584
0.0005371626158863587,0.00055
0.0006231185960917155,0.0005
0.000694160693260913,0.000584
0.0005536456422254927,0.0006
0.0005575489739623661,0.0007
0.0007411448942229484,0.00075
0.000656787287930137,0.000766
0.0007023926009602634,0.00075
0.0009487158314589679,0.000916
0.00022070043910391105,0.0011
0.0008795027183825459,0.001084
0.0011278136303320596,0.001
0.0005904423248681121,0.0007
0.0009670074869724719,0.000184
0.0007332627282030231,-0.000484
0.00033603868485636794,-0.000966
-0.00015723682595955606,-0.001234
-0.0006383616536366287,-0.001416
-0.0010337026895169495,-0.001568
-0.0013015603980532755,-0.001532
-0.0014407294998328884,-0.001518
-0.0015099002462768151,-0.001582
-0.001550645901432655,-0.001568
-0.001550645901432655,-0.001582
-0.0015631547088481431,-0.0016
-0.0015832863543114675,-0.001634
-0.0015966145655353266,-0.001634
-0.0016130583415957524,-0.001732
-0.0016512244447663713,-0.001718
-0.0016806360395418328,-0.00165
-0.0016845470240968664,-0.0016
-0.0016763215857901876,-0.0017
-0.00166814206439247,-0.001732
-0.0016717434648396612,-0.001618
-0.0016638659536266582,-0.001516
-0.0015366248340326824,-0.0015
-0.0011851855701915139,-0.001316
-0.001490199998851636,-0.001234
-0.0013944804427844292,-0.001034
-0.0012751494969469445,-0.000632
-0.0010605548505404979,-0.0002
-0.0007848313861510232,5e-05
-0.0004642731765146268,0.00035
-0.00011692108956000019,0.000416
0.00014788588613278138,0.000466
0.0003164951624134079,0.000418
0.0003993466033630012,0.000366
0.0004156215440537066,0.000434
0.0004201021112964483,0.000566
0.0004441717628634646,0.000716
0.0008196991002617568,0.0007
0.0006011695641054049,0.000768
0.00036888708531730176,0.000816
0.0007488669822217698,0.00095
0.0008062306136699712,0.00095
0.0008689958724187641,0.000884
0.0008986233240033633,0.000816
0.0008986234028983958,0.00085
0.0009616513032106462,0.00085
0.0006807624626956394,0.0009
0.0008532551299936548,0.001034
0.0009066326688158068,0.001166
0.0009844479439794752,0.0013
0.0012329912017999356,0.001316
0.001201169521569234,0.0011
0.0012182495860674138,0.001118
0.0006446608058425296,0.0012
0.0010198819121718641,0.001182
0.0011489578935385426,0.0011
0.0011489578935385426,0.001068
0.0011361339004678994,0.001216
0.0016351891627518105,0.00125
0.0011566072403173255,0.001266
0.0011980572703240357,0.00135
0.0012692759740236626,0.001218
0.0012697895806857555,0.001032
0.0012136101636765731,0.00105
0.0009765572572960312,0.001184
0.000976516389669155,0.001234
0.0011228651760986051,0.001132
0.0011483112698515206,0.000968
0.0011270205774645701,0.0008
0.0004324910377099316,0.00045
0.0008312352897156041,6.6e-05
0.0005624129710634443,-0.00035
-0.0007678400785644954,-0.000634
-0.00012719767050931957,-0.000782
-0.00043301413620876623,-0.001034
-0.00070613848264494,-0.001334
-0.0009525899964666189,-0.001366
-0.0011349151544374424,-0.00145
-0.0012998953972857166,-0.001566
-0.0014312254886282253,-0.0015
-0.0014723114969546135,-0.001484
-0.0013091750310177234,-0.00155
-0.0015258436700406213,-0.001584
-0.001530487747238384,-0.001532
-0.0015383963430942236,-0.0015
-0.0015422550991376896,-0.0015
-0.0015298531155963143,-0.001634
-0.0015428643265792687,-0.001684
-0.0015815200523220765,-0.001566
-0.0015977233563231998,-0.001466
-0.001484013681557008,-0.001534
-0.0015644569502559012,-0.00165
-0.001555641061525397,-0.001616
-0.0015682792567943153,-0.001584
-0.0015970607958395967,-0.001716
-0.0016427145109722105,-0.001568
-0.0016224268111344438,-0.001466
-0.001585704644850096,-0.0013
-0.0015162569768418148,-0.001284
-0.0014074331136532097,-0.001166
-0.0013066511789255036,-0.00095
-0.0011784675792723325,-0.000666
-0.001022330917310998,-0.0004
-0.0008026686851719016,-0.000234
-0.0005692360745988538,-0.000166
-0.0003712791282429133,-0.000268
-0.00026911118530660767,-0.000266
-0.00023452387915634613,1.6e-05
-0.00017386616313660888,0.000334
-5.2148415740374055e-05,0.000634
0.00017113117336625306,0.000882
0.00045845365724114546,0.0008
0.0006573013679624254,0.000668
0.000743518687963202,0.000732
0.0007685277032356267,0.000834
0.0007569155378654054,0.000716
0.0007359992813030775,0.000618
0.00104312407318967,0.000682
0.0007105534242352597,0.000718
0.0006824961415890587,0.000882
0.0007225827865377617,0.000984
0.0008134592132400075,0.000966
0.00048020588556868635,0.00085
0.0009072534938271753,0.00095
0.0009362113632702719,0.0009
0.0009153715559945135,0.000884
0.0008951051578155433,0.00095
0.0009202654937604557,0.000934
0.0009163470930723597,0.0009
0.0009277411136774986,0.00085
0.00117983070321241,0.000866
0.0008866961307680517,0.001
0.0009025537167364114,0.001066
0.0009432495891266937,0.001168
0.001022282293538097,0.001166
0.0002496922925822912,0.0012
0.0011487507151829886,0.001284
0.0008367960482969086,0.001216
0.001215433743459617,0.001266
0.001240641416424077,0.0013
0.0012657162301536733,0.001234
0.0012532040302517843,0.001266
0.00126591891149237,0.001418
0.0013027744103817774,0.001332
0.0013107531439215802,0.0013
0.0013275996791233245,0.0012
0.0013105656893241712,0.001084
0.0012265981006249168,0.00095
0.0007239869603276126,0.000834
0.0007112339727862909,0.000816
0.0009183404549655146,0.000716
0.00082693953408668,0.0007
0.0007650332844526132,0.000818
0.0007611402879650078,0.00075
0.0007448750513633096,0.000566
0.000706210331586788,0.000284
0.0005993736764787965,6.6e-05
0.0004100104109941,-0.000134
0.00018905244628743324,-0.000282
-2.1780642755685578e-05,-0.000684
-0.0002653178529689084,-0.000916
-0.0005117259745226685,-0.001034
-0.0004650551051825227,-0.001184
-0.0009590325648270652,-0.00135
-0.0011250367863031893,-0.001332
-0.0012281670316756257,-0.001234
-0.0012767023089781753,-0.001316
-0.0013091016586374243,-0.001334
-0.001305018209541172,-0.0014
-0.001322468055057052,-0.001416
-0.0013675516746842462,-0.001468
-0.0015308501910180547,-0.00145
-0.0014341685889235729,-0.001466
-0.0014505191110554896,-0.0015
-0.0011064677358551356,-0.00155
-0.0014924510319211956,-0.001484
-0.001500777140289446,-0.00135
-0.0014728352021808765,-0.001166
-0.001123824643022637,-0.001266
-0.00131939146436658,-0.001434
-0.0013064646710684855,-0.00155
-0.0013576762256661986,-0.0015
-0.0014401590887473384,-0.0015
-0.001497023156849246,-0.001516
-0.0015170090042923633,-0.0015
-0.0015041794096744068,-0.001518
-0.0015087177675285129,-0.001466
-0.001500519153532911,-0.001266
-0.0014399989318312019,-0.001134
-0.001349828063405315,-0.0009
-0.001196599630134928,-0.00085
-0.0010417153479207613,-0.000834
-0.0009324895145411635,-0.000816
-0.0008507771403481957,-0.000734
-0.00046036191582697925,-0.000366
-0.0006921967047527096,-6.6e-05
-0.0005029474820376069,-3.4e-05
-0.00030699391724395904,3.4e-05
-0.00011180078222182913,8.2e-05
2.5677745470715416e-06,-3.2e-05
1.1294638862454011e-05,5e-05
3.246773974426329e-05,0.00025
8.495497247026905e-05,0.000732
0.0002426458616424811,0.0006
0.00040126647453330827,0.00055
0.0005286257394385719,0.00075
0.0006558892652218002,0.000968
0.0007129695846080084,0.001182
0.0008566383856757637,0.001318
0.0010491544938999206,0.001382
0.001208567982144414,0.001468
0.0013349115918477648,0.001416
0.001578547263061647,0.0015
0.0014403682939409072,0.00145
0.0014199652495655093,0.0014
0.0014405489635655143,0.001316
0.0011677006708483363,0.0014
0.0013903052932274873,0.001234
0.0013266590925449112,0.001016
0.0012379585908412094,0.000918
0.0009697222650435343,0.000816
0.0009921679018124168,0.0007
0.0008595864563581638,0.0006
0.0007555321134691229,0.000466
0.0005222936241237371,0.00045
0.0005514589086074853,0.00065
0.0005393783828763554,0.000868
0.0006043046949100511,0.00105
0.0007489023271963655,0.001116
-0.0005549453045300077,0.00115
0.0010432999302172896,0.001134
0.0011115554942832937,0.000916
0.0010766469670078845,0.000966
0.0010389653582323366,0.001134
0.0010350669179874832,0.0013
0.0010752554953182788,0.001434
0.0012041414185514731,0.001166
0.0012555506052057978,0.001
0.00122101280568848,0.00115
0.001183622792953346,0.001266
0.0010820121448034243,0.001318
0.0011804706208216626,0.001282
0.0012524388273307953,0.0012
0.001265438361848928,0.001068
0.0012146173376624838,0.001016
0.001138889546165838,0.000366
0.0009045013984057028,-0.000416
0.0004935937019896594,-0.000934
-1.0436375330467149e-05,-0.00115
-0.0005479761907221255,-0.0013
-0.0011808579409694278,-0.001266
-0.0011660502900946368,-0.001266
-0.0012469107557258107,-0.001384
-0.0013051969856849972,-0.001334
-0.0013137345327405609,-0.001316
-0.0013260476804752516,-0.00115
-0.0012981799036973067,-0.001
-0.0011892967903392344,-0.000984
-0.0011158267379899175,-0.001132
-0.0010683600150086254,-0.00115
-0.0010683600150086254,-0.000934
-0.00028670637519625754,-0.000734
-0.0009916938459944783,-0.0007
-0.0008839623634269697,-0.000882
-0.0011338028133731032,-0.001084
-0.0008537553489330412,-0.001134
-0.001085029588652294,-0.001116
-0.0010565025649821142,-0.001216
-0.0011387095321343233,-0.00135
-0.001206289991406544,-0.00145
-0.0012861552750967594,-0.001534
-0.0013904391236355743,-0.001566
-0.0014770756523919623,-0.001584
-0.0015347761656292784,-0.001516
-0.0015506608914888453,-0.0016
-0.0015672837592732266,-0.001734
-0.0016104601703828426,-0.001834
-0.0016740271604527089,-0.0017
-0.0017190735416245254,-0.001666
-0.001735057990805273,-0.001734
-0.0017350581485953381,-0.001782
-0.0017215645733831921,-0.001668
-0.0017137053658177477,-0.00145
-0.0016616494765813682,-0.0012
-0.00153051330922894,-0.000866
0.0002643253684737418,-0.000784
-0.0010816143015869577,-0.000666
-0.0008839221269603541,-0.00065
-0.000743696778484566,-0.000584
-0.0006727890001083352,-0.000366
0.00010705699178663044,3.4e-05
-0.0003981255299290833,0.0003
-0.00016251141253393646,0.000466
0.00010070619314189285,0.000566
0.000336506986046002,0.000534
0.00046395327217220087,0.000484
0.0005115146691925884,0.000432
0.0005027389774811833,0.000368
0.00045297167534987155,0.000366
0.0005566126871632282,0.000434
0.0003991797403690954,0.000466
0.0004074320424343677,0.0006
0.00046438885164707257,0.000834
0.0005795952440763309,0.000866
0.0006873881464267027,0.000916
0.000800990642291135,0.001
0.0009024455516467449,0.000968
0.0009362339272495896,0.001
0.0009701470358989427,0.001016
0.0009955645696500643,0.001
0.0011398963256765856,0.000984
0.000999714763943879,0.00105
0.0010347165451477973,0.00095
0.001572561023569641,0.0009
0.0009696469991824534,0.000882
0.0009438806704922976,0.0009
0.001118372577363395,0.00105
0.00032384727215694747,0.001084
0.0009767914177527272,0.00085
0.0009685607723738982,0.000934
0.000977188890926863,0.001082
0.0009850195384905139,0.001234
0.001021367347845272,0.0013
0.0011339883500568982,0.001384
0.0012190354594869388,0.001366
0.0013195318730917394,0.0014
0.001361555469985303,0.001266
0.0013527043940702683,0.00095
0.0012410967196570936,0.000934
0.00113250993604139,0.001084
0.001055196591074993,0.00115
0.0010272496036843382,0.001266
0.0011055246790978802,0.001184
0.0011693730088539252,0.000932
0.0011299380368743294,0.000968
0.0010840010096797223,0.00105
0.0010310981033735689,0.000682
0.0009045949679143421,0.0007
0.0008459890552831432,0.001018
0.0008582351422401413,0.001066
0.0016471209318990117,0.001066
0.0009587104908712433,0.0011
0.0008149874100210734,0.001034
0.0010659188993727496,0.000784
0.0009929099095938275,0.0006
0.0008745447967451818,0.00045
0.00032064466637568757,0.000316
0.0005331802313268407,0.000284
-0.00012792156201887417,0.000266
0.00032721104076600927,8.4e-05
0.00023525751935522937,-0.000268
8.599978924859913e-05,-0.000482
-0.0001072500674332452,-0.0008
-0.00037447642833323227,-0.001068
-0.000662054620870594,-0.0013
-0.000920065045915503,-0.00135
-0.0011349048980832071,-0.001332
-0.0012653199648378583,-0.001384
-0.0013422549292280038,-0.001384
-0.0013630584447887756,-0.0014
-0.0013756385733137155,-0.0015
-0.0014182003921195368,-0.0015
-0.0014473472151656612,-0.00135
-0.001439111362714682,-0.001282
-0.0014103583836711944,-0.001418
-0.0013895043752895717,-0.001232
-0.0013222405217830928,-0.00115
-0.0012729139273037703,-0.001318
-0.0012819705247786748,-0.001382
-0.001272672508504077,-0.001468
-0.001332389263193996,-0.001582
-0.0014399542772427618,-0.001668
-0.0015276995967870228,-0.001482
-0.0015520111010764118,-0.001368
-0.001527778176239472,-0.0014
-0.0014823890750461299,-0.001482
-0.001434247957326348,-0.001484
-0.0014347601438778543,-0.001534
-0.0014761925013972667,-0.001382
-0.0014718692114019725,-0.001168
-0.001395482883068385,-0.000732
-0.0012114868860975917,-0.00065
-0.0009905140496772838,-0.000668
-0.000809758587274663,-0.00065
-0.0006758377408523069,-0.000682
-0.0006628373384888157,-0.000584
-0.0006469325732909735,-0.00055
-0.0006177948626211119,-0.00055
-0.0005928415472416883,-0.0006
-0.0005715417819259911,-0.00055
-0.0005630393431599254,-0.000534
-0.0005591179839081077,-0.000532
-0.0005546828602041318,-0.000434
-0.0005136382323223317,-0.00015
-0.00041638961162870073,0.000184
-0.00023990941187029146,0.000332
-2.4374292297040668e-05,0.00045
0.000198419180135408,0.00065
0.0003997732282516751,0.000918
0.0005819925485362931,0.001
0.0007490865470974387,0.000916
0.001023142249393214,0.000816
0.0009108822708506718,0.000868
0.0008578653612224409,0.000816
0.0008529667686495765,0.0006
0.0004331972271465512,0.000416
0.0002034531565841789,0.000184
0.0004199460174744896,0.00035
0.0007648144296322375,0.000634
0.0008829804114186526,0.0009
0.0005102188182824692,0.001066
0.0007307639647311635,0.0011
0.0009204307788537098,0.001166
0.0010555681866784427,0.001268
0.0011480892592298417,0.001032
0.0007939030281443184,0.000984
0.0011097262340579042,0.001066
0.0010848164687364645,0.001184
0.0010646686497914615,0.001334
0.0011387342807417213,0.001266
0.0012100230432302787,0.001284
0.0012656598202053788,0.001432
0.0013274005480610938,0.001468
0.0016775829351382374,0.001566
0.001434987968299112,0.001584
0.001510909762680871,0.0014
0.0015026456658082281,0.001182
0.0014289903679224145,0.001168
0.0009976755640367953,0.001066
0.001200982066971825,0.001134
0.0011363875479976425,0.001216
0.0011446450176875488,0.001034
0.0011107680429631173,0.0006
0.000990109767097514,0.0003
0.0007785839007733142,0.000282
0.0005464482456408416,0.000434
0.00040083835063901537,0.000684
0.00042101622859143123,0.000916
0.000573004747529798,0.000884
0.0007247295203742513,0.001
0.0008681238456236623,0.001082
0.0009685884645303335,0.001084
0.0010104768353380558,0.001016
0.0011398747084376587,0.00105
0.0010573099523127013,0.000934
0.0010196181660779508,0.000684
0.000917449256677496,0.000416
0.0007649514703038283,-1.6e-05
0.0004957733350547347,-0.000468
0.00014315392973060409,-0.0005
-0.00015129167105576576,-0.000666
-0.000418474491759648,-0.000866
-0.000628921547408355,-0.001118
-0.0007932195060148812,-0.001282
-0.0009888391081356199,-0.001418
-0.001176099387079392,-0.00155
-0.0013459756189644556,-0.0017
-0.0014913441346141045,-0.001766
-0.0016118474606357214,-0.0018
-0.001706378699722215,-0.001866
-0.001784486359876623,-0.001868
-0.001983652767082008,-0.0019
-0.0018134446237948825,-0.00185
-0.0018714526698691935,-0.001716
-0.0018352403232853747,-0.001666
-0.0017853643037991683,-0.001618
-0.0017146483192471383,-0.0016
-0.0016511195143730406,-0.001666
-0.0016382260147786945,-0.001716
-0.0016511195143730406,-0.0016
-0.0016467114911127559,-0.001634
-0.0016550607946205847,-0.001666
-0.0016550607946205847,-0.00165
-0.0016381079878099556,-0.0016
-0.0016381079878099556,-0.001434
-0.0015897795732828298,-0.001316
-0.001503297047630037,-0.001284
-0.001411571947062333,-0.001334
-0.0010441252755859364,-0.001232
-0.0012924619862111036,-0.001168
-0.0012560284179559318,-0.000982
-0.0011821798272402982,-0.000884
-0.0010699660022918148,-0.00085
-0.0009740660132850987,-0.000784
-0.0008767731324781906,-0.000582
-0.0007779036133402127,-0.0004
-0.0005583994079513731,-0.000234
-0.00020182011301388874,-8.4e-05
-6.678609712935144e-05,-5e-05
-1.6912779798010927e-05,-1.6e-05
-2.5468743912742358e-05,3.4e-05
7.368621745310833e-05,3.2e-05
1.231258448578145e-05,5e-05
-3.8309773379483286e-05,8.4e-05
9.582054428531105e-05,6.6e-05
5.7520235733334754e-05,6.8e-05
-4.7617533190604815e-05,6.6e-05
7.080574008987075e-05,8.4e-05
0.00010337745074060854,0.0001
0.00024854014897401574,0.000132
0.00012016999215443124,0.000168
0.0001667136333926634,0.0002
0.00023244826448265296,0.000316
0.00020228850811323954,0.000334
-1.5592106538266442e-05,0.000266
0.0002326969416253437,0.000234
0.00017882680194352307,0.000182
0.0002526336769106802,0.000168
0.00017929989600638636,0.000182
0.00015667062118729583,0.000184
0.0003593148299094573,0.00015
0.00014563695364346404,0.000134
5.7890043871202566e-05,0.0001
6.216262408430635e-05,3.2e-05
7.652527345716686e-06,3.4e-05
-7.522910821212664e-05,-3.4e-05
-2.9167037321820517e-05,-1.6e-05
-0.0001806509781483852,-5e-05
-7.97862134983495e-05,-8.4e-05
-5.031983598464055e-05,-8.2e-05
-0.00013330305136239986,-8.4e-05
3.2991159900584415e-05,0.0
5.814486989549498e-05,6.6e-05
-2.6551129519398916e-05,0.000168
0.0002417949589923525,0.000232
0.00025762927092610116,0.00035
0.00020144543579509445,0.000384
0.00039971472758501737,0.000434
0.00038731258625357694,0.0004
0.00043271364004435485,0.00045
0.00036056578954603866,0.000466
0.0004615146661626832,0.000534
0.0004613105647133999,0.000532
0.0005412822383550488,0.000534
0.0005157748826093353,0.000534
0.00039104743764837663,0.000416
0.00033625844696961825,0.00045
0.0005658548063072436,0.000516
0.0004246377867194467,0.0004
9.282380522968842e-05,0.00035
0.0002659911779153846,0.000368
0.0004448961376050938,0.0004
0.00034951133316112217,0.00035
0.00036206120544106775,0.00035
0.0005228090453715794,0.000366
0.00040828225475296123,0.0004
0.00041181501652180844,0.000434
0.0003458205446420181,0.000316
0.00023714833742978904,0.00025
0.00026202751120234604,0.00025
0.0002403682803944583,0.000284
0.00022083296303488655,0.000216
0.00020415540126916948,0.000216
0.00017029988599359954,0.000184
0.00015264497256428696,0.000184
0.0002853949772556462,0.00015
0.00013152610369641566,0.0001
7.015541326725703e-05,5e-05
0.00019630702204694636,1.6e-05
7.77411755807205e-05,-1.6e-05
-1.678609409944631e-05,-1.8e-05
-8.6303990015677e-06,-5e-05
-7.522910821212664e-05,-5e-05
-3.3912775700001556e-05,-5e-05
-8.469403825710047e-06,-0.0001
-6.303935230839038e-05,-0.000132
-8.386656596457322e-05,-0.0001
-9.62293189509983e-05,-0.000118
-0.00016268740762786328,-0.000132
-0.00012083001298230762,-0.000134
-6.268741142993207e-05,-6.6e-05
-3.4081044011675124e-05,-5e-05
-5.4546844454550586e-05,-6.8e-05
-5.1288130979382824e-06,-3.2e-05
-8.689999267742013e-06,-5e-05
-0.0001350057442317736,-3.4e-05
-4.636304793225504e-05,-1.6e-05
-9.220093858748637e-05,-6.8e-05
-4.2479765395535984e-05,-3.2e-05
-5.077080492180482e-05,0.0
-2.962697563800116e-05,3.2e-05
-1.7922236808926762e-05,3.4e-05
-6.792224476977143e-05,0.0
1.608722363169893e-05,3.4e-05
0.00014018019843885744,0.0
2.477088582851851e-05,1.6e-05
7.5380333951553795e-06,5e-05
-1.3107933716494549e-05,3.4e-05
7.083296873798976e-05,6.6e-05
8.714834806383178e-05,8.4e-05
-8.725690875179963e-07,5e-05
-3.863819367635382e-05,6.6e-05
-0.0001679194697796833,5e-05
-3.437845362980236e-05,5e-05
9.497451340344423e-05,8.4e-05
0.000219756499486613,0.0001
7.045824198793457e-05,8.2e-05
7.038991888972068e-05,0.0001
0.00034954269393657253,0.00015
7.854726585234393e-05,0.0001
6.214835147981876e-05,8.4e-05
2.83980352567384e-05,8.4e-05
5.7629283461178304e-05,5e-05
0.00011214833971690529,5e-05
-5.189309674642558e-08,0.0
-2.067379968892936e-05,-1.8e-05
2.845824179733788e-05,1.8e-05
-1.6556159457932744e-05,-1.8e-05
-1.2837373064142047e-05,1.8e-05
-2.5206531341024685e-05,-1.8e-05
-0.000138107956084076,-5e-05
-4.661459488175587e-05,-3.2e-05
-2.067379968892936e-05,-3.4e-05
-1.7263902140506223e-05,-3.4e-05
-9.358632203383947e-06,-1.6e-05
-0.00011758117471195608,-1.6e-05
8.112750323816049e-05,-3.4e-05
-0.00013462843860034097,0.0
-5.028528982224979e-05,-3.4e-05
-3.796196955929587e-05,-3.2e-05
-5.8205039463320174e-05,-1.8e-05
-1.2851648134099416e-05,-1.6e-05
-6.680279329062109e-05,-3.4e-05
-3.803014472932367e-05,-1.6e-05
-1.2687413330966464e-05,-1.6e-05
-0.00015119336784517165,-3.4e-05
-2.9194261038999995e-05,-1.6e-05
1.1774067949886457e-05,-1.8e-05
-1.3616934881060603e-05,0.0
-8.456624656100497e-05,-1.6e-05
0.000547331238845472,6.6e-05
8.731258286696473e-05,0.0001
0.00020363694256257295,0.000168
7.78565349111704e-05,0.000166
0.0001239153858979594,0.000166
6.231258628295171e-05,0.000118
0.00013244826828472177,6.6e-05
8.282237910129453e-06,5e-05
7.150279102845491e-06,0.0001
4.515541421777423e-05,0.000134
6.354697056628207e-05,0.00015
0.00018716263412453895,0.00015
0.00011194161007684918,0.000132
9.971470447464702e-05,0.000118
9.566698496627403e-05,6.6e-05
6.231258628295171e-05,8.4e-05
7.479346978784605e-05,5e-05
0.00022415645572981647,0.000216
0.00010236831424076257,0.000284
0.0003902855088712396,0.000316
0.00021395325702267519,0.00035
0.0002902729190537329,0.00035
0.0003243176048936705,0.000384
0.00034940162961832026,0.000366
0.0003621483844520682,0.000316
0.00023703802245048468,0.00025
0.0003277103082559308,0.0003
0.00032367827899716206,0.000368
0.000307454718696424,0.000382
0.0003069721375058931,0.000368
0.00035370531419801857,0.000382
0.00037481884778931164,0.000468
0.0003990148891985204,0.000466
0.000385970068931687,0.000516
0.0004568030153695161,0.0005
0.0004869698328443454,0.000518
0.0004994808493207456,0.0005
0.0005082822608127715,0.000532
0.0005121626340951642,0.000484
0.0005080474297482985,0.000684
0.0005480337596630767,0.000816
0.0006257564909535291,0.000934
0.0007253572092534542,0.000882
-0.00037994973177092237,0.000834
0.0008653623616933128,0.000966
0.0009027512698979906,0.0011
0.0007616243089898834,0.001
0.0009218862344147374,0.000918
0.000994344379076189,0.001016
0.001006897446604954,0.001
0.0009825470470645034,0.000984
0.0011603445769056515,0.000866
0.0010198135890736504,0.00095
0.0007408820159743934,0.000916
0.0009279176807604116,0.0009
0.0009072486023351554,0.001068
0.0009568689230207714,0.001116
0.0010139318854998122,0.001066
0.0010354692826536388,0.001168
0.0011034629941065112,0.001182
0.0009808369972333416,0.0011
0.0009589713967439839,0.001
0.0011107145521310282,0.000918
0.0010475246014218596,0.000766
0.00044030949599104896,0.0005
0.00012080573818883634,0.0001
-0.0001382259238815406,-0.000184
-0.00031129728624352697,-0.000316
1.724541133911094e-05,-0.000434
-0.00021343107523486327,-0.000516
-0.0003656048002622105,-0.000666
-0.0008802078277215414,-0.0008
-0.0008342762442841823,-0.00085
-0.0007112156146765319,-0.00095
-0.000819037274266279,-0.001084
-0.0009236908249277615,-0.001216
-0.001028423033936726,-0.001168
-0.0011070035120213833,-0.00095
-0.0011070034331263508,-0.000716
-0.000438124877524237,-0.0005
-0.0003668027818844147,-0.000384
-0.0004185295604923885,-0.000582
-0.0008546828389360463,-0.000934
-0.0006050899221546311,-0.001166
-0.0007740210309969078,-0.001284
-0.0018959464216838412,-0.00145
-0.00121315859294292,-0.001534
-0.0013620457481505845,-0.001432
-0.001427233557769765,-0.0015
-0.001480002026940403,-0.001518
-0.001496964774525137,-0.0016
-0.0015139846421134587,-0.00155
-0.001542942906031718,-0.00145
-0.0014056873243722895,-0.00145
-0.0011826423099212794,-0.001482
-0.0015895264780183146,-0.001534
-0.0014798530731188928,-0.001484
-0.0014882468734250965,-0.0014
-0.0014761925013972667,-0.0012
-0.0014076595423967132,-0.001282
-0.0013441966937698517,-0.001268
-0.0012865192967770815,-0.001132
-0.0012219830023369428,-0.001018
-0.0011776766565707224,-0.001016
-0.0011110635292929595,-0.00085
-0.0010064936862610439,-0.00055
-0.0008632291433402264,-0.000216
-0.000665562451809146,-0.000118
-0.000440663995805261,-0.000116
-0.000254410437200962,-0.0001
-0.00013768742583666885,-0.0001
-0.00010871777144808076,8.4e-05
-6.003992095978097e-05,0.000316
4.576058965978964e-05,0.000466
0.00018613309339689208,0.000534
0.00034571886866878123,0.000634
0.0004846318968963992,0.000516
0.000535985817580402,0.00045
0.0002075593471735724,0.00035
0.00025270815382143533,0.00025
0.00038899932260261146,0.000134
0.0001657894668429056,0.00015
0.00021884873324175266,0.000232
0.00019025352453966621,0.000418
0.00023070204127905345,0.000516
0.0003253991571715454,0.00055
0.00042593403210472875,0.000566
0.0012366856194905382,0.000534
0.000541036677566145,0.000516
0.0005410367170136613,0.0006
0.000553204066728145,0.00065
0.0005736745663563984,0.0007
0.0006148144599900384,0.000734
0.0006697412211194389,0.000784
0.0007157869262214243,0.000932
0.0007853021283775934,0.000968
0.000852070678869538,0.000916
0.0008982741345891662,0.000984
0.0009493234809998957,0.0009
0.0009411324409274214,0.000766
0.0007020976124334484,0.00065
0.0008218384179651839,0.000566
0.0007173844717361276,0.000484
0.0004286446681865807,0.000416
0.0002786446590968653,0.000334
0.0004497147306149225,0.000466
0.0004205472370702621,0.0004
0.00029971472152520706,0.0003
0.00021644383513490462,0.000218
0.0002036669818462276,0.000166
0.00018696065297925624,0.000216
0.0005005884172356136,0.000534
0.00027987652613556245,0.000684
0.00039463530759748064,0.0008
0.0003996757139914068,0.001
0.000750278414354618,0.001066
0.000883706876878645,0.00115
0.0010007955469951862,0.001234
0.0011486813664493513,0.00125
0.0008456101224416636,0.00125
0.001219969497777648,0.001266
0.0008341060432660762,0.0011
0.0012148235692776468,0.000816
0.0011035218498008155,0.000768
0.0009824210516974738,0.000932
0.0009008281245838314,0.00105
0.000888791346148267,0.001184
0.0009797043801456295,0.001166
0.0006809851439250952,0.0012
0.001148536751854633,0.001334
0.00121935419541856,0.001284
0.001244349640745381,0.001182
0.001056128262514725,0.00105
-7.821774080315172e-05,0.0007
0.0010485304341922162,0.000318
0.0008041821041490431,-0.000118
-0.0004268233613447976,-0.000566
7.175458599200734e-05,-0.000966
-0.00034492392702958365,-0.001018
-0.0010456167072818202,-0.000866
-0.0008583400181712715,-0.000716
-0.0008943547326984787,-0.000668
-0.0008204002648491233,-0.000732
-0.0007473219263365639,-0.000868
-0.0009794528083195654,-0.00095
-0.0010303543054392408,-0.001066
-0.0009070180165877574,-0.001184
-0.0010199598060018523,-0.0013
-0.0011282384256203,-0.001466
-0.001257663675296208,-0.00155
-0.001378529129517365,-0.001634
-0.001490562127051176,-0.001716
-0.0015938128451383616,-0.00175
-0.0016644207434957576,-0.001816
-0.001730626930195475,-0.00185
-0.0017843104239539706,-0.001834
-0.0018594033471234488,-0.00185
-0.0018378517488637578,-0.001584
-0.0017823039654854074,-0.001232
-0.0016312045146691797,-0.001084
-0.0014449265577760554,-0.001266
-0.0012960183375946921,-0.001468
-0.001265896450840917,-0.00165
-0.0013722686508921124,-0.00145
-0.0014618705283430354,-0.001132
-0.001429621710405948,-0.00115
-0.0011534973014609043,-0.001284
-0.0011433872975109977,-0.001266
-0.0012096770340502168,-0.001
-0.0011778115670764335,-0.0005
-0.0010203489163025346,-5e-05
-0.0007155825336248426,0.000116
0.00017463780115555826,0.0002
-6.52026541017217e-05,0.000284
0.00013443786294007104,0.0002
0.0001985262998658929,0.00015
0.0002073053840636988,0.000282
0.0003694004947418132,0.0005
0.0002796806100459093,0.00045
0.0003420583955659459,0.00035
0.00039339381536480884,0.000268
0.00038977576806574314,0.000266
0.0003316317661265393,0.000316
0.00035736959398617585,0.000318
0.0002793261938358038,0.000266
0.00029086536157713094,0.0002
0.00027904473580707623,0.00025
0.00025745471566651894,0.000184
0.0002581312800184049,0.000266
0.00016499069408555393,0.000216
0.0005531560985483366,0.00025
0.0002282137905702851,0.000268
0.0003118751284768238,0.0003
0.0002577450099388954,0.000382
0.0002987438787017994,0.000384
0.00027032620354677507,0.000284
0.00020759670397149882,0.00025
0.00032353027191604284,0.00015
-1.5163080282038376e-05,0.0003
0.00014357023909376823,0.0002
0.00022361290840285965,0.00025
0.00022361290840285965,0.00035
0.00027361289170900666,0.00035
0.0002858886431982546,0.000366
0.0004369698692619565,0.000366
0.0002791700013950544,0.0003
0.00034482680253540424,0.000418
0.0003614606564530722,0.000466
0.0004198515012254593,0.000516
0.0004230142847390247,0.000534
0.0004823759328873032,0.00055
0.000612312580164392,0.000566
-5.9421729070124814e-05,0.000734
0.0005940039227713671,0.00075
0.0006477095860340175,0.000734
0.0006941311865187282,0.000816
0.0009078213013766504,0.00095
0.0014143360889909582,0.001066
0.0008883538731926133,0.00095
0.0009433048945445319,0.0008
0.0007373125680153967,0.000734
0.0008842908579097989,0.000784
0.000815001926707068,0.0007
0.0004922475554962709,0.000682
0.001070071223832444,0.00075
0.0007279979048889244,0.000718
0.0007118750738210323,0.00085
0.0007484482862838702,0.00105
0.0007564663095498975,0.001032
0.0009091060280871757,0.000768
0.000922030612324358,0.000516
0.000836079918086184,0.000616
0.0005127396329159347,0.0009
0.0006963736989247693,0.0009
0.0007287670525615425,0.000968
0.0008426357797134145,0.000932
0.0009243024736825188,0.0008
0.0008984482559260692,0.000884
0.0008944388103703764,0.000934
0.0008239522525730879,0.000916
0.0008822238080562147,0.000984
0.000928600832847518,0.00105
0.0007397796156841592,0.00105
0.0009986233300631735,0.000866
0.0009856360242750904,0.0006
0.0008869298178545524,0.000366
0.0005373357510353545,0.000184
-4.435429311294275e-06,-3.4e-05
0.0002732164441702944,-0.00025
0.0001262799982287965,-0.000416
-0.00013459990818418438,-0.000616
-0.0003343067858102556,-0.000568
0.0005142250685893426,-0.00045
-0.0005145382668539992,-0.000616
-0.0006522582246751911,-0.000916
-0.0006417592682146672,-0.000868
-0.0007172017752735054,-0.00085
-0.0008153764658595552,-0.001082
-0.0012381248471076865,-0.00115
-0.00099074576438797,-0.001084
-0.0010443245644382324,-0.001084
-0.0011007179447757704,-0.001166
0.00010633964363384041,-0.00125
-0.0011837640394944955,-0.001134
-0.0011599978576702964,-0.0012
-0.0011885668534978083,-0.001182
-0.0008159632082168493,-0.0009
-0.00016311257295843447,-0.000584
-0.0009727200640292917,-0.000484
-0.0007943111765806844,-0.000682
-0.0007188910757110988,-0.00095
-0.0006793028895782335,-0.001084
-0.0016052917567985561,-0.001184
-0.0009796726887753647,-0.0014
-0.0011585734078570727,-0.001532
-0.0013043649586714132,-0.001718
-0.0014633261416941283,-0.001832
-0.0016246249845321753,-0.001884
-0.001744848548768265,-0.001934
-0.0018439882044977954,-0.001732
-0.0018473554444882908,-0.001768
-0.001831544406589153,-0.00155
-0.0017493829618707422,-0.00155
-0.0016525000196531176,-0.001482
-0.001590174521815923,-0.0013
-0.0014730367000940848,-0.00105
-0.0006293553517449937,-0.000684
-0.001136419367128604,-0.000416
-0.0001545468406524818,-0.0001
-0.0005711589437803989,5e-05
-0.000294543906351501,0.000232
-6.439001554239417e-05,0.000334
0.0001248632801287655,0.000334
0.00023462359776845265,0.00025
0.0002863350904638642,0.000282
0.0002991099911004848,0.000368
0.0003073682891882331,0.000366
0.00031521560332751646,0.000266
0.0003193371981720211,0.00025
0.00125018976663705,0.000184
0.000129169992305339,0.000166
0.0002154482784425414,0.00015
0.00018655544809192764,0.0001
0.0001492228314929954,0.000134
0.00013269693556553343,0.000134
0.0010715041943091864,0.000166
0.00013291895604909137,0.000216
1.9346240593988092e-05,0.0002
0.00017821378754037995,0.000268
0.00021158654411159564,0.000482
0.0002887020597837996,0.0008
0.000431704256997532,0.001018
0.0012676526298333057,0.00105
0.0008318793098665509,0.001032
0.001364244054905549,0.001234
0.0010813266258653405,0.00125
0.0011389986579958954,0.001134
0.0011603302969047547,0.00105
0.0011649942556507275,0.000982
0.001101519414978914,0.0011
0.0010650805607565592,0.001184
0.0010771723290298317,0.001116
0.0010936960257582604,0.001118
0.0010194354451824965,0.00115
0.0011413100457653784,0.0012
0.0015394513030370454,0.0012
0.0013252349583118175,0.001116
0.00028625345382890245,0.00085
0.0005482236205589793,0.000684
0.000957385212113972,0.000882
0.0008791787753787743,0.000934
0.0008351795679743862,0.000916
0.0008515222006030449,0.000934
0.0009159710004520529,0.00085
0.0009076414207023689,0.000666
0.000838870198703425,0.000484
0.0006371626613936852,0.0006
0.0006467121950321468,0.000934
0.0006669027356372918,0.000916
0.0010920360742727867,0.0009
0.0008340865561930291,0.00095
0.000924531348172032,0.001084
0.0009607031427091051,0.000982
0.0009773305075103434,0.000734
0.0009343385529868984,0.000516
0.0008235190399491936,0.000318
-0.00012012719630833081,0.000216
0.00020109920494461908,0.00015
0.00029656974856524657,0.000316
0.0002482399730988087,0.000634
0.0003243940739039982,0.000884
0.0004889678889919389,0.000816
0.0011951151956641117,0.0007
0.00022997737068105212,0.000466
1.608722363169893e-05,1.8e-05
0.0004924246353968956,-0.000468
0.0001679225025293636,-0.000882
-0.00022906375118909676,-0.001134
-0.0006273291300707693,-0.00125
-0.0009409358589390652,-0.001384
-0.001167075925518171,-0.0014
-0.0012946840648037068,-0.001382
-0.0014505191110554896,-0.0015
-0.0014177090338566313,-0.001534
-0.0014555990044132219,-0.00155
-0.0014931311071020314,-0.001484
-0.0015176529455482775,-0.00135
-0.0014814505397385636,-0.001416
-0.0014518525948961493,-0.001534
-0.0014477233866810005,-0.0016
-0.0014774242106458987,-0.001466
-0.0014037389326477048,-0.00135
-0.0014897929004835254,-0.001184
-0.001403791634529468,-0.001182
-0.0012984696062569388,-0.001168
-0.0012228538457065559,-0.001066
-0.0011512133691627588,-0.000884
-0.0009938419999415543,-0.00065
-0.0006890487140577529,-0.0005
-0.0007803730278599527,-0.00035
-0.0002587177706759171,-0.000266
-0.00023215921751611364,-0.0004
-0.00019812062631744282,-0.000466
-0.0005182130396814895,-0.0006
-0.0004359851258981307,-0.000568
-0.0005104801430632047,-0.000566
-0.0008626874500465352,-0.000866
-0.0008975047746642824,-0.00115
-0.0007935078673589594,-0.001334
-0.0009862144281917633,-0.001216
-0.0011457696119147698,-0.00105
-0.0011900589952489854,-0.000818
-0.0011093044067515333,-0.0008
-0.0009752755530295757,-0.0006
-0.0008209533979225386,-0.00045
-0.00026367644181609083,-0.000216
-0.0005217902982487116,-6.6e-05
-0.00033811130151882303,0.000166
-0.00014705824250257958,0.000334
4.926555202426649e-05,0.000432
0.00021181796296590962,0.000318
0.00031013945748383176,0.000232
0.00032723873292244467,0.000284
0.00020195399317510224,0.0004
0.00030698501711996166,0.000566
0.0003673204666553696,0.000784
0.0005038381036275653,0.00085
0.0006455725957340515,0.000834
0.0007556783848595254,0.00085
0.0008288267821610155,0.001
0.0008818235735559386,0.001082
0.0009389259046562365,0.001218
0.0010341932343966972,0.0011
0.0012521935426745053,0.0011
0.0011236553098498893,0.001282
0.0011730567757151295,0.0014
0.0012173377172808593,0.00135
0.0012801813976920362,0.001184
-8.97092953923171e-05,0.001016
0.0012337600338924234,0.0012
0.0011845659830678347,0.001
0.0007359600704718854,0.00085
0.0010134208823737944,0.001018
0.0015327832526734868,0.0011
0.0005832789714900191,0.001166
0.0010305685599148948,0.001034
0.001078044986985194,0.000932
-0.0005340266022216698,0.000834
0.000988447606551128,0.000984
0.0009441634302890627,0.000982
0.0009314906001008417,0.0009
0.0008285472570605861,0.0008
0.0009146318361690476,0.0008
0.0005894415413798405,0.0008
0.0008239250337868479,0.000868
0.0008162681130849372,0.001032
0.0008726488702172625,0.001
0.0009226488337996514,0.000984
0.000969463568231706,0.000984
2.461505242180412e-05,0.001016
0.0009956669754023525,0.000866
0.0009610801031747702,0.000868
0.0009318265351495655,0.000716
0.0008638693520967774,0.000334
-0.0006881502574267369,-0.000134
0.0004363971702204615,-0.000616
6.260756001694804e-05,-0.000918
-0.0004847185480750037,-0.000866
-0.0006411908295049315,-0.001016
-0.0008576598640954032,-0.001168
-0.0009948520930436705,-0.001066
-0.0010317004913801458,-0.001084
-0.0010848593331719873,-0.001016
-0.0010848592542769546,-0.000984
-0.001038485306391922,-0.0011
-0.0010471840359990456,-0.001216
-0.0010812255068664057,-0.001184
-0.001123225514145228,-0.00115
-0.0011635668322590976,-0.001066
-0.00115538731086138,-0.00095
-0.0006398812508591435,-0.000834
-0.0010029580053759913,-0.0008
-0.0009150947377580239,-0.00085
-0.0008598852562793746,-0.000882
-0.0011943385773962307,-0.001034
-0.0008936655056938637,-0.001084
-0.0009649492977953685,-0.001016
-0.001005853216386563,-0.000984
-0.0010303991967127786,-0.001016
-0.001025906124607373,-0.000934
-0.0009883332331867198,-0.000916
-0.0009634853215708225,-0.00095
-0.0007762124983168701,-0.000834
-0.0009096086138775395,-0.0008
-0.0008764996034002373,-0.000766
-3.923347148998515e-05,-0.00075
-0.0009620284458992084,-0.0007
-0.0007548948238287773,-0.0007
-0.0004223303681344247,-0.000634
-0.00019798153437500506,-0.000432
-0.00029595523986555844,-0.000284
-0.00022520653359876618,-0.000216
-0.00013365291138437387,-0.00015
-0.00020051915365041007,-0.00015
-0.0002013766045882428,-0.000118
-0.00011268742432171627,-8.2e-05
1.1875109064658066e-05,-1.8e-05
-5.8868714339258446e-05,-6.6e-05
-9.617944742852895e-05,-0.0001
4.8953174539177054e-05,-3.4e-05
-5.417945987346483e-05,-5e-05
-2.179939018780229e-05,-6.6e-05
-2.5362201102183214e-05,-5e-05
-5.028528982224979e-05,-8.4e-05
-5.983507986956723e-05,-5e-05
-9.254993716211632e-06,-1.6e-05
-4.33301862806648e-06,-3.4e-05
-0.00012970010260019408,-0.000116
-5.493777920286134e-05,-0.000184
-0.00035375717266725545,-0.0002
-0.0002252291173018421,-0.0002
-0.0001758615763006109,-0.000216
-0.00020028528905008614,-0.000184
-0.000200285269326328,-3.2e-05
5.396523789264898e-05,3.2e-05
0.00037274599915083277,0.000168
0.00024092023004238484,0.000182
0.00013299115486578074,0.00015
0.00013249099980674266,0.0001
1.5831380601127164e-05,5e-05
3.705016078224884e-05,5e-05
0.00018651966919465282,0.0001
0.00038652671283405203,5e-05
6.196065773184224e-05,0.0001
0.00044108531029392,0.00015
-1.8636897599669558e-05,0.00015
0.00012430246465155282,0.000168
0.00014136960022626864,0.000182
0.0001621626326095864,0.000268
0.0002831972180568358,0.000282
0.0002777102855022675,0.0003
0.00030325515583597265,0.000318
0.0002915306044918417,0.00025
0.00019111657702481206,0.0002
0.00024556458337276165,0.000266
0.00024055415709121574,0.000284
0.00028344384392867947,0.000282
0.00022479347394662193,0.00025
0.0002538205343332907,0.000268
0.0003492292045246177,0.000366
0.000470213553559872,0.000266
0.0003288329648457797,0.000318
0.000511647488979936,0.000366
0.0003082822289693928,0.000316
0.000353820540393101,0.0004
0.0003450447303391471,0.000334
0.000382486340425588,0.000316
0.00029439469141206087,0.000318
0.00030782134391282124,0.0003
0.0005727679440895105,0.00035
0.00041434683701231884,0.0003
0.0003789652551215626,0.00035
0.00031214834197464673,0.00035
0.000295666992154955,0.00035
0.000180529790669269,0.0004
0.00016504423422703822,0.00045
0.00040828225475296123,0.0004
0.0002708329660647917,0.000282
0.00027080572755479364,0.0003
0.0003562738603261947,0.000318
0.00031657530004275056,0.000282
0.0002456369301176371,0.000234
0.0003828313484030584,0.0004
0.0003270704892654688,0.000434
0.00032858925809014144,0.000382
0.0002577656409899149,0.000284
0.0003269881425752139,0.000234
0.000331546776452693,0.00025
0.00030389611880440707,0.00035
0.0003412822459591864,0.00035
0.00030338539181100333,0.000316
0.00039104739820086036,0.000384
0.00034940162961832026,0.000382
0.0003158547911577178,0.000334
0.0002582822259394877,0.000266
0.0002695745311238734,0.000218
0.00021231257564890895,0.000232
0.00033291895830683284,0.0003
0.00040695729157582024,0.000418
0.00026605600990840686,0.000416
0.00033953454347372604,0.000416
0.0003862461226506828,0.000368
0.0003417949453284046,0.000332
0.0002911448866775603,0.000318
0.00034153058779798866,0.000332
0.00027021379784910736,0.000284
0.0002995745842235877,0.0003
0.0002660872326175502,0.0003
0.0003458205446420181,0.000316
0.00029971472152520706,0.000318
0.0003279742515874257,0.000316
0.0007178995774038395,0.00035
-0.00012047712536345833,0.000316
0.00032463778065963645,0.000268
0.00032293181364641065,0.000282
0.00025337745983032393,0.0003
0.0002953854157836786,0.000334
0.000342271727734041,0.000334
0.0003119416172655302,0.000332
0.00032463778065963645,0.000334
0.00037880572936568673,0.00035
0.0003577949565543285,0.00035
0.0003284582528885431,0.000316
0.00033714834348959934,0.000284
0.0002330872156277566,0.000234
0.0001997147154653968,0.000166
0.00024859507964044924,3.4e-05
0.0001771719687732879,-8.4e-05
-0.000364218101722076,-8.4e-05
-0.00011700885042186588,-0.00015
-0.00024674485776922573,-0.000166
-0.00021285167011559904,-0.000166
-0.00015896330568125253,-0.000184
-0.00016680280921231046,-0.000216
-3.0523943125277154e-05,-0.000134
0.00010675903976515424,-0.00015
-7.522910821212664e-05,-0.000134
-0.00019245103203869475,-0.00015
-0.00018416861179473525,-0.000166
-0.00030997133687847876,-0.000184
-0.00027919424660288847,-0.000216
0.0008373410551819682,-0.000166
-0.00032225880428006477,-0.0002
-0.00025028527235623315,-0.000234
-0.000204622543466147,-0.00025
-0.00021330389644234502,-0.00025
-0.00025474483379655047,-0.000234
-0.00024220504035701688,-0.000216
-0.0005929215073572077,-0.00025
-0.00035993023559640995,-0.0003
-0.00025077714343685033,-0.00025
-0.00023400883265990865,-0.000234
-0.0002591179657286769,-0.000332
-0.00027997096819863416,-0.000334
-8.199435725582323e-05,-0.000234
-7.178294360341459e-05,-0.0002
-0.0003177838780321526,-0.00025
-0.00015479593199409358,-0.0002
-0.0002041794492394221,-0.000216
-0.00017520653056886102,-0.0002
-0.00018350899015109575,-0.0002
0.00014694980643310406,-0.000216
-0.0002082050485530356,-0.000218
0.0002666621604437155,-0.0003
-0.00025417945226932723,-0.0003
-0.0002595304486827609,-0.000332
-0.00014747328954522248,-0.0003
-0.00020871776764601197,-0.0003
-0.00035113312388365957,-0.000284
-0.00030443543023243673,-0.000266
-0.00028785163521294045,-0.000284
-0.00034398290652849105,-0.0003
-0.00028380280131223227,-0.000266
-0.0002793553305356578,-0.000268
-0.00027984457835644174,-0.000266
-2.6439290879777864e-05,-0.000284
-0.00024220504035701688,-0.00025
-0.00013819211736008024,-0.000216
-0.00025462254649605216,-0.0002
-0.00023830391768105575,-0.0002
-0.0002170088466197971,-0.000216
-0.0002082050485530356,-0.00025
-0.00026268741368767353,-0.00025
-0.0002295417564677381,-0.000268
-0.0002089655177720699,-0.000232
-0.0002503198481042611,-0.000268
-0.00013792008728774597,-0.000282
-0.0002629619684010504,-0.000318
-0.0003960956790833603,-0.00035
-0.00010188745372626417,-0.000282
-0.00030870499271054433,-0.000134
-0.000273050591797128,-0.000116
-0.00018803935988315323,-0.000134
-0.00016816430078953577,-0.000166
-0.00019662254771506414,-0.00025
-0.000258883430520576,-0.0003
-0.00021413558815204053,-0.00025
-0.00022934122501867902,-0.000234
-0.00023793877174651943,-0.000284
-0.0003213412156036483,-0.000366
-0.0005383792017215674,-0.00045
-0.00033553699605326856,-0.000434
-0.0003851257981733691,-0.0004
-0.0004507771555564709,-0.000366
-0.0002964693790691212,-0.000334
-0.0001461794504584341,-0.00015
-7.983475366714408e-05,-0.00015
-0.00011730304999835502,-0.00015
0.00012228332380650247,-0.000182
-0.0004933360552460867,-0.000168
-0.00016283736736103887,-0.0002
-0.00017545814655151536,-0.000166
-0.0001793412219887739,-0.00015
-0.0001756823859578646,-0.000184
-0.00017546875793339733,-0.000182
-0.00017084458200760275,-0.000184
-0.0003067278042990682,-0.0002
-0.00018768740914281584,-0.000216
-0.00032182073961166684,-0.000218
-0.00020484459353534216,-0.00025
-0.00020529466997245036,-0.000182
-0.00021709878695693775,-0.000168
-0.00022145274739614738,-0.000182
-0.00019629467968342167,-0.000284
-0.00020515516383109157,-0.000266
-0.0003002852753861383,-0.00025
-0.00023350899318100088,-0.00025
-0.00032252393103704836,-0.0002
-0.00024211797968856533,-0.000184
-0.00022173444210997267,-0.000166
-8.416861559680403e-05,-0.0002
-0.00013839647521821942,-0.000184
-0.00018380279525242202,-0.000216
-0.000191963302947288,-0.000218
-0.00020484459353534216,-0.000116
-0.00018452387612644098,-6.6e-05
-0.00015562338309578792,-1.8e-05
-0.00010633874105003972,-3.2e-05
6.606367033070465e-05,-5e-05
-4.1952564133141725e-05,-8.4e-05
-6.310793181546015e-05,-6.6e-05
-3.38028009555252e-05,-5e-05
-0.00010028528299027585,-6.8e-05
-3.888080083247548e-05,-0.0001
-7.145272844455288e-05,-8.2e-05
-1.7822386750393077e-06,-0.0001
-8.78373825399393e-05,-6.8e-05
1.972644661626301e-06,-6.6e-05
-5.1928610715742695e-06,-6.6e-05
-7.536219427020927e-05,-6.8e-05
-6.705751576518325e-05,-1.6e-05
-5.4546834592671505e-05,1.6e-05
-3.437845362980236e-05,6.8e-05
0.0003769247139989251,0.000182
6.063404515542637e-05,0.000268
0.0001310656032531279,0.000482
-6.869634310568385e-05,0.00055
-6.137173814287731e-05,0.00055
0.0009380331284675662,0.000518
0.00040382054342300613,0.0004
0.000502968443683441,0.000532
0.0007159911854607727,0.000734
0.0005430230572489167,0.000734
0.000853256392314176,0.00075
0.0006989386553289632,0.0008
0.000753826797339916,0.000716
0.0009135783507990128,0.00085
0.0010138642724568914,0.00085
0.0007497147093468371,0.0008
0.0004994270429085263,0.000884
0.0009077449309851134,0.000966
0.0008735004631989262,0.000984
0.0009066864752280261,0.000782
0.0009020184139403591,0.000734
0.0008637718378365091,0.000734
0.0006538205191250156,0.00065
0.0007238203340188046,0.000616
0.000682211803891642,0.000766
0.0006899918797394094,0.000684
0.0006776182589622465,0.000716
0.000694149805746417,0.000668
0.000707570560843492,0.000732
0.0006993706056323362,0.000768
0.0007201075337856109,0.000682
0.0007115090797648958,0.000568
0.0006856284716200484,0.000532
0.00040382054342300613,0.000484
0.00046621389098821907,0.000466
0.0005115040972582227,0.000368
0.00011231257945097776,0.00015
-2.5697534576283527e-05,0.0
0.00024147805737023857,-0.000168
8.261048330367926e-05,-0.000232
-6.619738239624283e-05,-0.00035
-0.00019063494728374606,-0.000384
-0.0002856663414292776,-0.0004
-0.00034313107686172965,-0.0005
-0.00040988522901022845,-0.000416
-0.000426110899753088,-0.000484
-0.000588278258557287,-0.000516
-0.0004799459508691689,-0.00035
-0.000443087532863556,-0.0003
-0.000414731711414074,-0.000318
-0.00037312337852449294,-0.000366
-0.001468030652486847,-0.0004
-0.0003469788270481507,-0.000384
-0.00017496769558148458,-0.000466
-0.00040493776096468104,-0.000416
-0.000417263886932231,-0.000334
-0.0004011917853702876,-0.000334
-0.00038889804581361147,-0.000282
0.00011292617570498616,-0.000268
-0.0003052435126036328,-0.000182
-0.00026785563003437857,-0.00015
-0.00035506083418559997,-0.000268
-0.00027919424660288847,-0.000266
-0.00021778440451381226,-0.000266
-0.00023875385605185692,-0.000318
-0.0005096816464384671,-0.000416
-0.00031801941915191885,-0.000466
-0.0005636894382283809,-0.000334
-0.0003849990927510463,-0.0003
-0.00020895255926296871,-0.00025
-0.00018878868517883566,-0.0002
-0.0003089632950472098,-0.0002
-0.00011416574958031285,-0.000334
-0.0002918687138630354,-0.000266
-0.00025137660761814795,-0.000316
-0.00028028968440649743,-0.000318
-0.0003965378068459361,-0.00035
-0.000313246821946084,-0.000432
-0.0004213412216634586,-0.000434
-0.0003847602380399117,-0.000334
-0.0003886382050238107,-0.000232
-0.0003600642388092463,-0.00025
-0.00031448476390228975,-0.000318
-0.0002845760120790282,-0.00035
-0.0002886981986362772,-0.000432
-0.00035113312388365957,-0.00055
-0.0004147226384853274,-0.000484
-0.00026356679744456336,-0.000234
-0.00042792477544712447,3.4e-05
-0.0003142083551556473,-3.4e-05
-0.00018449709126288022,-0.000182
-0.0001066862144972782,-0.000268
-0.0002966225143273581,-0.000332
-0.00020676894199874815,-0.000268
-0.0003048445798713943,-0.0003
-0.00029265993242101753,-0.000332
-0.0002834246968685948,-0.000334
-0.0003091713806956384,-0.00035
-0.00044633299837126475,-0.000416
-0.0003588497286777167,-0.000318
-0.00035542548702618265,-0.000282
-0.0003427230712007445,-0.0003
-0.0007409896532316639,-0.000318
-0.000480120900603914,-0.000316
-0.000304363044040045,-0.0004
-0.00033030081163599626,-0.000316
-0.0003383964676140818,-0.00025
-0.00019584460324631347,-0.000218
-0.000297728287380235,-0.000282
-0.0002674053366359308,-0.00025
-0.0002505634365173505,-0.000218
-0.00032217016571096165,-0.0002
-0.00012608460952780816,-0.00015
-0.0001429784225778258,-0.00015
-7.546874201170795e-05,-3.2e-05
-0.0001345327882352173,6.6e-05
-6.874220084337072e-05,0.0001
0.00021196985562738337,0.0002
8.144374411437656e-05,0.000384
0.00018443283641164922,0.000532
0.00029760106443112644,0.000668
0.0004416864115471436,0.000732
0.000575682997200776,0.000868
0.0006970009933288094,0.000966
0.0004955479319466549,0.001
0.0008889192349960783,0.000884
0.0009281321963539954,0.000732
0.0008929359388947685,0.0007
0.0008260056535860359,0.000668
0.0007455645939480549,0.0007
0.0006994365618795727,0.000716
0.0006955646303656661,0.00085
0.0007706446147498013,0.0008
0.0007649774267695469,0.000766
0.0007817869602010114,0.000734
0.0006241383932828388,0.000666
0.0008016525716144775,0.00065
0.0005964813056893976,0.00075
0.0006852674085034481,0.0008
0.0015826089371289073,0.00085
0.0007606655765539766,0.0009
0.0008236129250379632,0.000918
0.0008658579802879776,0.000782
0.0008059405166351762,0.00065
0.0007321214326617273,0.000684
-0.00021858280251975913,0.00075
0.00016812589392335367,0.000684
0.0008037054203621975,0.00065
0.00030604046606616113,0.0005
0.0004772991558833579,0.000316
0.000533893876344039,0.000116
0.00039053860413575483,-3.2e-05
0.00022001225745847778,-0.000168
5.3545047880069826e-05,-0.0003
-9.983846097326157e-05,-0.000366
-0.00037576561261309845,-0.000434
-0.00034334807764883966,-0.00045
-0.0007026168450756865,-0.000416
-0.0008901417379587306,-0.000484
-0.000446622582588348,-0.000482
-0.00045869005119158595,-0.000484
-0.0004753622283713295,-0.00045
-0.0004672251130536233,-0.00045
-0.0004669128070671572,-0.000434
-0.00020197407666996774,-0.000366
-0.0004258615520026203,-0.00035
-0.0004010614113289499,-0.000316
-0.00033533135615084993,-0.0003
-0.0003336529037802363,-0.000368
-0.0003545468330483442,-0.0004
-0.00034699444826460143,-0.000316
-0.00030124925434171155,-0.00025
-0.0006998980433579626,-0.0003
-0.0003178401301903818,-0.000266
-0.0005563951190962059,-0.000334
-0.00028830390098720277,-0.000366
-0.00031742746972247447,-0.000368
-0.00033452390493991454,-0.0004
-0.0002207894965810092,-0.000366
-0.0003753622223115192,-0.000334
-0.0003675811602758446,-0.00035
-0.0003631078908236166,-0.000332
-0.0007567907503566966,-0.0002
-0.00030549976366945117,-0.000184
-0.00026836002570141776,-0.000134
0.0003601965016222919,-0.000166
-0.00021337565147447614,-0.00015
-0.0001463330196393502,-0.000184
-0.0001589633254050107,-0.0002
-0.00017546875793339733,-0.000232
-0.0001142062424557843,-0.000218
-0.0003806269667305853,-0.00025
-0.0002254581495814205,-0.000316
-0.000338030157977815,-0.000366
-0.00032084457137356004,-0.000318
-0.0003135244930132477,-0.0003
-0.00032561405222560796,-0.000216
-0.0003013441058946303,-0.000266
-0.00027596459954921194,-0.00035
-0.0002842130357578878,-0.000334
-0.00029283507939334414,-0.000334
-0.00032180551287037896,-0.000316
-0.0003338028043421374,-0.0003
0.00044537207188912993,-0.000234
-0.00020886873329085295,-0.000182
-0.00025932934524471567,-0.000218
-0.00023456163042943543,-0.000266
-0.0002257518363401979,-0.000334
-0.0002514123470679065,-0.000232
-0.00027546874426944947,-0.000184
-0.00025535502770227886,-0.000166
-0.00023061863421493272,-0.0002
-0.00019610389177088618,-0.00025
-0.00020077716013070337,-0.000284
-0.00022612469426416885,-0.000266
-0.00025077714343685033,-0.00025
-0.00026285165342174605,-0.000234
-0.0002507179327148994,-0.000284
-0.00035040011013596296,-0.000216
-0.00024662253102121116,-0.0002
-0.00023428376212469024,-0.000234
-0.00023428376212469024,-0.000216
-0.00021680279251845742,-0.000266
-0.00022961007956595202,-0.000284
-0.000564135550190102,-0.0003
0.00016239687196131506,-0.000216
-0.00013867645396508613,-0.000218
0.0002369560307878764,-0.0002
-0.00023446896821367074,-0.000216
-0.00021268743038152656,-0.00025
-0.00022145274739614738,-0.000266
-0.00023365291744418415,-0.000184
-0.00022978619300242773,-0.000134
-3.7851649649051975e-05,-5e-05
0.00010353059586072452,8.4e-05
6.671363719473222e-05,0.000166
-7.797232940950874e-06,0.00025
0.00010975551748098144,0.000434
0.0006665752818045703,0.00065
0.0008118920423128472,0.0008
0.0011074546882798738,0.000966
0.0007076441699088887,0.001118
0.0008791465073104492,0.001066
0.0009844930719381105,0.0009
0.0005703702451543853,0.00085
0.00047625683416043315,0.000934
0.0009355161402431808,0.00095
0.0009075488768291531,0.000966
0.0009238890637118019,0.000934
0.0009456670118199637,0.0009
0.00040475951265325164,0.000866
0.0009155725016424936,0.000934
0.000907799052977463,0.000832
0.0008820559983219179,0.000784
0.0007740677913183955,0.00075
0.0008232796724203472,0.000734
0.0008118920423128472,0.00075
0.0006173789035765205,0.000816
0.0003332612838531955,0.000716
0.00075306230447422,0.000534
0.0007014076753735402,0.000566
0.000865786422493428,0.000634
0.0006107680126640658,0.000566
0.0003995113361910273,0.00055
0.000713729817141945,0.0005
0.0005613105707732102,0.000468
0.00016555031627539884,0.000416
0.0004822910812797639,0.000216
-4.886510661672901e-07,-5e-05
-0.00019617945348833924,-0.00015
0.00010248231263190048,-0.00025
-6.280337726594494e-05,-0.000232
-0.0001724626402307768,-0.000218
-0.00021343933948952598,-0.000182
-0.0002211209346128759,-0.000268
-0.00022576562324714118,-0.000382
-0.00026437154650063295,-0.000434
-0.00030862254740149874,-0.00035
-0.0003177370538303166,-0.0003
-0.0002452179233086811,-0.000316
-0.00031708108108193395,-0.000368
-0.0003555645395211041,-0.000316
-0.00036268741974748383,-0.00035
-0.0003380583629519622,-0.000284
-0.0003301209309617149,-0.000316
-0.00031708108108193395,-0.000316
-0.0007540503314000458,-0.000368
-0.00032174855065685655,-0.00035
-0.0003380583629519622,-0.000316
-0.00022746878948671037,-0.000316
-0.00033805840239947845,-0.000334
-0.0003293553730130792,-0.000316
-0.00042121857933531367,-0.0003
-0.00031680277885450957,-0.000334
-0.00034679594836263127,-0.000366
-0.00024210995211900035,-0.000384
-0.00032135533781448006,-0.000366
-0.0009500223576313174,-0.00035
-0.000366802821331931,-0.000368
-0.00036730305528600166,-0.000316
-0.0003505191627401255,-0.0004
-0.00035925501246007784,-0.00045
-0.0003847089168212187,-0.00045
-0.00040535866596349293,-0.000434
-0.0004340088447795292,-0.000466
-0.00045028528447585366,-0.000466
-0.0004543329941223476,-0.000484
-0.0006628516184897127,-0.0006
-0.0005053873109201295,-0.000684
-0.0005607037346154404,-0.000632
-0.000601820156976888,-0.000418
-0.000540631576006681,-0.000366
-0.0005283605976669041,-0.000334
-0.00032522908391413607,-0.000366
-0.0003717485536867617,-0.000334
-0.00025896333146482094,-0.000216
-5.436304861427745e-05,-0.0001
0.00029638511446525225,-8.4e-05
-0.00015114658309085198,-0.00015
-0.00013877669010397845,-0.000166
-0.00019584458352255534,-0.0002
-9.636304603122065e-05,-0.000116
-4.171776265430591e-05,-6.8e-05
-0.0001387415620907224,-0.000116
-0.0001261796484564293,-0.000166
-0.00011736078143844511,-0.000218
-8.830389872946125e-05,-0.000266
-0.00019752897274437063,-0.000266
-0.0002300257380450974,-0.000334
-0.0002720257453239197,-0.000334
-0.0002927144883360463,-0.000416
-0.00033881883217099645,-0.0005
-0.0003681163052818317,-0.000484
-0.0004351258012032742,-0.000466
-0.00046728373206283,-0.000434
-0.0004716100989643948,-0.0004
-0.0004467959544224415,-0.000332
-0.00040923339825105616,-0.000334
-0.00037608462467733384,-0.000316
-0.0003670810446643228,-0.0003
-0.00032084457137356004,-0.000318
-0.0003173030128085802,-0.000316
-0.0003126874167175787,-0.000216
-0.0002885393829356946,-0.0001
-0.00023971878174782114,3.2e-05
-0.00015322231139801998,0.000318
0.000349339105305001,0.0004
0.00035305095879780373,0.000266
8.271623716391261e-05,0.000166
0.00014113127805660396,0.00015
0.00011231257945097776,8.4e-05
0.0001648836926976179,5e-05
0.0002737708395642309,0.000234
4.948084300809236e-05,6.6e-05
-5.495403157957273e-05,6.6e-05
-2.970010640226287e-05,-3.2e-05
-5.0051893661181784e-05,-3.4e-05
-0.00014211797362875505,-6.6e-05
-4.978836106474321e-06,-6.8e-05
-0.00010216621946200495,-1.6e-05
-0.00010896330265134739,-8.4e-05
5.77949605641256e-05,6.8e-05
5.3453159821812324e-05,0.0001
0.00017022007380626623,0.0001
2.477088582851851e-05,1.6e-05
7.463780002668753e-05,5e-05
0.00016621390239442545,8.4e-05
-5.9948363274472396e-05,6.6e-05
5.3377450176173175e-05,0.000134
0.00024079904727234265,0.000166
5.761388167153692e-05,0.000166
0.00024582053858220786,0.000234
0.00023194179782100852,0.000234
0.0001991553496844078,0.000232
0.00027673648411513814,0.000234
0.0002334438408987743,0.000284
0.00024500559234317735,0.0002
0.00023675319165911436,0.000232
0.00023675319165911436,0.000218
9.515608538998653e-05,0.000182
0.00017015540946518822,0.000184
0.00021181504384970416,0.000184
0.00020828222290958254,0.000182
0.0001664438321049995,0.000168
-4.4091950869722365e-05,0.000182
0.00026537155605326293,0.000218
0.0001701554193270673,0.0002
0.00037750538143871057,0.000216
0.00024566696940129173,0.000216
0.00021644383513490462,0.000218
0.00021231257564890895,0.000232
0.00018731258399583547,0.0002
0.00022029986929974653,0.000218
0.00022064464059211916,0.000216
0.00011214833971690529,0.000216
8.616308224228066e-05,0.00025
0.00024529989053845725,0.000234
0.00022479345422286376,0.000234
0.0002240514464414531,0.000232
0.00022880572027597133,0.00025
0.00020676659016245492,0.000318
0.00034957456752973464,0.00035
0.00018996761880347697,0.00035
0.00031598628945326976,0.000382
0.00044075817204132885,0.00045
0.00041214834803445703,0.000434
-1.5214529705159317e-05,0.0004
0.00041214834803445703,0.0004
0.00042045824347351237,0.000416
0.0004411313060979138,0.000434
0.000394705326938895,0.0005
0.00029525516008488975,0.0005
0.0004615554548945268,0.000516
0.0004867154752593089,0.00055
0.0005159911733411521,0.000584
0.0006826970083420062,0.0007
0.000682621545243344,0.00075
0.0006439700403847793,0.0008
0.0007076293376427638,0.00075
0.0007491218131770018,0.00065
0.0006406470999550775,0.000616
0.0007021607284595121,0.000584
0.001196842996877604,0.000584
0.0006245312116500523,0.000666
0.000611666784875212,0.00085
0.0006683059232392354,0.00095
0.0007589066906976481,0.00105
0.0008754822275222919,0.001184
0.0010054358372313852,0.001266
0.0011094885233247419,0.001316
0.001201504273192469,0.001368
0.0012818172861925733,0.001416
0.0013401071453232585,0.001466
0.0013901181542102087,0.0015
0.0014362584939037733,0.001518
0.0014740353289836446,0.001466
0.0014869416095732685,0.001416
0.0014740354867737097,0.001384
0.0014447389209557493,0.0014
0.0014157361602391148,0.001366
0.0009926261241616388,0.001284
0.0013573913901657544,0.001134
0.001293455644713611,0.001066
0.0012095578781181897,0.001084
0.0010445580693018359,0.00105
0.0010827162040741643,0.001032
0.0010575202864695585,0.000984
0.0010366034776420024,0.000934
0.0009988806067644154,0.0009
0.0009612584059484,0.000882
0.000924035413997237,0.000884
0.0008994808341124704,0.00085
0.0008785472995380076,0.0008
0.0008531561167277674,0.000766
0.0010887939618039627,0.00075
0.0007905488847292314,0.00065
0.0007401147617825572,0.000584
0.0006856525346049852,0.000516
0.0006228587158543984,0.0005
0.0005610224461142298,0.000418
0.0005030344788257101,0.000366
0.00044848396810668147,0.000316
0.000398311303297976,0.000318
0.0004605162100778727,0.000316
0.00032846740471232234,0.000416
0.0003404320139168347,0.0004
-1.427488000525778e-05,0.0004
0.00038202590901545376,0.00035
0.00039088203421257364,0.000318
0.0003661334514426939,0.000266
-0.0003960873951049394,0.00025
0.00029500561509684063,0.000234
0.00026621612737702706,0.000232
0.0002451553942862878,0.0002
0.00022854726014924072,0.00015
0.0002031560773390006,0.000218
0.00020788202785682278,0.000282
0.00021132774868097657,0.000234
0.00021982661744681807,0.00025
0.000245410935296813,0.000266
0.00024968016247103213,0.000218
0.00024155340212635206,0.000182
0.0002282006150998443,0.000134
0.0001987994344686833,6.6e-05
0.0001485876574475765,6.8e-05
0.00011129463136218056,0.000116
-2.7320385672686766e-05,0.000166
0.00010298175763564534,0.0002
0.00013625845457375586,0.000184
0.0001657162423907927,0.000184
0.00018319720213514644,0.000166
0.00018319720213514644,0.00015
0.00017064465728597217,0.00015
0.0001621483427468104,0.000116
0.00014504471821952654,0.000134
0.00013714834123185784,0.000234
0.0002492291984648074,0.00025
0.0001820332637195003,0.000216
0.00020739134020169423,0.0003
-4.628004542704182e-05,0.00035
0.0002777411926312806,0.000416
0.0004955306144870037,0.00045
0.00037755899061334836,0.0004
0.0004031052021626073,0.000368
0.00040776565007963035,0.000366
0.00039515613315505455,0.000366
0.00048229112072728015,0.00035
0.0003623125650148662,0.000334
0.0003534629683816923,0.000316
-0.0003101375687121239,0.00035
0.00033714834348959934,0.0003
0.0003284582528885431,0.00035
0.00032453125264189593,0.00035
0.00033696065220709256,0.000318
0.0003289652323678993,0.000316
0.00027038993100934124,0.000316
0.0003246378003833946,0.0003
0.00031231258170871925,0.000284
0.0003036669879060379,0.000216
0.00027805407060673294,0.0002
0.00024893858861230065,0.000234
0.0002327162314608094,0.0003
0.0002365554412599537,0.000334
0.0002656894833108004,0.0003
0.0002910996798238922,0.000316
0.00031214834197464673,0.00035
0.00032453123291813777,0.000366
0.0003323471073869381,0.000368
0.0003494808599547883,0.000382
0.00036621388492840876,0.000368
0.0003708329918483601,0.000382
0.00037481884778931164,0.000384
0.000240873149431693,0.000334
0.00036650074726686803,0.000316
0.00035326176632485633,0.0003
0.0003327162375206197,0.000266
0.00030337744313647095,0.000334
0.00030337746286022906,0.000316
0.00030337746286022906,0.000284
0.000299339121998854,0.000284
0.00030396523085294674,0.000266
0.0002575305929641023,0.00025
0.00027064466334578244,0.000266
0.00026619719256920795,0.000234
0.00025366696515237463,0.000284
0.000258036684874342,0.0003
0.0003330872216875669,0.000316
0.00028273609631516647,0.000334
0.0004948159438343819,0.00035
0.00032453123291813777,0.00035
0.00033714834348959934,0.000382
0.00035356456545989663,0.000368
0.0016754313098097278,0.000382
0.00037016995799456155,0.000368
0.00034951133316112217,0.00035
0.00036671364551228394,0.000316
0.00035338539484090846,0.000316
0.00033694161878048274,0.000268
0.00031177406394008935,0.000266
0.0002702998920534098,0.000284
0.00028300092721577784,0.000282
0.0002747934769765271,0.000318
0.00028702749299354044,0.00025
0.0002829012433421136,0.000216
0.00018621512450701667,0.000216
0.00023249098614279477,0.000318
0.00024896618214994534,0.000332
0.0002691420877265467,0.000368
0.00030709973049733235,0.000382
0.00034935419397998183,0.000334
0.0003534622386026409,0.00035
0.0003580474403823412,0.000334
0.00037481884778931164,0.00035
0.0003417949650521628,0.000332
0.0003412822262354283,0.0003
0.000328547266209051,0.000284
0.0003158547911577178,0.000266
0.00029489610879162025,0.000234
0.00027038993100934124,0.00025
0.000258036684874342,0.000216
0.00024103667911047226,0.0002
0.00022453124658208562,0.0002
0.0002159911551617213,0.000184
0.0001997147154653968,0.000216
0.0001997147154653968,0.000284
0.00022005407182574491,0.000284
0.00032880574605953977,0.000266
0.0002618079068791609,0.000266
0.000274770873549693,0.000284
0.000274770873549693,0.000266
0.0002908900557223283,0.000284
0.000274770873549693,0.0003
0.0002831971983330776,0.00025
0.00027453122988823264,0.000234
0.00026634707340735095,0.00025
0.00025788203088672793,0.00025
0.000245820558305966,0.0002
0.00023299118064934915,0.0002
0.00022437795353378356,0.0002
0.00021196066435608788,0.0002
0.00019994810669552528,0.000166
0.00019113128108650909,0.000116
0.00016964566865969175,0.00015
0.00015724856674845732,0.00015
0.00014504471821952654,0.000118
-0.00027483028621829944,0.0001
0.00011151467453898447,0.0001
0.00011649100830457694,0.00015
0.00011649100830457694,0.000216
0.0001403183239171461,0.000234
0.00017367456184091544,0.000216
0.0002032040652425671,0.000266
0.00024896618214994534,0.000318
0.00018271622843090427,0.000282
6.562154749906838e-05,0.00025
0.0002783730234996939,0.000234
0.00023986893400950417,0.000284
0.0004441849383339054,0.00035
0.000278394680186137,0.000332
0.00029888050517446905,0.000368
0.00033272250967570976,0.000366
0.0003536369713760465,0.000366
0.0003576236557148401,0.00035
0.0003623125650148662,0.000418
0.00037436133549538286,0.00045
0.0003950055619853765,0.000466
0.00041989576133873646,0.0005
0.00045776561366201915,0.000516
0.0004823470573053791,0.000518
0.0004994808493207456,0.000516
0.0005123126135520979,0.0005
0.0005123125741045817,0.000484
0.0005041554588961166,0.000466
0.0004910366745362398,0.000466
0.00047864463176896957,0.00045
0.0004661972046888285,0.000384
0.00044065943490805557,0.00035
0.0004113235399163541,0.000366
0.000386555430625911,0.00035
0.0003621483450045519,0.000368
0.00035828223199929794,0.00035
0.00035828223199929794,0.000316
0.0003455305856735301,0.0003
0.00033283138482066954,0.000366
0.0003323471073869381,0.0004
0.000344512169145477,0.000484
0.000385855039974186,0.000516
0.00043999194348491626,0.0005
0.00047388907589017193,0.000518
0.0005041554588961166,0.000516
0.0005123126135520979,0.000516
0.0005123126135520979,0.000534
0.000520805703256803,0.00055
0.0005286446347988748,0.000534
0.0005331971543113289,0.000466
0.000520194463991893,0.000434
0.0003080366879042471,0.00035
0.0004443589018807433,0.000332
0.0003941098666805008,0.000334
0.00036146061700555594,0.000334
0.0003905966708797334,0.000316
0.00024092023004238484,0.000266
0.00029064137857963754,0.00025
0.0003118078704615497,0.00025
0.00026982679799054655,0.000284
0.00026214835866849976,0.00025
-0.00011592843226008427,0.000266
0.0002621483192209835,0.000268
0.0002539652278230416,0.000282
0.00026621391831611484,0.000268
0.00020811656306492362,0.000232
0.00026203802396543725,0.00025
0.00028705015559164895,0.00025
0.00024968016247103213,0.000234
0.00024128223989937613,0.000216
0.00023714833742978904,0.00025
0.00023714833742978904,0.000184
0.00022038990825567792,0.000184
-9.824739471310879e-05,0.000166
0.00019520406949148422,0.000166
0.0001747708872136409,0.00015
0.00016619719637127672,0.000168
0.00016231259234276196,0.00015
0.00015828223960343555,0.000132
8.675319736221757e-05,0.00015
0.0001496801662731009,0.000184
0.00015353058902875058,0.000166
0.00015752022206938688,0.000134
0.00015803669853828984,6.6e-05
0.0001363830594158362,8.4e-05
0.00027708484513149314,0.0001
9.537744512764661e-05,8.4e-05
8.319720100627571e-05,0.0001
4.712260761481046e-05,0.0001
-0.0003069866589009617,0.000132
0.00013954333801211716,0.000218
0.00013630180739415833,0.000216
0.00033157147059789037,0.000216
0.0001945892306407127,0.000184
0.00020814486665786156,0.0002
0.0002036669818462276,0.0002
0.00012021378875939197,0.000184
0.00019179496582432643,0.0002
0.00019582055527606084,0.00025
0.00019922919543490224,0.000282
0.00022802903812774194,0.000268
0.0001573775601267249,0.00025
0.0002621626386693967,0.000232
0.0002575305929641023,0.000268
0.0002541263117558109,0.000232
0.00024512632146678225,0.0002
0.00023240110497692852,0.000168
0.0002160777621837355,0.000132
0.0001820777506559961,0.000118
0.0001537053316640352,5e-05
5.731833594855438e-05,3.2e-05
2.0299892313070177e-05,-1.6e-05
4.4807138260126214e-05,-8.4e-05
-5.786770549484298e-06,-8.2e-05
-3.870536293471623e-05,-0.000118
-7.591755612829489e-05,-8.2e-05
-8.359889484278895e-05,-5e-05
6.189206343195385e-05,-5e-05
-7.569753760618866e-05,-3.4e-05
-4.263039573648849e-05,3.4e-05
-2.586157707277456e-05,5e-05
8.731258286696473e-05,5e-05
2.413842071800732e-05,8.2e-05
5.356456946969372e-05,0.000118
7.430246655258721e-05,8.2e-05
-0.0003164596249103048,8.4e-05
9.111656603406227e-05,5e-05
8.290124108437212e-05,6.6e-05
7.015541326725703e-05,5e-05
6.214835147981876e-05,6.8e-05
5.8282238474564825e-05,6.6e-05
6.231258628295171e-05,5e-05
5.8282238474564825e-05,3.4e-05
5.415541436868199e-05,5e-05
4.971471130662095e-05,8.2e-05
5.356456946969372e-05,3.4e-05
4.951134580006343e-05,8.4e-05
6.196985886501683e-05,8.2e-05
6.997451435396142e-05,5e-05
6.196985639954705e-05,3.4e-05
6.196985639954705e-05,5e-05
5.356456946969372e-05,8.4e-05
5.404472710344265e-05,6.6e-05
5.803669494394935e-05,3.4e-05
5.803669494394935e-05,3.2e-05
5.3453159821812324e-05,0.0
3.241882143404303e-05,1.8e-05
2.0658775338028045e-05,-3.4e-05
3.3854007517399617e-06,-1.6e-05
-8.479763729675653e-06,-5e-05
-2.1128811996513317e-05,-5e-05
-2.568238673002825e-05,1.6e-05
-3.7851649649051975e-05,1.6e-05
-1.781989515885247e-05,1.8e-05
4.1263113991038405e-06,3.2e-05
-5.2435042860810335e-06,0.0
1.6213905632058893e-05,0.0
1.2162627218075634e-05,1.8e-05
1.2162627218075634e-05,-1.8e-05
-3.198304892656565e-07,1.8e-05
-7.179496164806852e-07,3.2e-05
2.032620134096569e-05,0.0
8.272253397370036e-05,0.0
1.2162627218075634e-05,-1.6e-05
3.5645713707281238e-06,-3.4e-05
-1.2851648134099416e-05,-6.6e-05
-2.961008223915006e-05,-3.4e-05
-3.794983944803677e-05,-3.2e-05
-4.185512876790599e-05,-5e-05
-7.083000995240247e-05,-6.8e-05
-5.031983598464055e-05,-5e-05
-5.0319831053701025e-05,-5e-05
-5.4700107917215435e-05,-3.2e-05
-4.636304793225504e-05,-5e-05
-4.570010776630768e-05,-1.8e-05
-3.7837374579094613e-05,-5e-05
-3.7837374579094613e-05,-8.2e-05
-4.5844584294718976e-05,-6.8e-05
-7.518115975607642e-05,-8.2e-05
-5.0563453983367145e-05,-6.8e-05
-5.509567774869023e-05,-8.2e-05
-7.518115975607642e-05,-3.4e-05
-6.698912363381585e-05,3.4e-05
-3.8612523205128245e-05,5e-05
4.52998932116553e-05,5e-05
2.413842071800732e-05,5e-05
4.582054495361056e-05,5e-05
4.994810746768894e-05,3.2e-05
-9.317757180098435e-06,5e-05
4.52998932116553e-05,6.8e-05
4.968016760969995e-05,1.6e-05
9.128223080966073e-05,3.4e-05
4.152023313655507e-05,6.6e-05
4.545315913978992e-05,0.0001
5.320407341114007e-05,0.000166
0.00028702749299354044,0.00025
0.0001437577528624517,0.000218
0.00018209140935851145,0.000232
0.00021572251757578793,0.000234
0.00023321390132632121,0.0002
0.00022065878252670905,0.000166
0.00020730999942310472,0.00015
0.00018669608834937976,0.0001
0.00015310515742744443,6.8e-05
0.00012002904617872787,6.6e-05
9.515608538998653e-05,1.6e-05
6.1753195847265e-05,0.0
-4.602548074254482e-05,-5e-05
6.972143981159935e-06,1.8e-05
-4.682836737054451e-06,-1.8e-05
-1.3124891217559619e-05,-3.2e-05
-2.1120942217013508e-05,-3.4e-05
-1.701960367212364e-05,-6.6e-05
-3.7938764557838414e-05,-8.4e-05
-7.520653437092981e-05,-8.4e-05
-6.750898272724067e-05,-8.2e-05
-7.919425420702606e-05,-6.8e-05
-7.967379793880271e-05,-8.2e-05
-5.871775855629654e-05,-8.4e-05
-7.916702555890704e-05,-6.6e-05
-5.4546834592671505e-05,-8.4e-05
-7.919425420702606e-05,-8.4e-05
-7.970009957028893e-05,-6.6e-05
-7.522910821212664e-05,-6.6e-05
-5.8843911713391244e-05,-1.8e-05
-5.910995562512857e-05,-3.2e-05
3.675319371594499e-05,-5e-05
-4.1952564133141725e-05,-5e-05
-3.7837374579094613e-05,-6.8e-05
-5.031983598464055e-05,-6.6e-05
-7.916702555890704e-05,-8.4e-05
-6.730304696844988e-05,-6.6e-05
-7.11942584559432e-05,-1.6e-05
-5.8630402031472836e-05,-3.4e-05
-5.0660874555784284e-05,-3.4e-05
-3.794983944803677e-05,-1.6e-05
-2.5229115044100577e-05,-5e-05
-0.00016709878392703265,-8.4e-05
-4.662254848722779e-05,-0.0001
-6.330390707638776e-05,-3.2e-05
-6.71686196948134e-05,-1.8e-05
-5.9352883292320075e-05,-8.2e-05
-7.522910821212664e-05,-1.8e-05
-3.815467560731097e-05,1.8e-05
-2.589517156383484e-05,1.6e-05
-1.7503871243976e-05,-1.6e-05
-4.254265594338491e-07,0.0
4.155413804246623e-06,0.0
-2.852892578144221e-07,-1.8e-05
-8.717762922800714e-06,3.4e-05
3.530597197323557e-06,5e-05
0.00014895317813351755,6.6e-05
3.221614009534616e-05,5e-05
4.971471130662095e-05,5e-05
2.080573829270049e-05,3.4e-05
4.971471130662095e-05,-1.6e-05
-9.21179705988499e-05,-8.4e-05
-5.295641575267277e-06,-0.000116
-4.694903092486059e-05,-0.00015
-9.272709942163848e-05,-0.0002
-0.00017546875793339733,-0.0002
-0.00022587363054674256,-0.0001
-0.00016352929652051969,-1.8e-05
-0.00013139083301025295,0.0
-8.146263432187427e-05,3.4e-05
-2.2223140338726605e-05,0.00015
3.987837819917922e-05,0.000116
0.00016160352323745325,0.000168
0.00011572372452710357,0.000116
0.00013649062293087934,0.000116
1.9847240692789184e-05,0.0001
0.00012436135979337345,8.4e-05
6.216262654977612e-05,8.4e-05
9.566698496627403e-05,6.6e-05
8.319720100627571e-05,6.6e-05
0.0002578743780685677,8.4e-05
0.0001576525191771437,0.00015
9.064137139095656e-05,0.000166
0.00011544827238273114,0.000184
0.00014506222305488015,0.000234
0.00025753802882092294,0.000282
0.00021537593169766595,0.000318
0.00025324809170065166,0.000366
0.00029879944052849355,0.000316
0.0003202722818219121,0.000284
0.0003197565055464233,0.000284
9.028549069180881e-05,0.00025
0.0002829189750006858,0.0002
0.00025364568321733626,0.000182
0.00022799789431363114,0.000134
0.00019046952927698996,0.00015
0.00016585477220612335,0.000216
0.00016971858739355338,0.000218
0.00017855804601504084,0.000182
0.00019080611520973248,0.000218
0.0002708329660647917,0.000232
0.00021203802093553212,0.000234
0.0002159803859897742,0.000234
0.00022932619080589863,0.000266
0.00024114488364765512,0.000284
0.0002666969531530831,0.000282
0.00026600092145190817,0.000318
0.00031166680614329745,0.00025
0.0002829012433421136,0.000232
0.0002696862267662479,0.0002
0.0002489287859045026,0.0002
0.00021996523601906036,0.000184
0.00020356457609393936,0.000134
0.00017882680194352307,0.0001
0.00015351217690052232,5e-05
0.00011578694903383701,3.2e-05
7.799788029297621e-05,1.8e-05
4.9229190043391505e-05,-3.4e-05
1.572253997274414e-05,-3.4e-05
1.2038024841465072e-05,0.0
-1.3058382705095058e-05,5e-05
-5.354324686687855e-06,8.4e-05
2.3875317187152192e-05,0.000134
6.578694846940163e-05,0.00015
0.0001035121738706172,0.000116
0.00012038991205774674,0.000134
0.0001331971991052413,0.00015
0.00013714834123185784,0.00015
0.00013714834123185784,0.000182
0.00015356456320215516,0.000184
0.00016608722655773992,0.000184
0.00017463780115555826,0.000216
0.00030786534761724244,0.00015
0.0001829189590789965,0.000134
0.00017021379178929708,0.0001
1.5831380601127164e-05,6.6e-05
0.00011169609366640116,5e-05
8.669610201332765e-05,1.6e-05
5.724857548146568e-05,-5e-05
1.9394683993094264e-05,-3.2e-05
-4.978836106474321e-06,-3.4e-05
-2.5614098148391113e-05,1.6e-05
-2.5614098148391113e-05,6.8e-05
3.4629866198726485e-06,6.6e-05
2.7959361386169926e-05,0.0001
6.1753195847265e-05,8.4e-05
7.91554134181648e-05,0.0001
8.714834806383178e-05,8.2e-05
4.101466020770157e-05,3.4e-05
7.438589804954009e-05,0.0
5.3021162674513684e-05,0.0
2.8165240362110104e-05,1.6e-05
1.214834844991362e-05,8.4e-05
9.443548281710258e-05,8.4e-05
4.504597571297243e-05,0.0001
7.019447617026298e-05,8.2e-05
-1.0614043479971546e-06,5e-05
7.854726585234393e-05,1.8e-05
6.172174631490297e-05,1.6e-05
4.082862695361387e-05,3.4e-05
2.915541373975762e-05,1.6e-05
2.080573829270049e-05,1.6e-05
2.0299892313070177e-05,-1.6e-05
1.2050162349133484e-05,-5e-05
-9.178660306721148e-06,-0.0001
-3.856682325750654e-05,-0.000134
-7.612468517445342e-05,-0.000132
0.00044637317095753184,-0.0001
-2.103475925579942e-05,-6.8e-05
-0.00020959638217633414,-5e-05
-7.934122579084269e-05,-6.6e-05
-5.114661154761844e-05,-0.0001
-0.00018768740914281584,-0.00015
-0.0002572029860503897,-3.4e-05
-0.00013803014585819442,-0.0001
-8.41452232196442e-05,-0.000116
-6.310793181546015e-05,-6.6e-05
-5.896329962144225e-05,-8.4e-05
-9.196329688747768e-05,-8.4e-05
-3.8333190411340816e-05,-0.0001
2.8213791009151188e-05,-5e-05
-0.00013837915775856822,0.0
0.0001497147124354917,0.000134
0.00016205015787876516,0.000116
0.00013321390512839002,0.0001
-0.00016654123273179296,0.0001
-3.414522018973906e-05,3.4e-05
0.00013672174592882115,1.6e-05
4.971471130662095e-05,3.4e-05
2.477088582851851e-05,1.6e-05
2.4770886136702233e-05,5e-05
7.065877343699365e-05,5e-05
4.497451530447862e-05,0.0001
0.00014934660793723364,0.000118
9.959988754754608e-05,0.00015
0.00010360079764690172,0.000182
0.00014529988447864697,0.000218
0.00016607775915383036,0.0003
0.00021111165518674117,0.000232
0.0002319383067158169,0.000168
0.00022832982543945148,0.000116
0.00036486477987129846,0.000134
2.4248168022897572e-05,0.000116
2.009051537485056e-05,6.6e-05
0.00010736959362946878,8.4e-05
9.933912467205207e-05,0.000166
0.00013178695039788181,0.000234
0.00013583129714361204,0.0003
0.00036898814985403613,0.000266
0.00024027291602382776,0.000234
0.00021175320986791993,0.0002
0.00021110193137397574,0.00015
0.00021143319189201914,0.000134
0.00017851216855359583,0.0003
0.0001943926143576454,0.000482
0.00026302178585042987,0.0005
0.0003503006976858387,0.000518
0.00044782894209868975,0.0005
0.0004996801776205579,0.000466
0.00031868854293791015,0.00045
0.0006718644442362197,0.00045
0.0004949667516891576,0.000434
0.0004497147306149225,0.00045
0.0004458205507018284,0.00045
0.0004458205901493447,0.000432
0.0004412822717427548,0.000418
0.00043716264927406463,0.000382
0.0004198790750393459,0.000384
0.0004034622021850298,0.000384
0.0004452617766335837,0.000416
0.0003911448730136124,0.00035
0.0003829189218892217,0.000334
0.0003702137841851595,0.0004
0.0003741564450957737,0.000416
0.0003741564450957737,0.000384
0.00038273608265121855,0.0004
0.00039971472758501737,0.000416
7.073689924300555e-05,0.00045
0.0004018962146833583,0.00045
0.00042845823922459526,0.00045
0.0004411313060979138,0.000434
0.0004458205507018284,0.000432
0.0004412822322952385,0.000418
0.00043321391344594177,0.000416
0.0004517725891972112,0.000366
0.0003746378231370579,0.00035
0.0003867531810250716,0.000384
0.0003783898736489599,0.000384
0.0003706446299580764,0.00035
0.00036657530307265574,0.000332
0.00036194164001919347,0.000334
0.00034948084023103015,0.0003
0.000328547266209051,0.000284
0.0002581165660948288,0.000266
0.00029537744738538806,0.000234
0.00027038993100934124,0.0002
0.00024520405279763124,0.000216
0.0005626810958316659,0.000234
0.00022064464059211916,0.0002
0.00023290122058845032,0.000232
0.0002201553927713352,0.000268
0.00021214833591483648,0.000232
0.00023240110497692852,0.000268
0.00024955067599881093,0.000266
0.0003119698814109518,0.000266
0.00025762364965502987,0.000268
0.00016669694709327284,0.000282
0.00027032620354677507,0.000268
0.0002708329660647917,0.00025
0.0002667136197287156,0.000282
0.00027017001110602574,0.000218
0.0002539043208578902,0.0003
0.0002617217337798258,0.000382
0.0002940484211140692,0.000368
0.0003786587873675073,0.0004
0.0003615606953543831,0.000366
0.00031538668720566517,0.0004
0.0003871483662432626,0.0004
0.0003659911642514367,0.000384
0.00038308724444123017,0.0004
0.0002729539998444185,0.0004
0.00040731835469242055,0.000366
0.0002619698586572885,0.00035
0.00025293915847682827,0.00035
0.0003911313030680087,0.000384
0.0003621483450045519,0.000416
0.00037431758819981745,0.000466
0.0009476671586859205,0.00045
0.0004282137829661475,0.00045
0.0002709506774534004,0.000418
0.00044556457576862404,0.000416
0.0004330872474711353,0.000384
0.0006883177665955876,0.00035
0.00039130996086928513,0.000382
0.0003824188062776999,0.000384
0.0003746377836895416,0.000384
0.00039124854108642194,0.000366
0.00037880572936568673,0.000434
0.00039136956606639897,0.000416
0.0003746377836895416,0.000366
0.0004033774294725231,0.0004
0.00039474990263230246,0.0004
0.0003950447333690522,0.000434
0.0003994016326482254,0.000384
0.00040404472365808094,0.00035
0.0003993391477824224,0.000366
0.0003827162405505248,0.000334
0.0003580366712103941,0.0003
0.00033689205297626464,0.000266
0.00031557252445490634,0.000234
0.00028257250746511277,0.000282
0.0002698961270004258,0.000318
0.0002742481742350953,0.000282
0.00027825805371346735,0.000334
0.0003950622086187686,0.0004
0.0003324383692158745,0.00045
0.00044136960854382037,0.00045
0.00039582054767192324,0.000366
0.00025337745983032393,0.000284
0.0003857908983126988,0.00025
0.0002748188417295014,0.00025
0.0002863235520653494,0.0003
0.000270458234383797,0.000316
0.0002782655487415624,0.000334
0.0002992228307208317,0.000334
0.0003452102718412571,0.000316
0.00029971472152520706,0.000284
0.00031649100070043934,0.000266
0.000473500438959685,0.000334
0.0004023178297374634,0.000366
0.00031151463734920964,0.00035
0.00032805407363663806,0.000384
0.00035803669093415223,0.000432
0.0003822359670396968,0.000368
0.0003827425520438901,0.000382
0.00039089812879921986,0.000334
0.0002788790562386592,0.0003
0.00032064464665192946,0.000316
0.0003322360034573079,0.000268
0.0002082407241224457,0.00025
-0.0007273130415439334,0.000266
0.00018133366201810114,0.0003
0.0002911448866775603,0.0003
0.00026740341872231674,0.000316
0.00029504472730924197,0.000284
0.00032477087657959813,0.000284
0.00018694160969076734,0.000282
0.00027054724770430487,0.0003
0.0002873125801937667,0.000268
0.00028321390435622634,0.000316
0.00029104745131232454,0.0003
0.00029556458640266677,0.000284
0.00029155342488001534,0.000266
4.055028158046856e-05,0.00025
0.00012019447920016812,0.00025
0.00026214835866849976,0.000284
0.00026214835866849976,0.000266
0.00026214835866849976,0.0002
0.00024922284741468476,0.0002
0.0002365554412599537,0.000284
0.0002365554412599537,0.000316
-0.0002452503688908294,0.000284
0.000295666992154955,0.000282
0.0002788329618158746,0.000268
0.00028706124034372633,0.000282
-0.000970097277566217,0.000268
0.0003355791607391083,0.00025
0.0002667136197287156,0.000232
0.00017415644283803227,0.00025
0.0003567433843888338,0.000218
0.00023716263715444408,0.000216
0.00022865877827779192,0.000166
0.0002578213408829161,0.0002
0.00034054895607887577,0.00025
0.00020724857964024153,0.000268
0.00021999789856254828,0.000182
0.0001288057339399192,0.000118
0.00020302739954086333,0.000132
0.00017354287616966107,0.000168
0.00014935418186036128,0.000166
0.00014546223073193753,0.000116
0.0001449460303956486,0.000134
0.00017780945049840975,0.000134
0.0001370501563638126,0.000182
0.0001408900466326129,0.0002
0.00016177406471225303,0.00025
0.00019046952927698996,0.000218
0.00018319720213514644,0.000216
0.00020322522883505656,0.000166
9.957456717302758e-05,0.000134
0.00018262154452992974,0.000134
0.0001616668069154611,0.000132
0.00024042230376801715,0.000118
0.00022412637699864552,0.00015
0.00013321390512839002,0.000132
0.00013271363172680307,0.000118
-0.0002913556002948961,0.0001
0.0001245418617660364,6.6e-05
2.0644653127196302e-05,6.6e-05
8.694161842377568e-05,1.8e-05
3.826798735264412e-06,3.2e-05
4.497451653721351e-05,-1.6e-05
-3.462406372810157e-05,-6.6e-05
-5.8630402031472836e-05,-8.4e-05
2.426889800089157e-05,-6.6e-05
-8.93777404849763e-06,-8.4e-05
4.4316774814272204e-05,-0.0001
-4.6738213535928955e-05,-0.000116
3.386365852496308e-05,-0.000118
-0.000121452731474458,-0.000132
-0.00013409876693723906,-0.00015
0.0003452119286369413,-0.00015
-0.00013783736584608628,-0.00015
-0.00026361251711594326,-0.000184
-0.0001588687302609478,-0.000216
-0.0001714527246424841,-0.000184
-0.0001880583735860049,-0.000134
-0.00017173445880382568,-0.0001
-0.00015960864732399513,-0.0001
-0.00013035431993410187,-0.000116
-0.00011285166405578874,-0.000166
-0.00012117320637402867,-0.000168
-0.0002466828462736182,-0.000166
-8.880856066723542e-05,-0.000166
-0.00016310793787527043,-0.00015
-0.00016268740762786328,-0.000168
-0.00016268740762786328,-0.000132
-0.0001041794530414909,-0.000118
-0.00014246941155138067,-0.000132
-0.0001379619805500457,-0.000118
-0.00012518116278598156,-0.000132
-4.205487273371407e-06,-0.00015
-0.00015111948264716089,-0.000184
-0.00012095527857028579,-0.00015
-0.00015446940517800496,-0.00015
-0.00023017319286098854,-0.000166
-0.00020028528905008614,-0.000184
-0.00012568238292795948,-0.000184
-0.00017135532872476463,-0.000182
-7.586158010267969e-05,-0.00015
-0.0001296737911068288,-0.00015
-0.00013378608619936814,-0.000134
-0.00014570010396423887,-0.000134
-2.135534922068643e-05,-0.00015
-8.380278919261173e-05,-0.000132
-0.0001463330196393502,-0.00015
-0.00018768740914281584,-0.000184
-0.00010114660964658403,-0.000166
-0.00012518116278598156,-0.000134
0.00021236050438120104,1.6e-05
-2.0700106251355104e-05,-3.4e-05
-6.71686196948134e-05,-3.4e-05
-3.8345641033669776e-05,-5e-05
-6.750898272724067e-05,-1.6e-05
3.6369501667105606e-06,-1.6e-05
-0.00010837635319459273,-6.8e-05
-2.961008223915006e-05,-6.6e-05
-4.213465879927487e-05,-5e-05
-2.5458132530860414e-05,-1.6e-05
1.649100964117596e-05,3.2e-05
5.7530598102770124e-05,8.4e-05
7.054726517032152e-05,8.4e-05
0.00010752023383230037,0.0001
7.436136662534738e-05,0.000116
0.00010284964297265135,0.000134
0.00014582054238427663,0.000116
2.413842071800732e-05,6.6e-05
-1.7547041619615628e-05,5e-05
9.064137139095656e-05,1.8e-05
8.282237910129453e-06,1.6e-05
-0.0001771572694206649,-1.6e-05
-2.134122700985469e-05,-8.4e-05
-2.0955272510475525e-05,-3.4e-05
-0.0001087177517243226,-0.000116
-5.479591607240423e-05,-8.4e-05
-3.0186405521204156e-05,-5e-05
7.248577382500076e-06,-3.2e-05
-5.0051893661181784e-05,-5e-05
-0.00013462843860034097,-5e-05
1.5901237221536823e-05,0.0
-6.902526635838707e-05,-1.8e-05
-5.885512466989662e-05,-1.6e-05
-3.3866553072789014e-05,1.6e-05
5.8282238474564825e-05,3.4e-05
2.4770886136702233e-05,8.4e-05
0.00013344383483896406,0.000166
0.0002370501525617438,0.0002
9.85876593486109e-05,0.00025
0.00026694249421822883,0.000266
0.0002415534218501102,0.00025
-0.00039076876537862153,0.000218
0.00024556458337276165,0.000216
0.00023696985714233596,0.0002
0.00026621389859235667,0.000234
0.00021669693039941983,0.000232
0.0002201553927713352,0.000318
-0.0003476454506259316,0.000316
0.0002739570121173605,0.000334
0.00029900991275165766,0.00035
0.0003482323066167006,0.000366
0.00034103670489404067,0.0004
0.0003618920939387335,0.000434
0.0006645967916250566,0.000516
0.00042761824381272077,0.000584
0.00048172070964173,0.000616
0.0005357680278429663,0.000634
0.0005863830570993452,0.00065
0.0006203898930474028,0.0007
0.0006492228322064096,0.0009
0.0007183667937867756,0.0011
0.0008330836425388778,0.0013
0.0009944553843870283,0.001416
0.0011741203596493345,0.001484
0.0013213889832636295,0.0015
0.001423046416167871,0.001466
0.0014657161633782612,0.001484
0.0014831970935369778,0.00155
0.001499222883714797,0.0016
0.0015236745055820472,0.001582
0.001552902748301794,0.0016
0.0015824909101601684,0.0016
0.0015952998342795889,0.001618
0.0018726796209830388,0.0016
0.001604299864016134,0.001532
0.0015866832344013807,0.001518
0.001565938258954783,0.001566
0.0015532102811387889,0.00155
0.0015410475073361948,0.00155
0.0015455645635315046,0.0016
0.0015659911186266112,0.0016
0.001574377976169948,0.00155
0.001574377976169948,0.001534
0.0015702654937017062,0.001532
0.0015533172628029667,0.001568
0.0015456369891714125,0.001566
0.001549574640247458,0.001466
0.001531976156490198,0.001334
0.0013945676762576302,0.0014
0.001439374532110535,0.001366
0.0012508480667888938,0.0011
0.001297078504609664,0.0008
0.0011605145957008605,0.000468
0.0009251897272189084,-3.4e-05
0.0005730658911800472,-0.000516
0.0001671172899649776,-0.000884
-0.000254110537458369,-0.001166
-0.0006605084360220999,-0.001418
-0.0010043161044668157,-0.001516
-0.001192551368223206,-0.001566
-0.0014203217217555358,-0.0016
-0.0015267022057851522,-0.0016
-0.0015713542695841361,-0.0016
-0.0015918687137455364,-0.001668
-0.0016177319255356998,-0.001732
-0.0013228126685593596,-0.001768
-0.0016935893415708741,-0.0018
-0.0017432168417044547,-0.001816
-0.001779799363781137,-0.0018
-0.0017964354859309917,-0.0017
-0.0017801438194933793,-0.001716
-0.0017592568329881384,-0.001818
-0.0017597707552303617,-0.001766
-0.0017511467392190908,-0.001534
-0.001533764100151348,-0.0014
-0.001633721897368728,-0.0014
-0.0013726427711366047,-0.001432
-0.0014083473492907416,-0.0014
-0.0014083473492907416,-0.0014
-0.001384764046152062,-0.0014
-0.0014083473492907416,-0.001434
-0.0014088686876660274,-0.001366
-0.001400598279190778,-0.00135
-0.0013883039084738413,-0.001368
-0.0013803007963689715,-0.001332
-0.0013543631076680528,-0.001084
-0.0012863737354419722,-0.001084
-0.0012203131889723965,-0.001232
-0.0011856071063505865,-0.001234
-0.0011603480727199172,-0.00085
-0.0005476006109195307,-0.0008
-0.001034077519816735,-0.001016
-0.0009792047623371353,-0.000834
-0.0008770682787950707,-0.00025
-0.0007320984197450462,1.6e-05
-0.0005314083916704848,-0.000132
-0.00030799395122942114,-0.00045
-0.00020822678413451128,-0.000768
-0.00034099152247320474,-0.001132
-0.0006297036733138324,-0.0013
-0.0009206593621959248,-0.001184
-0.0011009320658941914,-0.00075
-0.0010966163498220246,5e-05
-0.0008091346853570239,0.0007
-0.0003139934450869006,0.001066
0.0002493781325625595,0.001418
0.0007959487763391062,0.001432
0.0011465524628902245,0.001584
0.0013702910435726414,0.00165
0.0015185466440445067,0.0015
0.0011451560208135664,0.0012
0.00147923246035979,0.000884
0.00130121497116781,0.000966
0.0010312313570835956,0.00095
0.0009970367509579987,0.00035
-0.0005965269314510606,-0.0004
0.0004526516770977289,-0.000784
1.2383698495772842e-05,-0.000932
-0.0004538113796144479,-0.001184
-0.0013592342447695796,-0.001334
-0.0010638038268771563,-0.001266
-0.0011827735912554919,-0.001016
-0.0002584694091133567,-0.0003
-0.0009891542937907752,0.000382
-0.0005659780253334485,0.0008
0.0012500204578971342,0.000734
0.0003931788264010295,0.000684
0.0006460297530003336,0.0009
0.0007774951493237164,0.000616
0.0007308995063971352,0.000234
0.0006025413909318981,0.000232
0.0004885310077490296,0.000418
0.0003710740556204069,0.000582
0.0003628906289185766,0.001
0.0005509667219467377,0.00135
0.00149771851323357,0.0013
-0.000847742837395186,0.000618
0.0010597657968868376,0.00035
0.0008938029164077852,0.000716
0.0007374013249270486,0.000984
0.0006613757835774475,0.000616
0.0003371626234904962,0.000266
0.00012477088418373576,0.0001
-3.38028009555252e-05,-1.6e-05
-0.00010028528299027585,-0.0001
-0.00018932329764335287,-0.000184
-5.2604399443046646e-05,-0.000432
-0.0001868572361624975,-0.00065
-0.00034685417289667496,-0.0009
-0.0005480615551473766,-0.001
-0.0007509895986111221,-0.000868
-0.000993042714366491,-0.00065
-0.00012298447853199002,-0.000516
-0.0007631537925243026,-0.000334
-0.0005968319396470132,-0.000232
5.614336702116572e-05,-0.000134
-0.0001293553411697005,-0.000116
-9.636304603122065e-05,-0.0001
-8.877669693595237e-05,-8.4e-05
-0.0001837838604446029,-0.000134
-0.0001298445791286054,-0.000166
-0.00011268742432171627,-0.000134
-0.00013022931075497957,-0.00015
-0.0001463330196393502,-0.000132
-0.00013783736584608628,-0.00015
-0.00014171777857599529,-0.000134
-0.00014171775885223712,-0.000134
-0.00022935534722951076,-0.000166
-0.00016318495915082623,-0.0002
-0.0005495944856303974,-0.000234
-0.00018442746639662876,-0.000266
-0.00029651797840919025,-0.00025
-0.0001597479562277725,-0.000216
0.00014805732503857675,-0.00025
-0.00032186922060918697,-0.000218
-0.00012161007775505886,-0.000182
-0.00021709878695693775,-0.0002
-0.00021312488361342204,-0.000184
-0.00019237633816660007,-0.0002
-0.00019171776188214228,-0.000184
-0.00021902524586246529,-0.000182
-0.00018768740914281584,-0.000168
-5.724085980630071e-06,-0.000166
-0.00029390108934980095,-0.0002
-0.0001793412219887739,-0.000184
-9.358931364706318e-05,-0.000182
-0.00025443540747877345,-0.000184
-0.00027258416436451774,-0.000184
-0.00017984461174414774,-0.000182
-0.00019584460324631347,-0.000168
-0.00015113313148779715,-0.00015
-8.768741294488463e-05,-0.000116
-0.00014171775885223712,-0.000116
-5.521517055147555e-07,-0.000118
-0.00012536219730011443,-0.00015
-0.00012536219730011443,-0.00015
-0.00016303012764938885,-0.000116
-9.636304603122065e-05,-0.000116
-5.0653384458628755e-05,-8.4e-05
-8.785165267895711e-05,-0.0001
-8.839646232643522e-05,-8.4e-05
-0.0001087177517243226,-8.2e-05
-8.768741294488463e-05,-8.4e-05
-0.00012119426148584832,-0.000116
-9.646940639701695e-05,-8.4e-05
-9.220503126730144e-05,-6.6e-05
-0.00011348531937183051,-0.0001
0.0008335771309676629,-0.0001
-4.570010776630768e-05,-3.4e-05
-6.312488438558568e-05,-5e-05
-0.00014263041658911738,-1.6e-05
-5.0777165833806545e-05,1.6e-05
2.9044726705656068e-05,1.6e-05
-9.178660306721148e-06,1.8e-05
-4.220503809927537e-05,-5e-05
-0.00011762842297459218,-0.000118
-3.488791337174528e-05,-0.00015
-7.660528412729084e-05,-0.000132
-3.358117987806969e-05,-0.0001
-0.0001041794530414909,-0.000134
-0.0001294527272255409,-0.000184
-0.0001674247190303769,-0.000132
-6.394733551459029e-05,-0.0001
-1.728376396495813e-05,-8.4e-05
-6.303014131333671e-05,-8.4e-05
-5.417945987346483e-05,-5e-05
3.6991662963088424e-06,1.6e-05
1.619719960891017e-05,1.6e-05
-4.844583881191368e-06,1.8e-05
4.582054495361056e-05,5e-05
7.826554155288142e-05,5e-05
3.2722539264755696e-05,6.6e-05
7.479346978784605e-05,8.4e-05
8.28547768411223e-05,8.2e-05
7.01554157327268e-05,8.4e-05
-6.533888251329308e-07,6.6e-05
5.366698261839129e-05,8.4e-05
6.041700738626979e-05,0.00015
9.520407822449258e-05,0.000134
0.00025954285021756007,0.0001
0.0001623125824808829,0.000116
5.69028253975951e-05,0.000116
0.00015404472823231336,0.00015
0.0002320914419740538,0.000134
0.0001322680523065519,0.000134
0.00040383805812023877,0.0001
0.0001290447267173608,0.000132
0.0001246377981256531,0.000118
-9.358632203383947e-06,0.000116
0.00011621389936452034,8.4e-05
7.765645564147387e-06,6.6e-05
0.00020764135855993885,0.000116
9.957456224208806e-05,0.000134
0.00011634708404139369,0.00015
0.00011571623936088758,0.000134
0.00014943654827437433,0.00015
0.0001417949627944213,0.000132
9.01802052708314e-05,0.000184
0.00014948083797328867,0.0002
0.0001658313798289635,0.000266
0.0005807844683499188,0.000318
0.00024067064560681943,0.000366
0.0003824188457252162,0.000384
0.0005607818557123783,0.0004
0.00016959005752360224,0.0004
0.0005864754826300122,0.000416
0.0005152156351708951,0.000384
0.0003407449905110778,0.000366
0.0003764006537450154,0.000484
0.001367209245810019,0.0007
0.0008848919591630225,0.00085
0.0005953491225243648,0.000982
0.0012150914179132543,0.0011
0.001301008187287419,0.00115
0.0011904274106183,0.001234
0.0011142372942307378,0.001266
0.001185864437514029,0.001068
0.0011775885063864992,0.000882
0.001108709987143247,0.000818
0.0007042999672679066,0.000716
0.000515155714393651,0.000384
0.000695243764268165,-0.000134
-0.0006453986171725293,-0.00035
-0.0008884445480178793,-0.0007
-0.00020974569102549096,-0.000816
-0.0005067488419448711,-0.00075
-0.0006584702617504398,-0.000518
-0.0006987453080369427,-0.000432
-0.0006329353321908398,-0.000268
-0.0004963131593004761,-0.0002
-0.00017546875793339733,-0.0002
-0.0003137306062858618,-0.000382
-0.00021993875172094578,-0.000468
-0.0003153900449536238,-0.000466
-0.0003817036472401984,-0.00035
-0.00025454684671229205,-0.000234
-0.00017522909454817877,-0.00015
0.0002926906573271333,-0.000116
-8.768741294488463e-05,-0.0001
-0.00015128419575142886,-3.4e-05
9.52998913106209e-05,8.4e-05
-4.3452260083688286e-05,0.00025
0.00032807046407965645,0.000334
0.00015495423016789045,0.000482
0.0006331971603711392,0.00065
0.0007994809069476927,0.000834
0.000776659256453536,0.00085
0.0007002717446944599,0.00085
0.001139340825752193,0.000984
0.0008779944031496901,0.001116
0.0009472632161191132,0.00125
0.0010463070143840593,0.001334
0.0011942717288708038,0.0014
0.0013277140769205648,0.001266
0.001311022412667774,0.001016
0.0012503956826720826,0.000768
0.0011064998217005634,0.00055
0.0008933540825674401,0.00035
0.00025382678676462265,0.000232
0.00025256777983471816,0.00035
0.0003676657902129703,0.0005
0.00035564165470637664,0.00065
0.00042910139153018375,0.000718
0.0005509789901243039,0.000732
0.0006822051372613891,0.0008
0.0007236783229601614,0.00085
0.0007736782865425502,0.000884
0.0008150805850545498,0.00095
0.0008074320272260925,0.000866
0.0008865554609249624,0.000834
0.0008824482644239035,0.000766
0.000852358882423551,0.000768
0.0008696470720176758,0.000866
0.0008074320272260925,0.001016
0.0008514729701027152,0.001134
0.0009425298297444704,0.001216
0.0010547343450791093,0.001234
0.001147865512917446,0.001234
0.0011740353896992463,0.00125
0.0013860741526302458,0.0013
0.00109312285334657,0.001316
0.0012741564207390337,0.00125
0.001295156069350798,0.00115
0.0012523925948417036,0.001116
0.0009863276970257155,0.0011
0.0011525536924384208,0.001134
0.0011245313602916526,0.00125
0.0011485368307496654,0.001216
0.0011735004024833245,0.00115
0.0011863235277086094,0.00115
0.0010176280388811314,0.001234
0.0016896805416439207,0.001284
0.0012030783868824963,0.0014
0.0012647556042369847,0.0014
0.0013915202767292125,0.001432
0.0013776011417113323,0.00145
0.0014577449248665535,0.0014
0.0014199652495655093,0.001418
0.001424541950405449,0.001416
0.0014205473371158813,0.001416
0.0014123125891953579,0.001418
0.0014169426230773215,0.001416
0.0014164438486813536,0.00135
0.0013992821278244539,0.001116
0.0013219317021927444,0.0008
0.0011645189130794356,0.00045
0.00022823761687012413,0.000184
0.00017080574121874147,0.000216
0.0001497147124354917,0.000168
6.547041913322271e-05,0.00015
0.00020814486665786156,0.000182
0.00031067300486540915,0.000218
0.0002701652182327965,0.000216
0.00020363694256257295,0.000266
0.000219756499486613,0.0003
0.0002491274238727798,0.000418
0.000604951436939622,0.000532
0.0004661972046888285,0.000484
0.0003149906933133903,0.000534
0.0004908289833629742,0.0005
-0.000331104633675433,0.00035
0.000465265454354064,0.000232
0.00014529988447864697,0.00015
-3.1983295473542343e-07,5e-05
0.00036916309958878133,-6.6e-05
-2.2143653593402705e-05,-0.00025
-0.0002752065366286713,-0.000284
-0.00018810793939022302,-0.00035
-0.00035154495595372484,-0.000432
-0.0003307238862482041,-0.000368
-0.00045579906106525713,-0.000516
-0.0004181132708529825,-0.0007
-0.0005070934554471786,-0.0009
-0.00019010398371448566,-0.00105
-0.0007965035906410377,-0.001166
-0.0009833449369618125,-0.00125
-0.0010947586084898739,-0.001318
-0.0011984806455016897,-0.001332
-0.0012681322571691889,-0.001334
-0.0013093528604211577,-0.001366
-0.0013379387397856417,-0.001384
-0.001354546775303898,-0.0014
-0.0013716098773700733,-0.0014
-0.0013878516821470954,-0.001384
-0.0013922049522547698,-0.001382
-0.0013917176965335585,-0.001418
-0.0013963630360518426,-0.001432
-0.0014045378237476055,-0.001434
-0.0014170196490619512,-0.001434
-0.0014296737811274507,-0.00145
-0.001437687465166686,-0.001432
-0.001437687465166686,-0.001484
-0.001444702022513334,-0.0015
-0.0011487000890049047,-0.001484
-0.0015089632888699005,-0.001516
-0.00149633298310424,-0.001534
-0.0015129498548661453,-0.001516
-0.001475638500478493,-0.001516
-0.0015678655312434682,-0.001434
-0.001500963490356399,-0.00145
-0.0014799294435104298,-0.001466
-0.0014672637927701736,-0.0015
-0.0014631080758240784,-0.00155
-0.0014924510319211956,-0.001534
-0.0015133039357723623,-0.001534
-0.0015299553635585374,-0.00155
-0.0015422050796870341,-0.001382
-0.0015016978453196495,-0.001234
-0.001428181560481241,-0.001166
-0.0005526895772060094,-0.00085
-0.0004129387823511874,-0.0004
0.00017080574121874147,0.000182
0.0003664438245008619,0.000368
-0.00018694676230071716,0.00035
0.00011727184230389583,0.000316
0.00030219240029960977,0.0004
0.0006073695696881853,0.0007
0.0008070183016752454,0.0009
0.0005731993421276555,0.001
0.0007443183680134283,0.001166
0.0009373161304114833,0.0013
0.0010876971630610415,0.00135
0.001200636427834094,0.0014
0.0013018380052400907,0.001384
0.0013575490224408482,0.0014
0.0013829912503371673,0.0014
0.0013958206871650587,0.001366
0.0013871483873938491,0.001368
0.0013830871866967842,0.00145
0.0013951562332006737,0.0014
0.0014671395875560614,0.001416
0.001407765552887668,0.001434
0.0006131573092782212,0.00145
0.0014245312206810183,0.001482
0.0014448960798606478,0.001418
0.0014454109488432618,0.001432
0.001444904284944036,0.001418
0.0014368453151561,0.001466
0.0014330108587826684,0.001466
0.0014449745015230318,0.001518
0.0014661213682655898,0.001482
0.0014824709436571154,0.0015
0.0014910146445252202,0.001484
0.001495636946693991,0.00145
0.001478547178106804,0.001484
0.0011256234253326188,0.00145
0.0011369459670382406,0.00145
0.001458131194946063,0.001466
0.001856695014012226,0.001434
0.0014497146728704765,0.001432
0.0013968401687760516,0.00145
0.0014451553289377042,0.001418
0.0014332139345965282,0.001416
0.00142865869320545,0.001416
0.0014246378867650658,0.001418
0.0014169426230773215,0.001432
0.0014203262732345933,0.001484
0.0014368150194635893,0.001466
0.0014493465486484602,0.001468
0.0014620275050250368,0.001466
0.0014708056819299682,0.001466
0.0014664437333687097,0.001434
0.0014581447648916667,0.001484
0.0014620502267944197,0.001466
0.0014620500690043546,0.001516
0.0015225887521436875,0.001468
0.001483000960485985,0.001466
0.0014784674941238987,0.001484
0.001483000960485985,0.001516
0.001483000960485985,0.001484
0.0014870501691380978,0.001532
0.0015034819531535716,0.001518
0.001512061156786337,0.001516
0.001512061156786337,0.001516
0.0015203263581894362,0.001484
0.001499480712681267,0.0015
0.001503666883109938,0.001534
0.001508036721174454,0.001482
0.0015081448073690881,0.0015
0.0015035305524936406,0.001518
0.001508014630565332,0.001482
0.0014951263380431363,0.001468
0.0014915306180382907,0.001382
0.0014612609608884938,0.001368
0.0014237470040571775,0.001316
0.0013821443910574584,0.00125
0.001272369211566009,0.001266
0.0012988534061576062,0.001234
0.0012657361905969158,0.0012
0.0010030046868024463,0.0012
0.001013475951106535,0.0012
0.0012081312192440536,0.001184
0.0013647623952695966,0.0012
0.0011958204383603404,0.001182
0.0011912821594012668,0.001184
0.0011274437704193268,0.0012
0.0007926080450795576,0.001166
0.001182696959746025,0.001168
0.001179155361733529,0.001032
0.0009955645696500643,0.000984
0.001085483605131957,0.000884
0.0010144646636548217,0.000632
0.0003324910119263632,0.00035
0.0007064133285056151,5e-05
0.00047127611185865344,-0.0002
-0.0003599817540526844,-0.000366
-4.8200350520028116e-05,-0.000534
-0.00026784693185703665,-0.000466
-0.0003946166733551077,-0.000184
0.00013178695039788181,0.000218
0.0004370501844051225,0.000416
-1.2513434991309944e-05,0.000366
7.864465190818431e-05,6.8e-05
-0.00046786656911601137,-0.0003
-0.00040087257606847074,-0.00045
-0.000470673812165257,-0.00045
-0.00028824946341472285,-0.00025
8.714834806383178e-05,0.000116
0.000550980370787374,0.000416
-5.026544772155603e-05,0.000518
0.0001925887287471093,0.000382
0.0003543196895404737,6.8e-05
-0.0003462946887731371,-0.0003
0.00015918513408003408,-0.000568
-0.0005438177518974062,-0.000632
-0.00036483600761723903,-0.0005
-0.00030969457310418965,-0.00025
-0.0004910919254918776,1.6e-05
0.0002449150997408086,0.000316
-0.00011203055414233798,0.000684
0.00018287667134153385,0.000734
0.0004302590577907398,0.000616
0.0005834766035466308,0.000584
0.0006530509375297183,0.000432
0.0005888288425568277,0.000218
1.6470872916844913e-05,1.6e-05
0.0003265412022156507,1.6e-05
-0.00041689359309681894,0.0
4.44482706443544e-05,-1.6e-05
-6.680280315250017e-05,-5e-05
-0.00020468283899479595,-0.000134
-4.617945426050289e-05,-8.2e-05
-7.157886187788944e-05,-5e-05
-5.028528489131025e-05,-3.4e-05
-0.00010433301236052792,-8.4e-05
-0.0001759060928227439,-0.00015
-0.00014220505402096474,-0.000132
-0.00027084458806741303,-0.000268
-0.00016017864421062424,-0.0004
-0.00014053815977262395,-0.000532
-0.000336693084413173,-0.000668
-0.0004706930625532064,-0.000732
-0.0005861737335632275,-0.000834
-0.0006942149974761597,-0.0009
-0.0007857223477539441,-0.001034
-0.0008777177427032656,-0.001082
-0.0009649742286256637,-0.00095
-0.0009932581767004658,-0.000768
-0.0011531870861928016,-0.000566
-0.000845930934076964,-0.000384
-0.0002463630649828151,-0.000282
-0.0005045918123066299,-0.000368
-0.0005223493484495703,-0.000566
-0.0004025642433570415,-0.00075
-0.0007505191475318503,-0.00075
-0.0007364650231132266,-0.000584
-0.0006646759872230822,-0.000416
-0.0006284319642836826,-0.000284
-0.00020005189781995767,-0.0002
-0.00035479590466619784,-0.00035
-0.0005838027800441468,-0.000582
-0.00035752046572130007,-0.000834
-0.0004974523246758922,-0.00105
-0.0009318386305223822,-0.001134
-0.000905299998358305,-0.001216
-0.0013602098607424582,-0.00125
-0.0011644208709867714,-0.001266
-0.0012177641693647838,-0.00135
-0.0012717241113174382,-0.001418
-0.0013226787047940396,-0.001432
-0.0013681321843339665,-0.001468
-0.001418061852442327,-0.001466
-0.001446537752131395,-0.001516
-0.0014712435737936167,-0.001484
-0.0014839991648710135,-0.0014
-0.0014675516018490238,-0.001284
-0.0008972609890136116,-0.001232
-0.0013524405935141544,-0.001268
-0.0012975612088518178,-0.001282
-0.0012670196005247194,-0.001284
-0.0012670196005247194,-0.00135
-0.001296789773223255,-0.001416
-0.0013343692129316124,-0.001468
-0.001381216609907155,-0.001482
-0.0014302858487902027,-0.001468
-0.0014591270324801143,-0.00155
-0.0014928437713933767,-0.001582
-0.001521670122817163,-0.001668
-0.0015687766110796969,-0.001766
-0.0016435795161094126,-0.001816
-0.0017102357200749641,-0.001884
-0.001785453297395918,-0.00185
-0.0019468438162618226,-0.0019
-0.0018633039175341818,-0.0019
-0.0018840088143042292,-0.0019
-0.0018880392459385883,-0.0019
-0.001900051961389216,-0.001884
-0.0018961794776100813,-0.001866
-0.001354164765556148,-0.001816
-0.001867283698557625,-0.001768
-0.0018346239952908633,-0.001516
-0.0017448409748451374,-0.00145
-0.0016413974372983275,-0.00125
-0.0007488580915159203,-0.001
-0.0013089839472488157,-0.000734
-0.0005096180175946917,-0.000516
-0.00046714519238562027,-0.000416
-0.0005598415302518947,-0.000584
-0.0005653680483890598,-0.0008
-0.000582493911453652,-0.000734
-0.00048022934182619456,-0.000482
-0.00029648782078298667,-0.000318
-0.0005883069369016297,-0.000382
-0.0004829279858630945,-0.00065
-0.00046110775001747005,-0.000968
-0.0005858617037093753,-0.001266
-0.0008247380715304122,-0.00145
-0.0010910301081451968,-0.0016
-0.0013268431001937186,-0.001734
-0.0015168198140042375,-0.001882
-0.0016704655231019377,-0.001834
-0.001765177116232908,-0.001834
-0.0018223379874473798,-0.0019
-0.0018632259692419933,-0.001966
-0.0018848580404349155,-0.001784
-0.001872700789284602,-0.002616
-0.002074531008370003,-0.000616
-0.0017633961397674571,0.000216
0.000995728040157569,0.000666
0.0003968555321568181,0.0005
0.00017927077387748543,-0.000182
-0.000417658519885194,-0.000484
0.0001132485802556225,-0.000566
-0.0001934008098884037,-0.000868
-0.0005310568748528266,-0.001066
-0.0007517932234129774,-0.00045
-0.0007435359115131364,0.00015
0.00023959911299808212,0.0001
-0.0006028738001369879,-0.0003
-0.0005470608505541376,-0.000616
-0.00017425316299516972,-0.00095
-0.00045112153237368064,-0.001168
-0.0007666760612538167,-0.000932
-0.0009213799105284739,-0.000168
-0.0008138986830043076,0.00055
0.000705417515404396,0.000534
0.0005921812108336817,0.0003
0.0001373125908278094,0.000134
0.0002232048632943582,3.2e-05
0.00024529284915679955,-3.2e-05
-0.00011268742432171627,-0.0001
6.3622385353944035e-06,-0.0003
-0.00010308865032104601,-0.000484
-0.00023339260328418792,-0.000866
-0.0007715417545980954,-0.0009
-0.000643804621934292,-0.00075
-0.0003512842078710494,-0.000368
-0.0007262384912001999,-0.000232
-0.0002170088466197971,-0.0002
-8.803014282828928e-05,-0.000118
-0.00023173533422982183,-6.6e-05
-6.283737116310765e-05,-6.6e-05
-0.00011385972561081584,-6.8e-05
-0.00010890030496783262,-0.0001
-0.00036374153627777924,-0.000282
-5.572330745661871e-05,-0.00015
-0.00020925498364660427,-0.00015
-8.794983754700237e-05,-0.0001
-0.00010484391686775494,-0.0001
-0.00012562205781367332,-1.8e-05
0.00017423439113022085,0.000168
0.00040300555773645935,0.0004
0.0010055143377888018,0.000666
0.0008997146789890362,0.000834
0.0005107003146663022,0.000716
0.0006500614469552139,0.0006
0.0002541209074460792,0.000484
0.0006552671778899106,0.00045
0.000559905253005387,0.000382
-7.90035944989185e-05,0.000334
0.0005777102839579402,0.000316
0.00021140587448698845,0.000334
0.00034089003902847533,0.000334
0.0003292998656485855,0.000382
0.00034089001930471716,0.000434
0.00036997425886624796,0.000466
0.0004027512395989392,0.000418
0.0004242481241535363,0.00015
0.00024316414283525432,-6.8e-05
-0.0002091179824225299,-0.0002
-0.00043451365464548943,-0.000282
-0.0006491604112209549,-0.000334
-0.00035479590466619784,-0.000366
-0.00029705700899553184,-0.000284
-0.00031737843645972627,-0.000184
-0.00029370825016641834,3.4e-05
0.00022761825141685835,0.000234
0.0004153172853605636,0.000332
0.0008387924870963342,0.000268
0.00021423828505162695,0.000132
-3.768741484591903e-05,-6.6e-05
0.00016272006546227721,-0.000316
-0.0008693862694727997,-0.000618
-0.00047545812528342995,-0.000516
0.00031071176205016383,-8.4e-05
0.00018556575921761253,5e-05
-2.135534922068643e-05,-3.2e-05
-0.00015093486827092475,-0.000218
-7.341541989379253e-05,-0.000482
-0.00017556806705565684,-0.000618
-0.00034314318724923057,-0.0007
-0.0005090333659557609,-0.000682
-0.0006226224496646547,-0.000668
-0.0006677575483006069,-0.000632
-0.0006711209224345058,-0.000618
-0.0006506458468943627,-0.000632
-0.0002804680660751598,-0.00045
-0.00015988170303175297,-0.000284
-0.00014234053651566197,-0.000184
-0.00039171937162617255,-0.0001
-0.00015954527488907562,-1.6e-05
-0.00014846468452461712,-1.6e-05
-8.072775667903295e-05,8.2e-05
-0.00012586158313258484,0.000168
5.259556095579352e-05,0.00015
0.00017479346105483772,0.00015
0.00013668319584352696,0.000182
0.00029103670186413555,0.000268
0.00023651465252811008,0.000316
0.00023731257716386154,0.000234
0.00024872782053276437,0.000216
0.000253820573780807,0.000284
0.0002615146540430627,0.000282
0.00022477087051978788,0.000218
0.00024917973127938,0.000282
0.0005934952470488104,0.000334
0.00027797904143074976,0.000334
0.0004164188178054393,0.000316
0.00029475648430771255,0.00025
0.0003076413646197491,0.000166
0.0002648647738114882,0.000168
7.2821468724762e-05,0.000166
0.0002038205510271437,0.000184
0.00022344886590636861,0.000166
0.00019563694681149009,0.00015
0.00016619719637127672,0.000184
0.00017064465728597217,0.000282
0.0001942252286841488,0.000418
0.00045828225778286636,0.000466
0.00033473742963651705,0.000516
0.0003303468619021906,0.000518
0.0006041554255084106,0.000566
0.00038586446793057924,0.00055
0.0006114755433162392,0.00055
-0.0004462516970401915,0.000534
0.0005497146972272166,0.00055
0.0005458205173141224,0.000532
0.0005035645745496121,0.000518
0.0005332138800582359,0.000516
0.0005286587570097065,0.0005
0.0005121483540942673,0.000484
0.0005740938934545587,0.0005
0.0002981546905984953,0.000532
0.0005412822383550488,0.000518
0.0005080474297482985,0.000432
0.0010882521107202063,0.000468
0.0005915306029475144,0.000466
0.0004702375770972925,0.000266
-2.1610081557127657e-05,0.0
0.0002952473889241807,-0.000216
-0.00027640558333381535,-0.000284
-0.000150285286020181,-0.00015
3.34438392574003e-05,3.4e-05
0.00023716263715444408,0.000216
0.00023696064614728228,0.00025
0.00018269693859543858,0.000184
-2.852892578144221e-07,-1.6e-05
-0.0003006533798843963,-0.000218
4.545907380176362e-05,-0.000316
-9.626984141210698e-05,-0.000366
-0.00043793880358989815,-0.000468
-0.00034423576510790853,-0.00045
-0.0004091939112872501,-0.000482
-0.0002495354342428389,-0.000468
-0.00047103475693930844,-0.0005
-0.0005379498549542695,-0.000516
-0.0003729897303393032,-0.000534
-0.0005419633241566239,-0.00055
-0.00047154177586618094,-0.000566
-0.0001257099666037251,-0.00055
-0.0005502852905356639,-0.00055
-0.0003570600343111658,-0.000566
-0.0005582050894861296,-0.000568
-0.0005587177494078316,-0.000532
-0.0002675090047087403,-0.0005
-0.0005421938554418214,-0.00055
-0.0005488187896700752,-0.000568
-0.0005381248441365309,-0.000566
-0.000546682864453049,-0.000534
-0.0004889775780662619,-0.000516
-0.0005465468494168819,-0.0005
-0.0005296100977453828,-0.000516
-0.0005168027909741301,-0.000584
-0.0005298055207410824,-0.000616
-0.0003506294185481554,-0.0006
-0.0002493109778751501,-0.00055
-0.0005881079241819478,-0.00055
-0.0005797344787941496,-0.000534
-0.0005591179839081077,-0.000516
-0.0005378516306387079,-0.000534
-0.000587851633668613,-0.000534
-0.0005252291354812728,-0.000516
-0.0009472039114874454,-0.000516
-0.0005252291354812728,-0.000518
-0.0005211942857250894,-0.000466
-0.0005045468421380595,-0.000234
-3.128409183324161e-05,0.000118
-0.00028121965960302886,0.000232
0.00039538540211973074,0.000434
0.00013148673507515848,0.000384
6.61972026388153e-05,0.0001
-6.680280315250017e-05,-0.0001
0.0001991165924996531,-0.00015
5.3294637512132096e-05,0.000316
0.0005408653175553822,0.000584
0.0005915534036119299,0.000616
0.0009511641021099766,0.00075
0.0005625952580362194,0.000934
0.0008779593737552248,0.00095
0.0008090776198156368,0.000882
0.000877050187399778,0.000868
0.0009076471011447147,0.000782
0.0003358917034106722,0.00075
0.0006405380275725362,0.0007
0.0007734833369170462,0.000618
0.0007109644673549991,0.000616
0.0005780290198895617,0.0006
0.0005873125589256812,0.000566
0.0005994808553805559,0.000518
0.0005740678186462912,0.000482
0.0008402551221053265,0.000518
0.0005334437801831726,0.000516
0.0005448961436649041,0.0005
0.0005036369607420038,0.000466
0.0004994808493207456,0.00025
0.00043034177923239946,-5e-05
-0.00022995526505724569,-0.0002
0.00011008322279161923,-0.000182
0.00010725350945090704,-1.8e-05
4.910998951104287e-05,0.0001
0.00010752023383230037,6.8e-05
-1.0711499567360423e-05,-6.8e-05
1.8840898186557918e-05,-0.000166
-0.00014729561793185331,-3.4e-05
0.00011231257945097776,0.000134
0.0001166969440633677,0.000116
9.475438986453294e-06,1.8e-05
-0.0002668027955483626,-0.000268
-0.00047583772873268645,-0.000416
-0.000142804340688439,-0.000484
-0.0005211942857250894,-0.000516
-0.00041358114570645016,-0.000534
-0.0004886169094248245,-0.000532
-0.0005140097095832325,-0.00055
-0.0005333030164303665,-0.000568
-0.0005463630634384878,-0.000582
-0.0005584693483977549,-0.0006
-0.0005754581707907564,-0.0006
-0.00048805837204167756,-0.0006
-0.0005957001509571432,-0.000584
-0.000596179438280064,-0.0006
-0.0006467897732820046,-0.000566
-0.00039830856640466785,-0.000584
0.00010194564889653622,-0.0004
-0.0002087177873697701,-0.000216
-0.00044518606183513947,-0.000118
-0.00026728373966696754,-0.000216
0.000354743237522877,-0.0003
-0.000346435437511259,-0.000334
-0.000483786087684946,-0.00035
-0.0003012841851173861,-0.000316
-0.00027188061791148956,-0.00025
-0.00037032840365281344,-0.000284
-0.0003009218991277808,-0.000332
-0.00037608462467733384,-0.000318
-3.378609493237647e-05,-1.6e-05
7.904472368745568e-05,1.6e-05
8.621131669282399e-05,0.0001
6.557252409819926e-05,0.000118
5.3109872742240086e-05,0.0001
9.553059517870213e-05,0.0001
7.847791218776696e-05,0.000116
9.582053935437152e-05,0.0001
0.00010382054003639392,6.6e-05
0.00011943547940111562,8.4e-05
-1.2851648134099416e-05,1.6e-05
-5.510387297019944e-05,0.0
4.064136959378631e-05,-1.6e-05
-2.0955272510475525e-05,-5e-05
4.299892798127695e-06,0.0
3.3854007517399617e-06,0.0
-2.1341222078915154e-05,-1.6e-05
-6.75470495804603e-05,-3.4e-05
-1.2851648134099416e-05,1.6e-05
0.00016619719637127672,6.8e-05
0.00011619719334137161,6.6e-05
-9.109952595223433e-06,5e-05
7.854726585234393e-05,8.4e-05
7.080574502081027e-05,8.2e-05
0.00011055708115011062,6.8e-05
3.702749695140548e-05,6.6e-05
7.479346485690652e-05,6.6e-05
3.212146204986233e-05,6.8e-05
4.971471130662095e-05,5e-05
1.619719960891017e-05,1.6e-05
-7.083000995240247e-05,0.0
8.014660476196367e-06,-3.4e-05
-3.7851649649051975e-05,-6.6e-05
-0.00020896330871115768,-0.000184
-7.27188457892686e-05,-0.000332
-0.00037954176555745353,-0.000418
-0.00043450935486621386,-0.0005
-0.0005333030164303665,-0.0005
-0.0005170575035868131,-0.000516
-0.0005005191718298409,-0.00055
-0.0005170088253517116,-0.00055
-0.0005295417746471689,-0.00055
-0.000541868729012561,-0.000566
-0.0005541794310012418,-0.000568
-0.0005587177494078316,-0.000582
-0.0005545468451679647,-0.000568
-0.000571166991073722,-0.000566
-0.000571166991073722,-0.000566
-0.0005465467705218492,-0.0006
-0.0005753622344311397,-0.0006
-0.0006291942875359826,-0.000634
-0.00021061434505794996,-0.000616
-0.0006213553559939109,-0.000634
-0.0006128516549073238,-0.000634
-0.0006297001230373663,-0.000632
-0.000505023092002226,-0.000634
-0.0006335561572022082,-0.000616
-0.0006291942875359826,-0.0006
-0.0007178184188481472,-0.0006
-0.0006128516549073238,-0.0006
-0.00013705683756501865,-0.000584
-0.000596179438280064,-0.00055
-0.0005840088538692445,-0.000584
-0.0009527813958156569,-0.000566
-0.0005713553135164894,-0.000484
-0.0005469378137508298,-0.000382
-0.0005059815483055187,-0.000334
-0.0004105604521465605,-0.000334
-0.0003850194476694518,-0.000316
-0.00022961005984219386,-0.000334
-0.00032970010485793553,-0.000332
-0.00032919426935655176,-0.0004
-0.0003552364150806058,-0.000434
-0.00037608462467733384,-0.000434
-0.00040103383751506334,-0.000382
-0.00041305838722057803,-0.000368
-0.0004052435186634431,-0.000282
-0.00013111930589375134,-0.000284
-6.022165566732796e-05,-0.000216
-0.0002503198481042611,-0.000268
-0.00022967380702851813,-0.00025
-0.0002587177706759171,-0.00025
-0.00024646939576297423,-0.000232
-0.00023768741217272096,-0.000234
-0.0002503198481042611,-0.000234
-0.00022945274314723022,-0.00025
-0.00023768741217272096,-0.000216
-0.00022945274314723022,-0.0002
4.614540141393129e-05,-0.0002
-0.00035228365014376717,-0.000266
-0.00022117320257195988,-0.000268
-0.00026268741368767353,-0.000232
-0.000191963302947288,-0.000184
-0.00017919426026683635,-0.000184
4.731859766855668e-05,-0.000166
-0.00015484459050543704,-0.000166
-0.00035114665438174697,-0.000168
-0.00017119424479199532,-0.000166
-0.00016655614389295047,-0.0002
-0.00017536221019189864,-0.000166
-0.00017536221019189864,-0.000168
-0.0003389259321777232,-0.00015
-0.00017145274436624223,-0.000182
-0.00022145274739614738,-0.000184
-0.00015031984204445084,-0.00015
-0.00011700885042186588,-0.000134
0.00011448909616226616,-0.000116
-0.00015048865769041295,-8.4e-05
-5.4546834592671505e-05,-6.6e-05
-1.3124891217559619e-05,-6.6e-05
-8.350899395316454e-05,-0.000118
-7.967379793880271e-05,-0.0001
-8.805838724995276e-05,-8.2e-05
-0.00014344970205493974,-5e-05
-0.0002097233045599965,-0.000118
-8.812488590053824e-05,-0.000132
-0.00010820503263134623,-0.0001
-0.0001007708128826495,-5e-05
4.4976940093995554e-05,-1.8e-05
-1.2687413330966464e-05,1.8e-05
1.649100964117596e-05,-1.8e-05
8.131279661697785e-06,-1.6e-05
-8.883435094808468e-06,-5e-05
-5.028528982224979e-05,-5e-05
-2.6439290879777864e-05,-8.4e-05
-5.059837489716266e-05,-0.0001
-0.00023111202402492707,-0.000116
-0.00014171775885223712,-0.000134
-0.00010896330265134739,-0.000132
-0.00012084457897769761,-0.000134
-0.00015128419575142886,-0.00015
-0.00013355615648879412,-0.000116
-0.00013330305136239986,-0.000118
-0.00021036464227983567,-0.000116
-0.00017116704572951353,-0.000116
-0.00016305837207105232,-0.000134
1.0602350977121936e-05,-0.00015
-0.0001880393401593951,-0.00015
-0.00026459769911152224,-0.00015
-0.0001461794504584341,-0.00015
-0.00011655617044868255,-0.000134
-0.00011268741445983719,-0.000132
-0.00015051913089674678,-0.00015
-0.00012536219730011443,-0.000134
-0.00013768740611291071,-0.000116
-0.00013305751029725414,-0.000118
-0.00017145274436624223,-0.000132
-0.00014673151844890952,-0.000134
-0.00013380280208439595,-0.000134
-0.00017536221019189864,-0.00015
-0.00018005393998933944,-0.000132
-0.00013768742583666885,-0.000118
-0.00013378609606124722,-0.000116
-9.171775582233197e-05,-0.0001
-0.0002529453761697179,-0.000116
-0.00036910044191822903,-0.000134
-0.0001291942572369312,-0.000116
-0.00012178621091529271,-0.000134
-0.0001461794504584341,-0.00015
-0.0001668027894885523,-0.00015
-0.00016765292291211328,-0.000166
-0.0001206738008178001,-0.00015
0.00010958641584052624,-0.00015
-0.0001671686257546237,-0.00015
-0.00022148781623812898,-0.000168
-0.00015470011397702573,-0.00015
-0.00039890777417710957,-0.00015
-0.00015470011397702573,-0.000116
-8.768742280676371e-05,-8.4e-05
-0.00013039920134576055,-3.2e-05
-5.087256472101383e-05,1.6e-05
-0.00010211598305000993,6.6e-05
7.479346978784605e-05,8.4e-05
0.0001331971991052413,0.0001
9.948083494338355e-05,0.000116
0.00036834038218904174,0.00015
0.00015366697881632248,0.000168
7.423439493228967e-05,0.0002
0.00029302138530370677,0.000232
0.0001867217390968472,0.000284
0.0005439103107853063,0.000366
0.0002689429961118322,0.000368
0.0003110727857192479,0.000316
0.00020484809965521796,0.00035
0.00026914622971575716,0.000366
0.0003494808599547883,0.000418
0.00020147910425024777,0.00045
0.0005196470113608234,0.000516
0.00043615164887907397,0.0005
0.00047477088566931356,0.000484
0.0004868921212372545,0.000466
0.00036522765757364807,0.00045
0.0004745312420078532,0.0005
0.0006703060306576759,0.0006
0.0005025536924971703,0.000716
0.0005639748560234217,0.0008
0.0006511780483513123,0.000768
0.0007191143242204669,0.0006
0.0007191143242204669,0.000432
0.0006463544060593985,0.000234
0.0005035886375345488,8.4e-05
-7.522910821212664e-05,-3.4e-05
-8.409876390733391e-05,-5e-05
-2.852892578144221e-07,1.6e-05
-9.294299567829242e-05,-5e-05
-4.643542426276771e-05,-3.2e-05
-2.9341222760937557e-05,-1.8e-05
0.00021693400997232137,0.0
0.00026638888777461814,1.6e-05
-8.952564401636533e-06,3.4e-05
7.641368629546217e-06,1.6e-05
0.00012426219859930002,6.6e-05
3.2491008539750996e-05,6.8e-05
0.00012403539510439195,0.0001
0.00014994810366562015,0.0001
0.0001623125824808829,0.0001
4.582054495361056e-05,0.000116
7.479346978784605e-05,0.0001
0.00010382054003639392,6.6e-05
7.880574077189314e-05,6.8e-05
7.548960357167647e-06,5e-05
-4.363048049842075e-06,6.6e-05
8.294248346265308e-05,8.4e-05
6.216262408430635e-05,8.2e-05
8.714834806383178e-05,8.4e-05
2.797423864711815e-05,8.4e-05
0.00017426220162920515,8.2e-05
7.479346978784605e-05,6.8e-05
7.479346485690652e-05,6.6e-05
7.477088608477016e-05,6.6e-05
0.00017780945049840975,8.4e-05
9.128223080966073e-05,8.4e-05
7.477088608477016e-05,6.6e-05
0.00019022604934457039,6.6e-05
0.0002685670415578325,5e-05
2.932620126073566e-05,5e-05
3.1064456759458014e-05,6.8e-05
-7.990337262173014e-05,5e-05
8.344383673999846e-05,8.2e-05
8.294248346265308e-05,6.8e-05
8.731258286696473e-05,8.2e-05
-0.0001516704066596639,8.4e-05
7.431760946790294e-05,8.4e-05
-8.849724726669084e-06,8.2e-05
8.294248346265308e-05,8.4e-05
7.883296448907263e-05,8.4e-05
8.714834806383178e-05,8.2e-05
5.779495809865583e-05,6.8e-05
7.038991888972068e-05,6.6e-05
9.179495976451616e-05,6.6e-05
1.97499088772837e-05,5e-05
4.1282236408899776e-05,6.8e-05
2.045824203986664e-05,6.6e-05
0.00010779496112856097,8.4e-05
8.344383673999846e-05,8.2e-05
0.00010429989146152867,0.0001
8.269694239750737e-05,0.000118
9.515540985127006e-05,0.0001
0.00019065945920604616,0.000116
0.0001082822316425909,0.000116
7.045824198793457e-05,0.0001
6.97185911956222e-05,8.4e-05
9.128223080966073e-05,0.0001
9.971470940558655e-05,0.0001
0.0002519919644394363,8.4e-05
0.00025396520809928345,8.2e-05
-4.693777358989939e-05,0.0001
9.128223080966073e-05,8.4e-05
0.0001327225370036055,0.0001
7.865877411901605e-05,0.0001
9.510516357739596e-05,0.000116
0.00014128224370144494,0.000118
-7.077513845724339e-05,0.000116
9.968016817413532e-05,0.000116
0.0005809762227266034,0.0001
5.2223975214222905e-05,8.4e-05
7.032620375450339e-05,8.4e-05
6.231258628295171e-05,6.6e-05
9.128223574060026e-05,0.0001
9.128223574060026e-05,8.4e-05
5.506291534120234e-06,8.2e-05
8.269694239750737e-05,8.4e-05
0.00014529988447864697,8.4e-05
8.731258286696473e-05,0.0001
0.00011205015484886004,0.0001
7.579845296952775e-06,8.2e-05
4.971471130662095e-05,6.8e-05
7.838991957174308e-05,5e-05
7.454186859801032e-05,5e-05
3.820546303932482e-06,1.6e-05
-0.0001651066054593664,3.4e-05
7.463780002668753e-05,8.2e-05
4.489612322773177e-05,0.000118
0.00017826553281987306,0.0002
0.0004576413934332227,0.000316
0.00017676986051598807,0.000416
0.0006470785046684137,0.000584
0.00037550610241811214,0.000784
0.0005205967497630161,0.000966
0.0006823684894263451,0.001134
-0.0005399763922086241,0.00125
0.0010291379562891298,0.0014
0.0011835598347173476,0.001466
0.0013092907455976857,0.001534
0.0014098933519163385,0.00155
0.0014860224824437165,0.001582
0.000894097747144535,0.00135
0.0015017536785698839,0.001068
0.0013824222593622037,0.000816
0.0006484549863018291,0.000584
0.0009474238464054452,0.000382
0.00017838991083873475,0.000218
0.00011619720320325068,0.000116
-0.0002350581957644911,-1.6e-05
-0.00011285166405578874,-0.0001
-0.00015443542114272133,-0.000168
-4.4626967671281527e-05,-0.000266
-0.000595873680581302,-0.00055
-0.0009221863755515021,-0.000816
-0.000456289393692739,-0.00105
-0.0011339740944888335,-0.0012
-0.0009100989465050215,-0.001318
-0.0013754687912036043,-0.00135
-0.0012324197106167614,-0.001366
-0.0013101121462147033,-0.0014
-0.0008320422525416597,-0.001334
-0.0013631079908692355,-0.001316
-0.001544349288882481,-0.00135
-0.001350777012857182,-0.001366
-0.0013419631753975247,-0.0012
-0.0013096103738074974,-0.00095
-0.0005804410232584157,-0.000684
-0.0010563981868540115,-0.000534
-0.0008483176666025607,-0.0004
-0.0002548445965652473,-0.00035
-0.000463495902653653,-0.0004
-0.0003423474913981495,-0.000382
-0.0003670088162619962,-0.000318
-0.000309117968758582,-0.000232
-0.0001670088238661338,-0.000118
-8.855131501870549e-06,0.0
0.00010764136729294719,0.0001
0.00013257528928717485,0.000168
0.0001538205381353595,0.000166
0.00031016643958497396,0.00015
0.00028379250080140663,6.6e-05
0.0001364606132328619,5e-05
0.0001654482655507572,8.4e-05
0.00012854726395130953,0.00015
0.00020356457609393936,0.000234
0.0003373125832236718,0.00035
0.0003204582571374602,0.000382
0.0002828547938916824,0.00025
0.00020724857964024153,0.000218
0.00019566698609514474,0.000216
0.00016151466770701053,0.000216
0.00023731257716386154,0.000218
0.00037932616044809777,0.000382
0.00025622397288203603,0.000634
0.000629044717568896,0.000666
0.0006817869935887175,0.000784
0.0006128680406412683,0.001
0.0007674406874767457,0.001134
0.0008914799310685129,0.00105
0.0009887939557441522,0.00085
0.0007617740517617194,0.000682
0.000924635489615037,0.000518
0.0003034778962367029,0.000366
0.000465513618679043,0.00035
0.00024537744435548293,0.000266
-9.921523952527847e-05,0.000168
3.4531592573769586e-06,0.0
0.00019277101571988435,-0.0002
-0.00035479590466619784,-0.000318
-0.00031318496824054166,-0.000282
-0.00022989790836856034,-0.000234
-0.0002505191566803152,-0.000234
-0.00024263042264892766,-0.000232
-0.00019253047933650238,-0.000234
-0.0002211942675456586,-0.000216
-0.00020896332843491582,-0.0002
-0.00022084460476126606,-0.000218
-0.00020028528905008614,-0.000216
-0.00017522911427193694,-0.000166
-0.00014171777857599529,-0.000134
-0.00021540595596663647,-6.6e-05
9.895318003455196e-05,1.6e-05
-8.923198044521082e-05,0.000166
0.0004575593425993399,0.00045
0.00013662535592276706,0.000734
0.0003346801518428643,0.000966
0.0005715507909743895,0.00115
0.000818505260628763,0.001268
0.0010244981394231262,0.001382
0.001675311704940337,0.001434
0.001305785675985274,0.001484
0.0013900116459162261,0.001482
0.001444462946131786,0.001468
0.0014665006955822321,0.001482
0.001478832778124742,0.001484
0.001478832778124742,0.00145
0.0014706586215892398,0.001316
0.0014312911048624994,0.000884
0.0012775723389646305,0.0008
0.0011056507533599423,0.000634
0.0009022541522977068,0.00055
0.000465991170311247,0.0005
0.00039994809909138767,0.0004
0.00017361291523483358,0.000332
0.00021601085919610805,0.000234
0.00018716263412453895,0.000216
0.00022897451619817528,0.00025
0.0002708329660647917,0.0003
0.00015363694939454688,0.000234
0.00023319717557941435,0.000234
0.00020828222290958254,0.000216
0.00017463780115555826,0.00015
9.545315970422529e-05,0.000116
-0.00012611093088305252,5e-05
5.692021682133935e-05,-3.2e-05
-5.417945987346483e-05,-8.4e-05
-0.000183652914414279,-0.00015
-0.0001918687078032251,-0.000184
-0.0004185126375079002,-0.000482
-0.0005130393401300203,-0.00055
-0.00034587816244863336,-0.000834
-0.0005182302387985919,-0.001116
-0.0013271268067308747,-0.00135
-0.0009699428010924262,-0.001484
-0.001202125596006865,-0.0016
-0.0013919632178749461,-0.00165
-0.0015238678228446992,-0.001684
-0.0016063781413971766,-0.001666
-0.00165077695214158,-0.00165
-0.0016628516790878154,-0.0016
-0.0016507771099316454,-0.001534
-0.0016137767597624217,-0.001432
-0.0015560233868532774,-0.001168
-0.0014375806412925734,-0.0009
-0.001264608094958893,-0.000666
-0.0010486169275807555,-0.000466
-0.0008065009324844208,-0.000318
-0.00025028527235623315,-0.00025
-0.00015031984204445084,-0.000182
-0.00018921809111740803,-0.000134
-0.00022272492979649267,-0.000134
-0.00020896330871115768,-0.0002
-0.00016322592539649315,-0.000232
-0.00024217137190186354,-0.000268
-0.0002211942675456586,-0.000232
-0.00023359889407062527,-0.000168
-3.330305516446863e-05,-5e-05
-0.00018155625919971926,0.000118
-8.630194713963419e-05,0.000316
0.0003567872894744643,0.000516
0.00021973930036951067,0.000618
0.000495636964990921,0.000532
0.0004997146941973113,0.000518
0.00034283409152626804,0.000566
0.0004615865395373632,0.000516
0.00017639476394546767,0.0004
0.0004984839711365867,0.0003
0.0009207207180984396,0.000268
0.00036859813226047914,0.000216
0.00019074500114512052,0.00015
9.496523830617659e-05,0.000134
0.00016619719637127672,0.000166
0.00019582055527606084,0.000216
0.00026619719256920795,0.000234
0.0003406292514982836,0.000316
0.0004169424835841861,0.0004
0.0002896865120003272,0.00045
0.0004623126105221928,0.00045
0.0005861081079108055,0.000484
0.00027680376185417035,0.000484
0.0003363617994622975,0.000466
0.00047065879767623474,0.000484
0.0004623125710746765,0.00045
0.00048681500134290797,0.000466
0.0004478799871847687,0.000466
0.0005939766645376109,0.0005
0.0004497147306149225,0.00045
0.00036671364551228394,0.0004
0.0004531052051925125,0.0003
0.00035189800651544434,0.000168
2.8965238342367633e-05,5e-05
0.00022621845630131564,-0.000134
9.204371087129995e-05,-0.00015
-0.0003004886470563702,-0.000266
-0.000127806099138694,-0.00025
-2.2277725839392585e-05,-0.0001
-0.00019321272413073406,0.000232
0.000258047434322531,0.00025
0.0002161971895393028,0.0002
0.0003408653448832779,0.0003
0.00024460080165476984,0.000168
0.00022825647278291064,0.0001
-0.00018061865090878573,-5e-05
0.00012637191094175168,-0.00015
-0.0006272320497331802,-0.00035
-0.00011655337953690504,-0.000468
-0.00025856414232372656,-0.000432
-0.00029584460930612375,-0.000334
-0.00046119658582415463,-0.000316
-0.0003500519069096731,-0.00025
-0.00024220504035701688,-0.00025
-0.0002884445313827758,-0.000168
-0.0002473022708981584,1.8e-05
7.021379066042636e-05,5e-05
-9.061035555940817e-05,0.000182
0.0003623125650148662,0.000334
0.00014290657407970903,0.000484
0.0005537706908521313,0.000582
0.00039173962321671337,0.0007
0.0005216721285045917,0.000784
0.0009480258943990597,0.00085
0.000726516335072113,0.00095
0.0008187305059467777,0.000916
0.0008734206214259557,0.001034
0.0009358550733031426,0.001166
0.0010141089259529206,0.001218
0.001307821404510924,0.001266
0.0011688509604233462,0.001266
0.0012279741877831694,0.00125
0.0012495113482518985,0.001184
0.001240659483386538,0.001066
0.0011895478099000704,0.000884
0.001092552600051085,0.000634
0.0009368554623162513,0.0004
0.0007397551582240596,0.00025
0.000536042977031506,0.000166
0.00035809219358957196,0.000166
0.00024312984321984036,0.000234
0.0002030459793210358,0.000316
0.00042453127842546434,0.00035
0.00026472073120575607,0.000384
0.0003871483662432626,0.000334
0.00032453123291813777,0.000332
0.0003166969364592301,0.0003
0.0002535645791238445,0.000268
4.156913696214043e-05,0.0002
0.00027378746669234704,0.000132
-0.0004687853806654328,5e-05
0.00016049552139990603,-6.6e-05
-0.0004212010251905647,-0.000116
-0.00015844658266537276,-0.000184
-0.00017082998642657554,-0.000234
-0.00028810792572627516,-0.000316
-0.00012183248285190062,-0.000366
-0.0005589003125132207,-0.000418
-0.00017304549700771638,-0.000416
-0.00038004061884845404,-0.000434
-0.00021431008424034837,-0.000366
-0.000155173208039889,-0.00025
-0.0002478150491624092,-0.000184
-0.000428956722473265,-0.000182
-0.0002473543613434191,-0.000234
-0.00021324679616251558,-0.000334
-0.0002350295371439066,-0.000332
-0.0006470644857854465,-0.00035
-0.0004665561620723813,-0.000434
-0.0003635393677567941,-0.000734
-0.0004665025528977435,-0.0011
-0.0011804002708854337,-0.0013
-0.0009002654696443061,-0.001466
-0.001156767106086164,-0.00155
-0.0013582662027198285,-0.001616
-0.001630120812501667,-0.0016
-0.0015594497981182075,-0.001584
-0.0015881079453325343,-0.001584
-0.0015963330680590828,-0.0015
-0.0015679740908082977,-0.001366
-0.0015107108138415375,-0.001166
-0.0014079151623022708,-0.000918
-0.0012429413099516355,-0.000716
-0.0010475991816604792,-0.000516
-0.0008349747020076091,-0.00035
-0.0006302840251734876,-0.000234
-0.0004584995591354226,-0.00015
-0.00010433301236052792,-6.6e-05
-0.00025263048637093474,0.0
-0.0001146830149995416,0.0001
5.788203355992597e-05,0.000132
3.954332948683713e-05,0.000218
0.00022932619080589863,0.000232
0.000303820557086954,0.0003
9.15831709804959e-05,0.0004
0.00044556457576862404,0.000434
0.0003395121570082316,0.000534
0.0004149264393691645,0.000766
0.0005299542134446628,0.000884
0.0006500599479495949,0.000866
0.0007590437313692388,0.00085
0.00084037756719589,0.000816
0.0008533774961891857,0.000784
0.000828213846652905,0.00075
0.0004072966980059775,0.00065
0.0006147458213116942,0.0006
0.0005614332131013551,0.000584
0.0006443925627317591,0.000532
0.0002434374746756262,0.00045
0.0005400483989405373,0.000318
-0.0004055354697315037,0.000216
0.0001246377981256531,0.00015
0.0005932100020585191,0.00015
0.0001402729099640175,0.000166
0.00018731258399583547,0.000184
0.00017463780115555826,0.0002
0.00019566698609514474,0.000216
-2.770956993746216e-05,0.000218
0.00021644383513490462,0.000216
0.0001494808281114096,0.000184
0.0002042998777975808,0.000182
6.987905383000993e-05,0.00015
0.00020753058993419716,0.0002
0.00023706121759006307,0.000218
0.00020828222290958254,0.000216
0.00019531716552068703,0.0002
0.00021158656383535378,0.0002
0.00016563075962299276,0.00015
0.00019088203195483214,8.4e-05
3.269694676401154e-05,5e-05
4.152023313655507e-05,1.6e-05
-9.587367986788781e-05,-3.4e-05
-0.0001343324441618606,-5e-05
-8.793876265680401e-05,-3.2e-05
-7.197095046605167e-05,-8.4e-05
-0.00013350898712119062,-8.4e-05
-8.867646079706004e-05,-0.000116
-7.974856084405093e-05,-0.000116
-0.00013768742583666885,-0.000134
-0.00010051915745247886,-0.00015
5.66898482571466e-05,-0.000184
-0.0001670088238661338,-0.000166
-0.00015896330568125253,-0.000166
-0.0003130583811607677,-0.00025
-0.00019235862623178597,-0.000334
-0.0002307277657687484,-0.00045
-0.0003026043948688142,-0.000484
-0.0003818110628270555,-0.0005
-0.0004436104491394933,-0.000482
-0.00047945273857299774,-0.000418
-0.000471779881074506,-0.000382
-0.0002672774675118775,-0.000334
-0.00027134121257374314,-0.000366
-0.0003757518454299133,-0.000368
-0.0003505191627401255,-0.000366
-0.0004088687454104735,-0.000366
-0.00044673149718082403,-0.000384
-0.0004339127900773636,-0.000416
-0.00038350896282320004,-0.000434
-0.0004006608612485435,-0.000484
-0.00043039919980143325,-0.000482
-0.0006767741459939936,-0.000468
-0.00046749927329183726,-0.000482
-0.0004547381990096762,-0.000468
-0.00047518112482404306,-0.000466
-0.00021106475679894663,-0.000466
-8.690091822697815e-05,-0.00045
-0.0004626873863597778,-0.00045
-0.00045820508342631945,-0.000434
-0.00045028528447585366,-0.000434
-0.0005719295115636033,-0.000382
-0.0004256386735355831,-0.000368
-0.0004052435186634431,-0.000332
-0.0003804316226299183,-0.000318
-0.000350645828714932,-0.000316
-0.00033401960789166606,-0.000316
0.00021241188477116846,-0.000334
-0.0003211942736054689,-0.000316
0.0001717795031583546,-0.000284
-6.112799193972278e-05,-0.0003
0.00010830294158864303,-0.000316
-0.00012356359765676117,-0.0003
-0.0002668027955483626,-0.00025
-0.00018904872320621788,-0.0002
-0.00015417944620951696,-0.000118
-0.00021866729909965186,-3.2e-05
0.00021996945690330337,8.2e-05
0.0001283899078088296,0.000134
0.00021669693039941983,0.0002
0.00026551528307886473,0.000266
0.00025779495049451826,0.000268
0.00030334622042732756,0.000382
0.0002773760664205024,0.000518
0.00035593642627185197,0.000716
0.000466862408156023,0.000866
0.0006159145328768114,0.000734
0.00043136773023606394,0.000534
0.0007575231874063331,0.0004
0.0003541554103588849,0.000332
0.0005148173730464336,0.000318
0.00036804764217065534,0.000316
0.00045743200601675656,0.00035
0.0003286587843376022,0.000466
0.0006247934192908305,0.0006
0.00043023961016520895,0.00065
0.000513590200262175,0.000534
0.0002899374770989628,0.0004
0.0005436736256875677,0.0003
0.0004677126204746165,0.0003
0.00021901701634624487,0.0004
0.0005575431751774715,0.000516
0.0006827894733201895,0.000734
0.0004834940727365369,0.000984
0.0006529722791822365,0.001182
0.0014027923256139834,0.0013
0.0010446797254420736,0.00145
0.0012247749942120684,0.001534
0.0013631385777090443,0.001484
0.0014398357524709952,0.001516
0.0014952039707551946,0.001466
0.0014993391749928192,0.001434
0.0013400484474190195,0.001416
0.001308131225303864,0.00135
0.001093455553698958,0.001284
0.0013695319155691609,0.001266
0.0013275319871853713,0.001218
0.0012783256287357,0.001216
0.0012452617462170334,0.0012
0.001224385883911386,0.001234
0.00041636438023295944,0.0012
0.0012121483965129394,0.001182
0.0012035306132092422,0.001134
0.0011866036050742668,0.000984
0.0011228941305755618,0.000916
0.0010285632848718203,0.000816
0.000712312546776686,0.000734
0.0011247730946714763,0.000666
0.0003436736727392215,0.00055
0.0005203898869875925,0.000434
0.00030326176329495115,0.000284
0.00047999346069346586,0.000266
0.00038061909224201146,0.000216
-9.944742760616009e-05,0.0002
0.00013731258096593034,0.00015
0.0001667136333926634,0.00015
0.0001286446500071499,0.000134
0.000140882028924927,0.000134
0.00010429989146152867,8.2e-05
7.865877411901605e-05,5e-05
1.644383904083758e-05,3.4e-05
0.0001689429801901429,3.4e-05
-1.80229660417727e-05,0.0
2.9044726551564207e-05,-5e-05
3.6456754642199063e-06,-8.4e-05
-8.785164281707805e-05,-0.0001
-0.00014196329991738284,-8.4e-05
-0.00010028528299027585,-0.0001
-0.0007054799458079985,-0.000132
-0.000183652914414279,-0.000184
-0.00017520653056886102,-0.000166
-0.00015104682032215512,-0.000184
-0.00012545813365973115,-0.000134
-0.00016750899864893,-0.000132
-0.0001545468406524818,-0.0001
-0.00012994592965983288,-0.000134
-0.00012536219730011443,-0.000234
-0.00015124926497575426,-0.000366
-1.5278173341753334e-05,-0.000466
-0.00030313251821690175,-0.0006
-0.0006007771646461863,-0.00065
-0.0005232707635350669,-0.000668
-0.0005979615587234872,-0.000632
-0.0005477918524785034,-0.000534
-0.000409971342938289,-0.000384
-0.0005572274222424039,-0.0002
0.0001282514470266525,5e-05
-0.000272403691977492,0.000268
-7.262541434693627e-05,0.000482
0.0001437190252633342,0.000618
0.0010081338106605082,0.00075
0.0008324482219464821,0.00085
0.000671564998140064,0.000832
0.0007602294448138769,0.000818
0.0008115606831760131,0.000932
0.0008569027629299377,0.0011
0.0009177082690694547,0.00115
0.0009967136757995853,0.001168
0.0010851892477654029,0.001132
0.0011368750404039515,0.001168
0.001154126307122829,0.00115
0.001154126307122829,0.001232
0.001169563303672507,0.00115
0.0011741623318066669,0.000934
0.0011137582435929148,0.0007
0.0006478408673682299,0.000466
0.0008061613438313663,0.00045
0.0005994808553805559,0.000584
0.0005474979440493126,0.0008
0.0009741564814546355,0.000984
0.0006994404277361691,0.001132
0.000869914605073153,0.001018
0.0009805418509164613,0.000766
0.0009717134178757771,0.00055
0.00038731254680606067,0.0004
0.00028344384392867947,0.000266
0.0001623125824808829,0.000168
0.0003424361252581786,6.6e-05
0.00022194165520396885,-5e-05
-0.00015005189479005255,-0.00015
-0.00018768740914281584,-0.000184
-0.0002801485017456963,-0.000166
-0.00017095527173831187,-0.0002
-0.00015820504552313045,-0.0002
-0.00022561410533707214,-0.0002
3.4820299083615386e-06,-0.000184
-7.973519799790775e-05,-0.000266
-0.000255033234588145,-0.00025
-0.00025028527235623315,-0.000216
-0.00021680279251845742,-0.000218
-0.00037798137960309516,-0.000232
-0.0002584694091133567,-0.000234
-0.00022520653359876618,-0.000316
-0.00025095852311675073,-0.000634
-0.0008498276386311007,-0.000966
-0.0005446663074203156,-0.0013
-0.0008131047622914596,-0.001534
-0.0011169377378387028,-0.0017
-0.0013818338846420574,-0.001834
-0.0015969416643404014,-0.001916
-0.0017495871422150582,-0.001984
-0.0018611238899939437,-0.001966
-0.0019264428231572715,-0.002
-0.0019672836257224025,-0.002
-0.001987851560715892,-0.001966
-0.001983424760437853,-0.001784
-0.0014176530183834999,-0.001466
-0.001809250090492758,-0.001184
-0.001607426656380159,-0.000966
-0.000976953650372543,-0.000768
-0.0011024318604635286,-0.00075
-0.0008013903489590151,-0.000666
-0.0007902283586446926,-0.000484
-0.0006697887009143675,-0.00035
-0.00042945273554309267,-0.000316
-0.0001883636184670552,-0.0003
0.0002820332401936734,-0.0003
-0.00031700881323209107,-0.0003
-0.0003041794158517161,-0.000266
-0.0001633038934124399,-0.0002
-0.00018400884935376166,-0.0002
-0.0001040490691382741,-0.000334
-0.00048054953731591874,-0.000434
-0.00029444438026790185,-0.000482
1.153748023820364e-05,-0.000534
-0.0006913799044804135,-0.00055
-0.0005011331329733749,-0.000416
-0.0005280683704662294,-0.000318
-0.00045683830588191126,-0.000282
-0.0002682878959178819,-0.000234
-0.00031415652111924254,-0.000166
-0.00019633302266925534,-0.000184
-0.00027055155219265445,-5e-05
0.00018308722245973053,0.0002
-5.3799659186626865e-05,0.000434
0.0005291554012397948,0.000582
0.00028555801384047184,0.0007
0.0004743722290696891,0.000968
0.001215163527973032,0.001116
0.0008362586153349768,0.001266
0.0006375969785480357,0.00135
0.0011713800195877163,0.001384
0.0012764345148047682,0.00145
0.001541530660515712,0.001516
0.0014234205364123634,0.001518
0.0014656307989530102,0.001516
0.0014992822127792968,0.001584
0.0015327750475900984,0.0016
0.0015535580504423996,0.001616
0.0015780540113179595,0.001616
0.0016036669680647808,0.001634
0.0016161972349291304,0.001616
0.0016202999344133323,0.0016
0.0012957965392252791,0.0016
0.0016121483418571477,0.001568
0.0015955644482188607,0.00155
0.0015789650911541882,0.001532
0.001561875164776936,0.001518
0.001360855039886062,0.001516
0.001528658778160293,0.00155
0.001528658778160293,0.001534
0.0015260203704807675,0.001516
0.0015286447348444939,0.001534
0.0015331972938044643,0.00155
0.0015331971360143992,0.001566
0.001541036777611764,0.001616
0.0015657361298813141,0.0016
0.0015823470056207432,0.001618
0.0015994807976361099,0.001616
0.0016123124435249133,0.001616
0.0016123126013149784,0.001584
0.001608144892323931,0.001584
0.0015995997713452398,0.001582
0.0015911447484937542,0.00155
0.0015296810999924587,0.00135
0.0015140923882951303,0.0013
0.00132854736625467,0.0013
0.001372443615641542,0.001268
0.0007108644284536883,0.0011
0.0008325309828356581,0.000916
0.0011422063722305149,0.000834
6.714888136571547e-05,0.0008
0.000909619003589008,0.000932
0.0008691322030350615,0.00105
0.0009015885149078331,0.001084
0.0009637357888664305,0.00105
0.0010275684185109921,0.001066
0.00106214842687074,0.001118
0.0010954622488526188,0.001182
0.0011027200395847096,0.001268
0.0011566298042966433,0.001282
0.001308131225303864,0.0013
0.0012568750161177109,0.001268
0.001309007906905888,0.00125
0.0013238204492726988,0.00125
0.001266491058268637,0.0012
0.0014275494290473816,0.00115
0.0012114707670781136,0.001032
0.0009907657003983804,0.00095
0.0010805678134419904,0.000884
0.001001538107041825,0.000766
0.0006530892410680357,0.00065
0.0005158313714526623,0.000584
0.0002937642017592014,0.0005
0.000495204067947157,0.00045
0.00036600090778796026,0.000384
0.0004776885423166543,0.000332
0.00030779495352442333,0.000284
0.00029968016550093726,0.00025
0.0003410146537324347,0.000284
0.0002868378687827355,0.000282
0.00027463779735348943,0.0003
0.0008400021057358439,0.000318
0.0006401992128551233,0.00035
0.000249480853894978,0.0003
0.00031649102042419745,0.000232
0.0003568247843386977,0.000134
0.00010292936147213344,8.4e-05
7.828628454843552e-06,0.0
-9.63543281301206e-05,-0.000134
1.8482870063242143e-05,-0.000216
-0.00025619806057290765,-0.000418
-0.00019575835125194588,-0.000382
-0.0002903983471408503,-0.00045
-0.0003687361835528092,-0.000518
-0.00025755631745379723,-0.000582
-0.00048485278797293785,-0.00055
-0.0005262125226148606,-0.000618
-0.0005679222356213064,-0.000616
-0.0005921938584717265,-0.000634
-0.0006053008085767163,-0.000632
-0.0006252065775617653,-0.00075
-0.0006593294286552312,-0.001018
-0.0007623995560128421,-0.001332
-0.000939682611346539,-0.00155
-0.0011700406430524453,-0.001734
-0.0014151107048536564,-0.0018
-0.0016085083072768245,-0.001866
-0.0017404234841809432,-0.001884
-0.0018224680064610709,-0.001884
-0.001859358692535009,-0.001882
-0.0018791941660460296,-0.001884
-0.0018835561146072878,-0.001734
-0.0018476042794210465,-0.001466
-0.0017457230213093768,-0.001184
-0.0015736220284006026,-0.000932
-0.001336453461902299,-0.0008
-0.001101811587717388,-0.0007
-0.0009084980085039172,-0.000668
-0.0007775517414949079,-0.0006
-0.00022842353772347182,-0.000582
-0.0006386981409505806,-0.000568
-0.00029800804916576206,-0.0005
-0.0003851734902205634,-0.00055
-0.0010408365361528578,-0.0006
-0.0005553992270999542,-0.00075
-0.0010038318467568425,-0.00085
-0.0006904571481793631,-0.000982
-0.0011254687366065623,-0.00105
-0.0009108806384878197,-0.001134
-0.0010065778672608064,-0.001316
-0.0011236011333953392,-0.001518
-0.0012589626820076305,-0.001582
-0.001391870121736502,-0.00155
-0.0014940748494817481,-0.001518
-0.0015426599884448878,-0.0015
-0.0015382781583354196,-0.001482
-0.0015131248440484067,-0.001484
-0.0014963629632166202,-0.001416
-0.000996782260015729,-0.001334
-0.0014305207981972247,-0.0012
-0.0013611240963799902,-0.00105
-0.0012534431066333323,-0.000966
-0.001140997961449326,-0.000884
-0.0010278977508098113,-0.000866
-0.0009433135185359151,-0.000884
-0.0009009636906826352,-0.000966
-0.0009009636906826352,-0.001034
-0.0009391687679993484,-0.001116
-0.001002120061234964,-0.001184
-0.0010770424922390378,-0.001216
-0.0011392320539350977,-0.001268
-0.0011973664109565687,-0.001182
-0.0012133637200276268,-0.0011
-0.0011930149554346436,-0.00105
-0.0011520547057901872,-0.000968
-0.001076927226596439,-0.0009
-0.001006398933326916,-0.0009
-0.0009560314766827716,-0.00085
-0.0009055417327381288,-0.000782
-0.0008592011574518774,-0.000718
-0.0008142062947363352,-0.000632
-0.0007474955743032715,-0.000584
-0.0006087514406166482,-0.00055
-0.0006225661186113929,-0.00055
-0.00023497385697466357,-0.000516
-0.0005505983854724558,-0.000518
-0.0005339127961371739,-0.0005
-0.0002374528177933457,-0.00045
-0.0002723303590447093,-0.0005
-0.0004926304180746952,-0.0005
-0.0004880393188913096,-0.000482
-0.00048350896888301034,-0.000368
-0.00046386603869900007,-0.0003
-0.00025433302145024336,-0.0003
-0.00023380279828232715,-0.00025
-0.00022145274739614738,-0.000182
-0.0001921179766586602,-0.000184
-0.00030820503488908775,-0.000334
-0.00023903994916374855,-0.000182
-0.0001293553510315796,-0.000134
-0.0001843840346811937,-0.000116
-0.0001936265285766138,-1.8e-05
-1.2837373064142047e-05,0.0
-6.845627538342335e-05,1.8e-05
9.971470940558655e-05,6.6e-05
-6.327824646704126e-05,5e-05
4.086534642760523e-05,0.0001
3.672174788178762e-05,8.4e-05
5.404472710344265e-05,0.0001
8.299116169775467e-05,0.00015
0.00012929989297648124,0.000132
0.00019948085086507288,0.000168
0.00012438589614850569,0.00015
0.0001613350927509804,0.000182
0.000157530586904292,0.000168
0.00017864465303705503,0.000166
0.00039638271422656887,0.000166
0.00018269693859543858,0.000184
0.0001495998905774512,0.000166
0.00018731258399583547,0.000184
0.000141652527674978,0.000166
0.00017453125341405958,0.00015
0.00012765065149168014,0.00015
0.00011189205906544968,0.000134
0.00012377084033639456,0.0001
0.00017463780115555826,0.0001
0.0004563743786575114,0.000216
0.00025701576342900445,0.000334
0.0001850958308179315,0.000566
0.0002997246228517958,0.000784
0.0008786456027486016,0.000966
0.0006566307996330155,0.001118
0.0008533880681235514,0.001266
0.0010290641105386354,0.001316
0.0011631087432671088,0.001268
0.0012401560541836477,0.001082
0.001230781430832415,0.00085
0.0011244556999554089,0.000634
0.000689083285096707,0.000434
0.00029179496202225765,0.000282
0.0003226488171645478,0.0002
0.00018731259385771455,0.000168
0.00013344383483896406,0.00015
8.61914302136744e-05,0.000182
8.531698725819987e-05,0.0001
6.189206589742362e-05,0.000118
0.00025755341335227596,0.00015
0.00014582054238427663,0.000132
8.677406509833486e-05,0.000168
0.0002246377943235843,0.000216
0.00019495199986239257,0.000184
0.00015404472823231336,0.000166
0.00018321390815829514,0.000166
0.00017015540946518822,0.000168
0.00017080574121874147,0.000132
0.00024302824614163605,8.4e-05
3.70612313578751e-05,5e-05
5.77949605641256e-05,5e-05
-9.461967437774788e-06,3.4e-05
0.00021814859899888357,5e-05
0.0001284582309070435,5e-05
-0.00012679032559423226,6.6e-05
5.8282238474564825e-05,8.4e-05
7.453125721612838e-05,0.000116
0.0001497147124354917,0.000116
0.00013731258096593034,0.000118
0.00010814486552899082,0.0001
-5.552575429503952e-05,6.6e-05
5.776564366311299e-05,0.000116
4.1036695343754064e-05,5e-05
5.310516616045276e-05,6.8e-05
7.857451915516062e-05,6.6e-05
0.00010765945891010559,8.4e-05
-6.95619399556304e-05,8.2e-05
8.283138446396246e-05,0.0001
7.083296380705022e-05,0.0001
4.9339126573086454e-05,8.4e-05
9.968016817413532e-05,0.0001
-0.00019087265801690824,6.6e-05
5.363695073114593e-05,5e-05
7.453125721612838e-05,3.4e-05
-7.612029663826619e-05,0.0
-8.328636203310411e-05,-3.4e-05
-0.00010028528299027585,-8.2e-05
-0.00019584460324631347,-0.000218
-0.00043416864666801907,-0.000366
-0.0005013210609409794,-0.00045
-0.0002824925126111511,-0.0005
-0.0005884393227662981,-0.000516
-0.0004594497314602944,-0.000534
-0.0005007771980338922,-0.000634
-0.0005472956816186107,-0.000716
-0.0007674847353377571,-0.000784
-0.0006693156462990205,-0.000882
-0.0007562571043563285,-0.000968
-0.000790602084414022,-0.001016
-0.0009146916630365749,-0.001066
-0.0009846826022391988,-0.001134
-0.0010475257303851477,-0.0012
-0.0011057232823277149,-0.001266
-0.0011683470822830928,-0.001384
-0.001248290077580399,-0.001416
-0.0013186687858681512,-0.001418
-0.001372540838754512,-0.00145
-0.0014175812239038525,-0.001432
-0.0014293413174601604,-0.001368
-0.0014177576331967003,-0.001332
-0.0013966831920940504,-0.001268
-0.0013514728670445334,-0.00115
-0.0012815562469625996,-0.00105
-0.0012026896165947762,-0.0009
-0.001095349295598797,-0.000682
-0.0009498703269035366,-0.000518
-0.0007925411665247622,-0.000516
-0.00048386656061817716,-0.0004
1.3399955272309126e-05,-0.0004
-0.00045995158276253295,-0.000416
-0.0004342002835760835,-0.00055
-0.0005133456500940104,-0.000484
-0.00046397759627506754,-0.0003
-0.0004397928763030339,-0.00015
-0.00037489512427113194,0.000134
0.0005365554397156264,0.000366
6.132269377304081e-06,0.000516
0.00021026160065821278,0.000518
0.000379614521792176,0.000416
0.00013714834123185784,0.000116
0.0003874252878076168,-0.000132
0.00022315896610915504,-0.0003
-0.0008249959004968822,-0.000384
-0.00033305752241687467,-0.00035
-0.0002092009405492873,-0.0002
-1.7057512735278117e-05,-1.6e-05
-0.0009206693818650624,0.000182
-0.00010094410582171049,0.000334
0.0002856899066111867,0.0004
0.0002999481127553355,0.000316
9.968016324319578e-05,0.0001
-0.00017161006106120586,-0.0001
-0.00020871776764601197,-0.000216
-0.00026081263102848567,-0.0002
-0.000138107956084076,-0.0001
-0.0001450828489530946,-5e-05
-7.569752774430959e-05,0.0
2.880573835835545e-05,3.4e-05
-3.0258816368293574e-05,3.2e-05
0.00014114487758784484,5e-05
9.968016324319578e-05,0.000134
6.231258628295171e-05,3.4e-05
3.714834934849875e-05,6.6e-05
3.249612377315239e-05,8.4e-05
0.0001287499058424901,0.000132
0.0005447058093988059,0.0002
0.00011921322223245994,0.00025
0.00015828223960343555,0.000134
0.00021231257564890895,0.000234
-0.0001423405562394201,-3.4e-05
0.00014319685849020642,-0.000216
-0.0003428529324243704,-0.000334
-9.281106346006126e-05,-0.00035
-0.00023663142188540184,-0.000234
3.237156454226277e-05,-6.6e-05
0.000471086290410267,0.00015
0.0004614606230653662,0.000416
0.0003595341581000284,0.00065
0.00028080285243683713,0.00065
0.0004613870139999695,0.000534
0.00022681245700160709,0.000384
0.00055179089890458,8.2e-05
-0.00020051913392665194,-0.00015
0.0002059253521538173,-0.00035
-0.0004711669850139118,-0.000466
-0.00022616457570313783,-0.000484
-0.0003657989214898725,-0.000382
-0.00038942182993490713,-0.00025
-0.00010443542797469525,-8.4e-05
-0.00030371425073962705,8.4e-05
-0.00016234273495428135,0.000316
0.00047285874621219923,0.0006
0.0005922220390130416,0.00075
0.0003829129653142619,0.000766
0.0007001437769516159,0.000768
0.0007192583865499572,0.000716
0.0006364331979224547,0.000716
0.0007408653691225191,0.000684
0.000720251438325036,0.00065
0.0006908213821119508,0.000634
0.0006702138023645904,0.000616
0.000645820562821449,0.000616
0.0006286446803062013,0.0006
0.000616197213778544,0.0006
0.0007238890515921814,0.0006
0.0007557796860813576,0.000584
-0.0006126651076027895,0.00055
0.00031971031250484797,0.000516
0.00037826553507761457,0.0004
0.00022816523067773238,0.000268
7.431761439884248e-05,0.0001
0.00031716003057671394,-6.8e-05
-0.00021318496218073135,-0.00025
-0.0004789215383186397,-0.00035
-0.00014627653079602324,-0.000482
-0.00029124692238751776,-0.0007
-0.0016293402250493248,-0.000984
-0.0006349526781738989,-0.001184
-0.0008441397801523105,-0.001316
-0.0010517555297668351,-0.001534
-0.001259460036293012,-0.001682
-0.0011339710964775956,-0.001734
-0.0016602047507447714,-0.001716
-0.0016684532264009636,-0.001634
-0.0016924456791786008,-0.001616
-0.001676260678825036,-0.0016
-0.0016426086338384887,-0.001618
-0.001508942933951495,-0.0016
-0.0016461794230130393,-0.001632
-0.0016128372777144645,-0.001668
-0.0014859331976996685,-0.0016
-0.0016256974836050618,-0.001416
-0.0010432168781808154,-0.001166
-0.0014673212283538917,-0.000934
-0.0012852435641002701,-0.000716
-0.0006048948147390619,-0.000568
-0.0008516043547647923,-0.00045
-0.0006714803682029382,-0.000416
-0.0005404135495841474,-0.000466
-0.0004764055757296777,-0.000518
-0.0004634134573446074,-0.000582
-0.0004970283033232934,-0.0006
-0.0008807503099655585,-0.000618
-0.0005804367234791401,-0.00065
-0.0006131249078526631,-0.00065
-0.0006716019454481434,-0.0006
-0.0006300347563180525,-0.00055
-0.0008738075470985579,-0.0005
-0.0004768233643747028,-0.00045
-0.000561268346916096,-0.0005
-0.0005254687791427333,-0.000566
-0.0005834247150480256,-0.000634
-0.0004200158245636384,-0.00055
-0.00029169220595139675,-0.000566
-0.0005798055237709875,-0.0005
-0.0003684531870709464,-0.000334
-0.000254873689108511,-0.000282
-0.0004233856286426925,-0.000134
-0.0003157431002244173,-0.0001
-0.00021493035698648877,-5e-05
-0.00014364405996769946,1.6e-05
4.088203395973069e-05,8.4e-05
-1.4218085443679572e-05,0.000166
5.201165635420249e-05,0.000268
0.0001311667072373786,0.000332
0.0002195658496403845,0.000384
0.00045363695771209864,0.000434
0.0003529716692900613,0.000482
0.00040661271752102907,0.000568
0.00046531728839046876,0.000582
0.0005149838021176602,0.000634
0.0005153647467824705,0.000666
0.000451865803678204,0.000684
0.0008191133835398862,0.0007
0.000294036547411666,0.000616
0.0005528496307942813,0.000568
0.0006406822476920916,0.000532
0.0006024387879420284,0.000518
0.0005816797297321152,0.000516
0.0005329803902093166,0.000534
0.0005247934132310202,0.000532
0.0005247934921260528,0.000518
0.00021387621602336125,0.000566
0.0010714585140853229,0.000584
0.0005493465730052004,0.000632
0.0006283284690156225,0.00065
0.0007201554230703867,0.00065
0.0005739869117903809,0.00065
0.0006452998556064239,0.000684
0.0006447201743545457,0.000684
0.0010620002619995557,0.00065
0.0006288057445152125,0.00065
0.0009775996973615047,0.00065
0.0006581312648101297,0.000616
0.0006411312787700181,0.0006
0.000612312580164392,0.000634
0.0006245312510975686,0.000616
0.0006161971743310277,0.00065
0.0006371483813927884,0.000616
0.000616197213778544,0.000634
0.0007288267761012052,0.000616
0.0007773213435669436,0.000618
0.0005826969628346797,0.0006
0.0005951561058271589,0.000616
0.0006284582513442159,0.000634
0.0006166969743624191,0.000632
0.0007779176322231799,0.000668
0.0006370275142028764,0.00065
0.0006456369740806364,0.00065
0.0006496801472627569,0.000632
0.000599078056791721,0.0007
0.0006866832193106044,0.0007
0.0001337171666793359,0.000718
0.0006573696121656067,0.0007
0.001004166810632343,0.000716
0.0007082822729323921,0.0007
0.0007082822729323921,0.000734
0.0007121484451089204,0.000716
0.0007829911350832732,0.000684
0.00021352462031067046,0.000566
0.0006733768620107698,0.000434
0.0005972489149088803,0.000182
0.00046187411193111566,-8.2e-05
0.0002688499591446628,-0.000334
4.288042664394748e-05,-0.0004
-0.00016419396744624427,-0.000366
-0.00029861112279480016,-0.000184
4.089004550374217e-05,0.0
-0.00024146346649828534,0.0003
-6.860147182900694e-05,0.000634
0.000417600389260867,0.000766
0.0008745417987339437,0.000766
0.0006117758572577532,0.00075
0.0007276293861917454,0.00075
0.0007577949018985371,0.0007
0.0005119607022592769,0.0006
0.0006984807485598714,0.000434
0.000618006276875593,0.000234
-0.00016244172849641056,6.6e-05
-0.00023378609225917842,-0.000266
0.00011063610438711812,-0.000568
-0.0001411547441759913,-0.000666
-0.0010160550541543924,-0.0005
-0.0005012722249158126,-0.000366
-0.0005277063606092382,-0.000368
-0.0004780482886505329,-0.00055
-0.0004480080582554775,-0.000766
-0.0005165748632250078,-0.00105
-0.0006898035028344415,-0.001216
-0.0009018549678656864,-0.001268
-0.0010798535222498473,-0.001366
-0.0012278394595003556,-0.001416
-0.0013184534024292091,-0.001484
-0.001385453273156677,-0.001534
-0.001451589716647594,-0.001566
-0.0015014049869587142,-0.001566
-0.0015383330692780948,-0.001584
-0.0015629498973435667,-0.001466
-0.0015466538127841298,-0.001334
-0.0014899645760744185,-0.00125
-0.0014116558913769978,-0.001234
-0.0013232802005224262,-0.001132
-0.001239280659334977,-0.00115
-0.001192770933098875,-0.00115
-0.0011674846806819655,-0.001018
-0.0011138660386402505,-0.000816
-0.0004629498306856537,-0.0006
-0.0009011630584299636,-0.000466
-0.0007302137752067858,-0.000368
-0.0005666644121168907,-0.000232
-0.00041983898134811135,-0.000168
-0.0003113798498951215,-0.000132
-0.00012228969928945727,-3.4e-05
-0.00014327755309385116,8.4e-05
0.00019155341882020504,0.000182
0.00020651302152774423,0.0003
0.00040779495958423364,0.0004
0.00023854245210298602,0.000468
0.0005455306175169088,0.000516
0.00021493899128348224,0.000584
0.0005285121700391737,0.000632
0.0006326969658645849,0.000618
0.0006786446833361065,0.000616
0.0005201554503982824,0.000584
0.0006120612205905935,0.0006
0.00046187513756653915,0.000566
0.0004994808493207456,0.00055
0.00040382054342300613,0.000434
0.00019491511643466162,0.000316
0.00023672173226487326,0.000166
0.0003629716146695195,0.0001
-0.00015871776461610682,-0.000116
0.00011264676894710569,-0.000284
0.0001962043993333185,-0.00035
-0.00016681265136762476,-0.00045
-0.00030301472793326043,-0.000516
-0.00040221533007545843,-0.000534
-0.0005543330001821578,-0.00055
-0.0005134445450173489,-0.000582
-0.0005461038538089476,-0.0006
-0.0005671452378929468,-0.00055
-0.0005710347629991186,-0.000434
-0.0005431025684270726,-0.000266
-0.000465685160912703,-3.4e-05
-0.0003258115659396709,0.000166
-0.00014764315055036624,0.000318
4.0565510787226184e-05,0.000516
0.0005519103459839054,0.0007
0.0004200030585830447,0.00075
0.0005667823357577651,0.0007
0.0005826041822763661,0.0006
0.0009429673815951566,0.0005
0.00047869918768399835,0.000416
0.0005513581202033649,0.00025
0.0002118920454015018,0.00015
0.0003256022527091633,6.8e-05
0.0002177829402466355,-1.8e-05
0.00011004097450167288,-0.0001
2.268173211391197e-05,-0.0003
-9.088030477525818e-05,-0.00025
2.6118445344267966e-05,-0.000132
-0.00013380280208439595,-0.0001
-0.00019753944605994557,-6.8e-05
7.678369067251644e-05,-5e-05
-8.827824798199382e-05,-3.2e-05
-6.312488438558568e-05,-1.8e-05
-4.661459488175587e-05,-3.2e-05
-7.095526567850158e-05,-3.4e-05
0.00011982662124888689,-5e-05
-0.00010042543015377436,-3.4e-05
-3.768741484591903e-05,-3.2e-05
-7.095527554038066e-05,-3.4e-05
2.367456754401864e-05,-3.4e-05
-3.35561602908629e-05,3.4e-05
-1.7225085784477085e-05,0.000134
0.00017038991508765188,0.000116
0.0003532040743322825,0.000316
0.0002747934769765271,0.0003
0.00025715027945955255,0.00025
0.00016177406471225303,0.0002
0.00023731257716386154,0.000234
0.00024510515787429276,0.000184
0.0001952998875085521,0.0002
0.00022929985958877521,0.000232
0.00021196985562738337,0.00035
0.0002398878885410814,0.000468
0.0003110526477621819,0.000416
0.0003643124751957253,0.000166
-0.00019832050688248313,3.4e-05
-0.00013400883646197745,-0.000184
0.00010261038392447478,-0.000382
-9.66866635929829e-05,-0.000534
-0.0002717893758063113,-0.000684
-0.00045059131830722977,-0.000816
-0.000608027736482796,-0.000984
-0.0007586130678192191,-0.00105
-0.0008870544964388601,-0.0009
-0.0009396830058217019,-0.000682
-0.0005552041196843849,-0.0005
-0.0007881905788481954,-0.000368
-0.0006174582175170949,-0.00025
-7.112094524691864e-05,-5e-05
-0.0002961003672779885,0.000118
0.00016694248815841856,0.000182
0.0001867740563653265,0.000218
0.00012045823515596064,0.000116
0.00015742227388643935,0.0001
3.965237328213614e-06,1.6e-05
-5.9234353367748375e-05,1.8e-05
-8.37640024222198e-05,-8.4e-05
-0.00020470013673068902,-0.000216
-6.887250585155491e-05,-0.0004
-0.0002853826151683634,-0.000468
-0.0007527511668985583,-0.000516
-0.00040028528144594853,-0.0004
-0.00043975015464289206,-0.000184
-0.00039514858366475905,1.8e-05
-0.0003748788718944206,0.000116
0.00021571624542069786,0.00015
0.0001203285119986417,0.0001
0.00016205015787876516,0.000166
0.00013234707554355942,0.000168
0.00019128224673135006,0.000166
0.0002535645594000864,0.0002
0.00023953956697224269,0.000216
2.0644653127196302e-05,0.0002
0.00011889974268238417,0.000268
0.0003868920757299279,0.000366
0.0004156675398577005,0.0004
0.0006326392147007366,0.000384
-3.8836451962286693e-05,0.000382
3.437665898967673e-05,0.00045
0.00040331715366763226,0.000384
0.00039928202777883483,0.00035
0.000797897878118984,0.000316
0.00039103670792394585,0.00035
6.99540435584768e-05,0.000434
0.00036141888153332134,0.000366
0.00037724960374308766,0.000234
0.00034421534630915457,0.00015
0.0002932522321690345,8.4e-05
0.00020588771922327686,1.6e-05
3.820546303932482e-06,-5e-05
3.2433755400795924e-05,-0.0001
-1.4218085443679572e-05,-0.000166
-7.665543178237422e-05,-0.0002
-0.00013044099598926958,-0.000168
0.00038652339924268367,-1.6e-05
6.590123532050243e-05,0.00015
0.00038539417464137255,0.000316
6.601322928471886e-05,0.000568
0.0002491506387361163,0.000816
0.00045623666737814374,0.001
0.0012283256651533113,0.00115
0.000878114323599211,0.0012
0.0002569706749178852,0.0012
0.0011354668429674392,0.001234
0.0011952550765568753,0.001316
0.0013234587944433542,0.0013
0.001261323512529709,0.001316
0.001481693985376272,0.00135
0.001320044611908474,0.00135
0.0013284582937628877,0.0013
0.001328458214867855,0.0013
0.001324377921572906,0.00135
0.0013243780004679386,0.001384
0.0013326160619798301,0.001366
0.0013492228351775653,0.001334
0.001358036751532255,0.00125
0.0013322237958778445,0.00125
0.0012987278841607723,0.001284
0.0012786457058828753,0.0013
0.0012704582160868673,0.0013
0.001282991086487292,0.001266
0.0004300028067249214,0.001234
0.0012743176821856262,0.001082
0.0012184338848635196,0.000868
0.0011085980350920167,0.000616
0.0009442330157077977,0.000466
0.0007521516191131542,0.000334
0.0002866208482718673,0.0002
0.00040017231877397875,0.00015
9.128223574060026e-05,8.4e-05
-5.8205039463320174e-05,-6.8e-05
-0.0003609328731179472,-0.000216
-0.00037145273676210465,-0.000316
-0.0002631849652106365,-0.00025
-0.00015871776461610682,-0.00015
-3.844455568076639e-05,-0.000134
-0.0002216715035977323,-0.000216
-0.000284384040741004,-0.000334
-0.0005935075002116923,-0.000466
-0.00029060481544111093,-0.000634
-0.00041635560786965894,-0.000784
-0.0005587127001257465,-0.000916
-0.0011651591707016508,-0.001
-0.0012149421729444458,-0.001134
-0.0009616559035553677,-0.00115
-0.0010524017589786942,-0.001132
-0.0011054996938053845,-0.00115
-0.0011417177208315492,-0.001034
-0.00111769615578689,-0.000966
-0.0010723544705081283,-0.000818
-0.0009949779306206348,-0.000682
-0.00038342466348088877,-0.0004
-0.0007216705477088764,-0.000318
-0.0005595437803989395,-0.000182
-0.00018030955989489718,-0.00015
-0.00022214365092020468,-0.00015
-0.00010958930514922892,-0.000184
-0.00038120767361788705,-0.000234
-0.00027135535450833304,-0.000282
-0.00027985298067741143,-0.000334
-0.0002759060988825542,-0.000334
-0.0003002852753861383,-0.000316
-0.0002087177873697701,-0.000216
-0.0002087177873697701,-0.0002
-0.00018398912559561677,-0.000184
-0.00020470011700693085,-0.0002
-0.00019570012671790216,-0.0002
-0.00026294983828979127,-0.0003
-0.00022214365092020468,-0.000566
-0.00032021277995266295,-0.000918
-0.0005028920188297034,-0.001216
-0.001539155313307639,-0.001466
-0.0010498353035688815,-0.001684
-0.0013280812788350222,-0.001866
-0.0018931631627245,-0.001984
-0.0017548532278496782,-0.002
-0.001886631600767304,-0.002084
-0.0019854285364753086,-0.002116
-0.0020473762848965123,-0.00215
-0.0020888807524757024,-0.002134
-0.0021216100411611994,-0.00215
-0.002137851688148156,-0.00195
-0.0020980969546015153,-0.0017
-0.0013460956972040415,-0.0014
-0.0018069581897963219,-0.001182
-0.0015652310683155718,-0.001168
-0.0013678431129345951,-0.00115
-0.00122752151251906,-0.001082
-0.0011464530006869739,-0.001018
-0.0011059725906306663,-0.000932
-0.0010474955135876696,-0.000868
-0.0009770225257359848,-0.000832
-0.0009142528488653675,-0.000784
-0.0008553399556624014,-0.0007
-0.0010779515208044193,-0.00065
-0.0007979104468619962,-0.000634
-0.0006934497156601381,-0.000632
-0.0005888520226817218,-0.000584
0.00021114457413908499,-0.0005
-0.00045896330413692523,-0.000416
-0.0002708299924863858,-0.000284
-0.00044874777808094336,-0.000184
4.028549136010832e-05,-6.6e-05
2.8389919084353642e-05,8.4e-05
0.0002620274914785879,0.000232
0.00043731258928348207,0.000334
0.00042453127842546434,0.000416
0.0004412822717427548,0.000468
0.00036028732952854913,0.000532
0.00043570115824304473,0.000568
0.0004945498703370073,0.0006
0.0008319264890960335,0.0007
0.0005984482771941547,0.000732
0.0006483152631991307,0.000768
0.0009488669154463577,0.000816
0.0007529294452393561,0.000834
0.000820119374100308,0.000866
0.0007865041730939754,0.000866
0.0008449652344453583,0.000868
0.0008581448863228703,0.000882
0.0008784582270462253,0.000918
1.0981397230210858e-05,0.0009
0.0008118920423128472,0.000882
0.000895126222789242,0.0009
0.0008996801229647663,0.000884
0.0008657225964120711,0.000884
0.0008873125376575958,0.000932
0.0008995113664900787,0.000984
0.000738238716802848,0.000984
0.0009449668184058202,0.001032
0.0009821214872587692,0.001
0.0006507847566139033,0.00095
0.001155993752543987,0.00095
0.0009821333215136562,0.00095
0.0009619606506333906,0.0009
0.0009369607082897124,0.0007
0.000752594141350893,0.000534
0.0007668897634642427,0.000384
0.0006247377588453456,0.000282
-9.844388279174817e-05,0.00015
0.00033401473141433024,0.000118
-0.00010576635758867508,0.0
0.00013500991109754724,-0.000168
0.00034536526113275966,-0.0003
-9.145059751825947e-05,-0.000432
-0.0002289666314039913,-0.000634
-0.00038776838728962114,-0.000866
-0.0005633049827346207,-0.0009
-0.0007126963955430175,-0.001
-0.0011923860831299518,-0.001134
-0.0009775836272076907,-0.001184
-0.001057270844809374,-0.001182
-0.0009850262690011152,-0.001
-0.001126857762550158,-0.000768
-0.0005689610859627977,-0.00055
-0.00032871466645350065,-0.0003
-0.0002021851406058762,-0.000232
-0.00022662317280376459,-0.000168
-0.00010048865466050779,-0.00015
-0.00031609193461096783,-0.00015
-0.00011268741445983719,-8.2e-05
-0.00017203055186109674,-3.4e-05
4.9229190043391505e-05,-5e-05
-6.283737116310765e-05,-3.4e-05
-0.0002622156016690897,-1.6e-05
-3.797249711520571e-05,0.0
8.278947640884412e-05,3.4e-05
2.0155413935556546e-05,5e-05
7.463780002668753e-05,5e-05
-0.0005700446697877616,0.0001
0.00027563483332771355,0.000132
0.00018714834426176297,0.000168
-0.00012465962717311444,0.0002
0.0003263947730351831,0.00025
0.00024152024648891048,0.000232
0.0002117217307499207,0.000168
1.1753194050094746e-05,6.6e-05
1.9965238075890975e-05,5e-05
-2.9844587861613708e-05,0.0
8.036694379513973e-06,1.6e-05
-4.33301862806648e-06,5e-05
0.0001082822316425909,0.0001
4.054896008867285e-05,0.000118
6.999788454189335e-05,0.000116
0.0001327225370036055,0.000116
0.00011231257945097776,0.00015
0.0001246377981256531,0.000168
0.00017915541947797505,0.000182
0.00015338539258316698,0.000168
0.0001496801662731009,0.000182
0.0001748188356696911,0.000168
0.00019874387264198914,0.000182
0.0001747708872136409,0.000168
0.0001748188356696911,0.000166
0.0001288057339399192,0.00015
0.00014103669277442014,0.00015
0.00015828223960343555,0.00015
0.0001035645700341291,0.000134
0.00011956328935389449,0.00015
-7.344275702258135e-05,0.00015
0.00014582054238427663,0.00015
0.00018714834426176297,0.00015
0.00018716263412453895,0.000132
0.00028146296717443024,0.00015
5.814486989549498e-05,0.0001
-4.682836737054451e-06,5e-05
-8.87415393370591e-05,1.8e-05
-2.5206531341024685e-05,0.0
-7.657082672181172e-05,-1.8e-05
1.5215618431927487e-05,-3.2e-05
-5.417945987346483e-05,-3.4e-05
-8.768741294488463e-05,-8.4e-05
-0.00011285165419390969,-0.000116
-6.737845089583779e-05,-0.000184
-0.00017116704572951353,-0.000132
-5.189309674642558e-08,0.0
7.387531405338292e-05,0.0
1.619719960891017e-05,0.0
-7.067379778789496e-05,-1.8e-05
-2.9673799839837126e-05,-5e-05
-9.117965371969793e-06,-3.2e-05
6.669694842987187e-05,3.2e-05
4.582054495361056e-05,5e-05
8.714834806383178e-05,5e-05
0.0003321598894746268,5e-05
5.8282238474564825e-05,3.4e-05
-6.691277296603699e-05,0.0
7.652527345716686e-06,-1.6e-05
-0.00020028528905008614,-0.000184
-0.0004784542824881873,-0.000366
-0.0008888810742331419,-0.00055
-0.0002839470214317877,-0.00075
-0.0004677189170625387,-0.000918
-0.0006511482504618293,-0.001032
-0.0008170066739177465,-0.00105
-0.0009404635143790114,-0.0011
-0.0010266524716155757,-0.00115
-0.001084142019535774,-0.001184
-0.0011222588922060633,-0.001166
-0.0011507771585276265,-0.00115
-0.001162851648788764,-0.0011
-0.001150777237422659,-0.000968
-0.0010979299521144742,-0.000916
-0.0010358558138510781,-0.0008
-0.0009486715168834903,-0.000766
-0.0005597270930071381,-0.0007
-0.0007974425204237669,-0.000534
-0.0007025386600984001,-0.00035
-0.0005914944145603924,-0.00025
-0.00022934122501867902,-0.0002
-0.0003366677196601987,-0.0002
-0.0002515193090083262,-0.00025
-0.0004846961418857511,-0.00025
-0.00027919424660288847,-0.000284
-0.0002841452254773857,-0.000316
-0.00016514175319638056,-0.000284
-0.0002840810443683822,-0.0002
-0.0002720680330613823,-0.0001
8.175888539107603e-05,0.0001
-0.00012455254689014585,0.000184
1.3619110879996512e-05,0.00025
0.00010523666642368058,0.0002
0.0001869698541124308,0.0002
7.738136492276237e-05,0.000184
-3.4445682059439214e-05,0.000116
0.0002844479212845613,8.4e-05
0.00014481593248692493,6.6e-05
5.404472710344265e-05,6.6e-05
9.07990579063854e-05,6.8e-05
-0.0001440855368462565,0.0001
7.904472861839522e-05,0.000116
7.797423643790003e-05,0.000134
0.00014846380210830566,0.0001
4.563695128185841e-05,5e-05
9.922282846309026e-05,1.6e-05
-8.202715427968258e-07,3.4e-05
-2.9355349902708834e-05,-6.8e-05
-0.00012522911124203178,-0.000116
-0.00010005189176014738,-0.0001
-4.668283415399765e-05,-0.0001
-3.376399939231467e-05,-8.4e-05
-0.0001047001010852415,-8.2e-05
-2.852892578144221e-07,-1.8e-05
6.53715661228703e-05,-1.6e-05
-9.171775582233197e-05,0.0
1.5703014684915585e-05,3.4e-05
3.6555447014988994e-05,6.6e-05
6.214835147981876e-05,3.4e-05
9.566698003533449e-05,6.6e-05
9.531715946087676e-05,1.6e-05
4.49652389744761e-05,1.8e-05
-3.794983451709723e-05,-5e-05
-0.0001296737911068288,-0.0001
-0.00010461460845556248,0.0
-3.414203973373819e-05,-0.0001
-6.352927073695124e-05,-0.000118
-4.978836106474321e-06,-0.0001
3.249100884793472e-05,-1.6e-05
7.854726585234393e-05,5e-05
0.00016504377071872183,6.6e-05
1.8363102472846845e-05,0.0001
4.8953177004646824e-05,8.4e-05
0.00015739134703366818,6.6e-05
5.382054686836785e-05,6.8e-05
-2.5362201102183214e-05,0.0
5.369916686074421e-05,-1.8e-05
-0.0002348249031531534,-6.6e-05
2.7281230536430063e-05,-6.6e-05
-3.822592768360937e-05,-6.8e-05
-3.35561602908629e-05,-5e-05
-6.268741142993207e-05,-6.6e-05
-7.934122579084269e-05,-6.6e-05
-6.268741142993207e-05,-6.8e-05
-5.502548089345258e-05,-5e-05
-6.268741142993207e-05,-3.2e-05
-2.5614098148391113e-05,-3.4e-05
-4.636304793225504e-05,-1.6e-05
-2.9452735958549215e-05,-3.4e-05
-0.00020371191727635568,-3.4e-05
1.2162627218075634e-05,-1.6e-05
0.0002689881437942259,1.6e-05
-1.75089895592146e-05,6.8e-05
0.00011940046973040843,0.000116
0.0001776470253500866,0.00015
8.624613405688925e-05,0.000116
0.0001117740616823479,6.8e-05
0.00028471150958840955,6.6e-05
3.530597197323557e-06,5e-05
7.438590298047963e-05,3.4e-05
0.00010746952405010985,1.6e-05
-0.00010514927022947503,-1.6e-05
7.520235168899388e-06,0.0
-8.855131501870549e-06,0.0
-2.852892578144221e-07,-1.8e-05
-8.717762922800714e-06,0.0
1.6213904399324008e-05,3.4e-05
6.1753195847265e-05,5e-05
1.5831380601127164e-05,3.4e-05
2.9044726705656068e-05,1.6e-05
3.3197199825472894e-05,0.0
2.4531252953488355e-05,0.0
1.2148349682648505e-05,1.6e-05
7.794959999690226e-06,5e-05
3.2991159900584415e-05,5e-05
2.8458242413705324e-05,6.8e-05
1.5991159067654254e-05,5e-05
5.429989336256306e-05,3.2e-05
4.968016760969995e-05,1.8e-05
0.0004819944359572648,0.0
-5.5060825868048216e-05,1.6e-05
-2.178620485548244e-05,3.4e-05
1.6696945399966738e-05,1.6e-05
1.694248769784733e-05,1.6e-05
-0.0003230455060974318,0.0
0.000367323109638961,-1.6e-05
-5.191563236081274e-07,0.0
-2.852892578144221e-07,-1.6e-05
-4.171776265430591e-05,-1.8e-05
-5.0051893661181784e-05,-3.2e-05
-1.678609409944631e-05,-1.8e-05
-1.7303053800423823e-05,-5e-05
-0.0001299552688593145,-6.6e-05
-6.268741142993207e-05,-8.4e-05
-0.00010436304178230352,-0.0001
-5.4894830719500845e-05,-0.0001
-9.633300674756597e-05,-8.2e-05
-0.00021828787316421867,-6.8e-05
-0.00011303014434324185,-8.2e-05
-3.4263898042496846e-05,-8.4e-05
-0.000162837387084797,-0.0001
-0.00013342470750263752,-8.4e-05
-8.38027990544908e-05,-6.6e-05
-5.031983598464055e-05,-6.6e-05
-7.935534800167444e-05,-8.4e-05
-0.00015937071962949335,-0.000116
-2.568238673002825e-05,-8.4e-05
0.0002839252219699636,-0.000134
0.00018591068830005032,-0.000116
-0.00030295808129986835,-0.000116
-0.00011294983906195493,-0.0001
-0.00013785166557074135,-8.4e-05
-0.00010433301236052792,-6.6e-05
-4.636304793225504e-05,-5e-05
-7.546875187358703e-05,-6.8e-05
-6.337914335183143e-05,-6.6e-05
-4.1952569064081265e-05,-8.4e-05
-0.00013427746418603174,-0.0001
-0.00013768740611291071,-0.0001
-0.00010462255713009488,-5e-05
-3.8039340931558734e-05,-6.6e-05
-4.955271146430713e-06,-5e-05
-5.048865163060265e-05,-5e-05
-9.633301660944505e-05,-8.4e-05
-5.028528489131025e-05,-6.6e-05
-0.00011285164433203061,-6.6e-05
-0.0001513210002841272,-5e-05
-3.3802796024585657e-05,-5e-05
-0.00032415808384686864,-6.8e-05
-5.871775855629654e-05,-8.2e-05
-0.0001041794530414909,-0.0001
-9.244064142022119e-05,-0.000118
-9.246940852147552e-05,-8.2e-05
-5.0653384458628755e-05,-0.0001
-0.00010820503263134623,-0.0001
-5.8347474582763484e-05,-0.0001
-8.3786083169463e-05,-8.4e-05
-9.185512193593205e-05,-8.4e-05
-1.7922236808926762e-05,-8.2e-05
-7.545813062982602e-05,-0.000118
-0.00016730306289013924,-0.0001
5.6210321783658305e-05,-0.0001
-2.5206531341024685e-05,-6.6e-05
-9.617944742852895e-05,-8.4e-05
-0.00013824681134141603,-0.000166
-0.00017536221019189864,-0.000134
-0.00011701959987005485,-0.0001
-0.00013436076747855668,-8.2e-05
-0.00012130082895110517,-3.4e-05
-7.596460715334952e-05,-8.4e-05
-5.1288130979382824e-06,-3.2e-05
1.2148349682648505e-05,-3.4e-05
-8.785166254083618e-05,-3.4e-05
-5.417945987346483e-05,-5e-05
-3.768741484591903e-05,-6.6e-05
-4.633301357953991e-05,-8.4e-05
-0.00010031982915266662,-0.0001
-7.116702980782417e-05,-8.2e-05
-0.00013380280208439595,-8.4e-05
-0.00015461459176170948,-0.000116
-0.00011330390024441381,-0.0001
-8.42774611561266e-05,-0.0001
-0.00014677477265052124,-8.4e-05
-0.00010028527312839679,-0.000116
-0.00010031982915266662,-8.4e-05
-0.00012084458883957669,-8.4e-05
-8.96330645341619e-06,-5e-05
-0.00034563966276514535,-8.2e-05
-5.028528489131025e-05,-5e-05
-6.691278282791606e-05,-8.4e-05
-6.691277296603699e-05,-0.0001
-7.522910821212664e-05,-6.6e-05
-0.00012569753077421473,-6.8e-05
-8.717762922800714e-06,-3.2e-05
2.4156449773870353e-05,-1.8e-05
-5.433300933062278e-05,-1.6e-05
4.500558515449636e-05,-3.4e-05
-0.00014294301843195573,-5e-05
4.910998951104287e-05,-3.2e-05
-0.00032258416739442287,-6.8e-05
-3.38028009555252e-05,-8.2e-05
-0.00010896330265134739,-0.0001
0.00014790060991823654,-6.8e-05
-9.22550014085615e-05,-6.6e-05
1.158655171573324e-05,-6.6e-05
-5.417945987346483e-05,-6.8e-05
-6.705751576518325e-05,-6.6e-05
-5.8205039463320174e-05,-5e-05
1.6418821919100554e-05,-5e-05
-5.871775855629654e-05,-6.6e-05
-6.655615755689835e-05,-5e-05
-8.717762922800714e-06,-5e-05
-5.417945987346483e-05,-5e-05
-0.0001296269767668719,-8.4e-05
-5.8868714339258446e-05,-6.6e-05
-3.378609493237647e-05,-3.4e-05
-0.00012214346734657107,-5e-05
-0.00016420913501625768,-3.4e-05
-0.00014237633513669495,-0.000132
0.00010930462743884977,-0.000118
-0.00015623339948769301,-0.0001
-0.0001888807951293723,-6.6e-05
3.820546303932482e-06,-1.6e-05
-0.00030849276507290537,0.0
0.0001943683146876109,6.6e-05
0.00012843548941390243,5e-05
-0.00012760876293845439,5e-05
-4.64878204262796e-05,6.6e-05
0.00010738196042582563,5e-05
-5.187831366539842e-05,6.8e-05
-7.179496164806852e-07,1.6e-05
4.948084300809236e-05,1.6e-05
4.1144869062564816e-05,3.4e-05
-2.852892578144221e-07,5e-05
-4.179454378089921e-06,8.4e-05
-7.771652693711758e-07,8.2e-05
0.00011623599983552168,0.0001
8.308722133085981e-05,0.0001
9.128223080966073e-05,0.0001
7.865877411901605e-05,0.000118
0.00013731258096593034,0.00015
0.00011649100830457694,0.000132
5.3453159821812324e-05,0.000134
0.00021231257564890895,0.00015
0.00013283138256292806,0.000134
0.0003302713001847375,0.00015
0.00014128223383956585,0.00015
0.0001288057339399192,0.00015
0.00015404472823231336,0.000132
0.00013269693556553343,0.00015
0.00030576202577242977,0.000168
0.0001496801662731009,0.000132
7.882679588371281e-05,0.00015
0.00011214833971690529,0.000134
0.0001706587794968039,0.000134
0.00031916489142086733,0.000132
6.14331778713642e-05,0.000134
2.8965238342367633e-05,0.000116
9.968016324319578e-05,0.000134
-9.509605097926748e-05,0.000134
0.00012929989297648124,0.000116
0.0001413774502820103,0.000116
9.128223080966073e-05,0.000118
0.00040789247384450197,0.000116
0.00033041587533193955,0.000116
6.1753195847265e-05,0.0001
0.00022830599913961245,8.4e-05
7.864465190818431e-05,8.4e-05
9.566698496627403e-05,8.2e-05
0.0001036669807173569,8.4e-05
6.61972026388153e-05,8.4e-05
4.968016760969995e-05,8.2e-05
8.269694239750737e-05,8.4e-05
-1.3866041015491e-05,8.4e-05
3.826798735264412e-06,8.2e-05
8.731258286696473e-05,8.4e-05
7.929989487751564e-05,6.6e-05
8.294248346265308e-05,8.4e-05
9.994810556665455e-05,8.4e-05
7.932620143994138e-05,8.2e-05
4.1282236408899776e-05,6.8e-05
8.344383673999846e-05,8.2e-05
7.883296448907263e-05,8.4e-05
7.477088608477016e-05,8.4e-05
7.479346978784605e-05,8.2e-05
7.032620375450339e-05,8.4e-05
8.297102374068874e-05,0.0001
8.294248346265308e-05,8.4e-05
0.0005439013956466248,8.2e-05
7.080574502081027e-05,8.4e-05
8.269694239750737e-05,8.4e-05
8.344383673999846e-05,8.2e-05
7.880574077189314e-05,8.4e-05
8.344383673999846e-05,6.6e-05
8.294248346265308e-05,6.8e-05
5.429989336256306e-05,8.2e-05
8.731258286696473e-05,6.8e-05
8.344383673999846e-05,6.6e-05
-1.2687413330966464e-05,6.6e-05
7.864465190818431e-05,8.4e-05
9.128223080966073e-05,0.0001
4.089004427100728e-05,8.4e-05
7.883296448907263e-05,0.0001
0.00012080573818883634,0.0001
2.4531253261672077e-05,6.6e-05
0.00011599114910191104,8.4e-05
6.591895218625607e-05,0.0001
8.319720100627571e-05,8.2e-05
9.50447250515005e-05,0.0001
8.294248346265308e-05,8.4e-05
9.128223574060026e-05,8.4e-05
9.582053935437152e-05,8.2e-05
9.50447250515005e-05,6.8e-05
7.932619650900184e-05,8.2e-05
4.0647116603815774e-05,8.4e-05
0.0001701554193270673,0.0001
6.181502982904923e-05,0.0001
3.2991159900584415e-05,0.0001
0.00010382054003639392,0.0001
9.994810556665455e-05,0.0001
8.714834806383178e-05,0.0001
8.731258286696473e-05,8.4e-05
9.088203575690095e-05,0.0001
7.929989487751564e-05,8.2e-05
1.336857230763084e-05,8.4e-05
9.582053935437152e-05,0.0001
8.319720100627571e-05,8.4e-05
0.00011231257945097776,0.0001
6.231258381748193e-05,6.6e-05
7.880574077189314e-05,8.4e-05
7.932619650900184e-05,8.2e-05
0.0002896327450356243,8.4e-05
7.477088608477016e-05,8.4e-05
8.731258779790427e-05,8.2e-05
7.880574077189314e-05,8.4e-05
9.994810556665455e-05,0.0001
8.731258286696473e-05,0.000116
0.0002659628940462048,0.0001
0.00015803669853828984,0.000134
0.00011214833971690529,0.000134
2.4361362670891083e-05,0.000132
0.0001246377981256531,0.000134
0.00013344383483896406,0.000134
0.00024103667911047226,0.000166
0.00010803669057744518,0.000184
0.0002664909976705342,0.000182
0.00016600092525397695,0.0002
0.00036065158789396894,0.000234
0.0002832139240799845,0.00025
0.00013277491344335925,0.000266
0.00023689204691645436,0.0003
0.0003072485857000518,0.00035
0.00029054897277272875,0.000368
0.00031999790462235855,0.000416
0.000357469534268696,0.000466
0.00039888053095803747,0.000518
0.00044061268960125213,0.000516
0.0004779593889634999,0.000466
0.000490865314525477,0.000534
0.0005078653400131049,0.000616
0.0003768993492459507,0.00065
0.0005380752341757226,0.000734
0.0006317207581789618,0.000816
0.0007020744961889027,0.000834
0.0007566865055858269,0.000716
0.0007737392724027342,0.000584
0.0007350354995850856,0.000366
0.0006206920610221825,0.000118
0.000440373755995085,-0.0001
0.00023562148186427698,1.6e-05
9.573845893485156e-05,0.00015
0.00031231258170871925,0.000316
0.0005688409043953471,0.00045
0.0002289261929907203,0.000518
0.00048221179177202145,0.000516
0.0005578213196148307,0.0005
0.000495317203423876,0.00045
0.000495317203423876,0.000434
0.0005364013577169985,0.000432
0.0006767539244328212,0.0005
0.0004533171961450537,0.000618
0.0004941256122993107,0.0007
0.0005599309727860079,0.0007
0.0006274681581328588,0.000682
0.0006741623015076155,0.000618
0.0006741623015076155,0.000432
0.00026599115819162645,0.000184
0.0004742018552468335,-5e-05
1.6713636630296847e-05,-5e-05
0.0001618750996633502,8.4e-05
0.0002465342822181969,0.000282
0.0004901881190133305,0.000484
0.0005651443565388647,0.000666
0.0003735981443977245,0.00085
0.0005652697601931499,0.001068
0.001328458214867855,0.001266
0.0009569026900947155,0.0014
0.001140848904299951,0.001384
0.0012762112418625681,0.00125
0.0013233260929985554,0.0011
0.0012805017904193418,0.000982
0.0011752368821504003,0.000918
0.0006779584937902458,0.00085
0.0009602159658829263,0.00075
0.0006233946892582276,0.000566
0.0007677120863888193,0.000334
-3.38028009555252e-05,1.6e-05
-0.0003167861320026353,-0.0003
0.00014589560114589703,-0.000666
-0.0009472868301666866,-0.00085
-0.0006259322146239158,-0.000884
-0.0006807490355254166,-0.00075
-0.0007896259161759152,-0.000584
-0.0007698909549364009,-0.000632
-0.0007140141792721938,-0.0008
-0.0006569601319318347,-0.000834
-0.0006717486113137088,-0.000616
-0.0007229159057981446,-0.00015
0.0003706587916164245,0.00035
0.0006081312617802246,0.000632
4.2158778711881854e-05,0.000484
0.000321710222685707,0.000334
0.0004470205835948797,0.000266
9.128223080966073e-05,0.000134
0.00030137191168454056,-0.000118
-0.0003552814246966924,-0.0003
-9.940520050704668e-06,-0.000332
-0.00015859314991214742,-0.0003
-0.0002645944644151865,-0.000318
-0.00026268741368767353,-0.00025
-0.00023378609225917842,-0.000232
-0.0002758736138528896,-0.000234
-0.0002593707256893036,-5e-05
0.0004389199177822253,0.00015
0.0007306297642807457,0.0004
0.0004691592397919952,0.00065
0.00028097622427093066,0.000866
0.0005098480116293453,0.001068
0.0007398379980082682,0.001416
0.0009930070293789328,0.001484
0.0012022268727958651,0.001582
0.001382697445235841,0.001568
0.00151083418123966,0.00155
0.0015450675248262534,0.001566
0.0015662139181986158,0.001634
0.001578699214894395,0.001716
0.0012495526103539374,0.0018
0.0016768233337645614,0.001816
0.0017396951008073367,0.001784
0.00177805402343758,0.001666
0.0017650331872606508,0.001468
0.001278132178115815,0.001282
0.0015452502457217075,0.001134
0.0013825492803646567,0.000966
0.001207910313152831,0.000768
0.0010327490608253284,0.000466
0.00030396523085294674,0.00035
0.00019553059630757284,0.0002
-0.00020260438880900393,0.0
-7.536219427020927e-05,-6.6e-05
-0.00014185511510395813,-0.000168
-0.0002463630649828151,-0.000266
7.2080506302533e-05,-0.000266
-0.0003338028043421374,-0.0003
-0.0002512243993765438,-0.000318
-0.00028805837964581516,-0.000332
-0.0003193333370244987,-0.0003
-0.0003835090022707163,-0.000318
-0.0003172863659567059,-0.000316
-0.000366802821331931,-0.000334
-0.00031730305225609654,-0.000382
-0.00039034955662301007,-0.000368
-0.0004952777408929021,-0.00035
-0.0003589526078002004,-0.000366
-0.0003506534026380596,-0.00035
-0.0003587177372882111,-0.00035
-0.0004926086035981869,-0.00035
-0.000254700120036836,-0.00025
-0.0003260749570059377,-0.00025
-0.0007080792215513644,-0.000366
-0.0005963330074609801,-0.000534
-0.0005717397690102495,-0.000734
-0.000475521714679689,-0.000866
-0.0006297264739782479,-0.00095
-0.00077489337337214,-0.001016
-0.0009051037075172471,-0.001134
-0.0009939292578475874,-0.001234
-0.0010862047301625664,-0.001382
-0.0011948317502448855,-0.001468
-0.0013077042698203755,-0.0015
-0.0013985545822668374,-0.001532
-0.0014718867260992052,-0.001568
-0.001517922293189504,-0.001616
-0.0015550706504398467,-0.001634
-0.0015884957933126954,-0.00165
-0.0016177639569189273,-0.001582
-0.00162112867226838,-0.001518
-0.0015972798084500374,-0.001516
-0.001520700029496565,-0.001434
-0.0015138033413285908,-0.001366
-0.0014600691969591793,-0.001384
-0.000842623890996327,-0.00145
-0.0014093586258183462,-0.0015
-0.0014263254759447745,-0.001466
-0.0014510469188234467,-0.001484
-0.0014510420273314269,-0.001532
-0.001496103871929629,-0.00145
-0.0014837638998838611,-0.0013
-0.0014436512984694395,-0.0011
-0.0013495754415109953,-0.001018
-0.0012211949198565057,-0.000982
-0.001103053632215288,-0.0008
-0.00031762407614366274,-0.000468
-0.0008224003328200475,5e-05
-0.0005597293809630829,0.000518
0.0006368920908794537,0.000616
0.00016832670150502678,0.0006
0.0005203285460997619,0.000634
0.000590898219813873,0.000582
0.0004620501661963169,0.000468
0.0005694536032183598,0.000382
0.0001950447212494317,0.000268
0.0004221454531927424,0.000366
0.0004280540599726902,0.000466
0.0003687556067455079,0.000268
0.000339965803445564,-0.0001
-0.0005603563597869925,-0.000334
-0.000673254796380685,-0.000534
-0.0001823977733409709,-0.00075
-0.00043546315636258437,-0.000982
-0.0006559915376168554,-0.001184
-0.0012163177867325029,-0.0014
-0.0010849681294219143,-0.001416
-0.001249903796576781,-0.00155
-0.0013907520213347847,-0.0015
-0.0013182130881599717,-0.0013
-0.0011006727379221024,-0.001184
-0.0013871794964695175,-0.001216
-0.0013030502518485076,-0.001218
-0.0012305644939256532,-0.001132
-0.001188363698788916,-0.001034
-0.0011518711170493746,-0.000816
-0.0010537188326525775,-0.000634
-0.0009087944171413185,-0.0004
-0.0007267834980852594,-0.000216
-0.0005221460359506128,-6.8e-05
-0.00033474488992616986,0.00015
-0.00013849781588756786,0.00035
4.867281117902654e-05,0.0006
0.0002518836612834627,0.000834
0.0004771120168660792,0.00105
0.0007020259757438662,0.001284
0.000935711642133913,0.001416
0.0010817095823534818,0.001534
0.0013165432503625936,0.001616
0.0014593952511580525,0.0017
0.0015638994535228622,0.001766
0.001651833963355249,0.001784
0.0017148647827837046,0.00185
0.001773674402389024,0.001816
0.0018032041819232897,0.00185
0.0018243175971720338,0.001884
0.001849401641620442,0.001934
0.0018699178214725588,0.001932
0.0018991274449646168,0.00195
0.0019243858474350256,0.00175
0.0018894662748550552,0.001584
0.0018003008447243622,0.001416
0.0016700934296954605,0.00125
0.0011770275627048584,0.001068
0.0009442717531687944,0.000832
0.0008909553579968915,0.000584
0.00010788203165889158,0.000134
0.0006459249409495518,-0.000284
0.00030589849445503424,-0.000734
-0.000839141937628461,-0.00095
-0.00046886526188591964,-0.00105
-0.0007618068176330719,-0.001116
-0.0009660847551042535,-0.001116
-0.0010596851117013408,-0.001068
-0.0009817918093504513,-0.001016
-0.0007097271020968535,-0.000884
-0.001023149058798848,-0.000732
-0.0009282252380302387,-0.0006
-0.0008118830727119651,-0.000468
5.214120446316789e-05,-0.000332
-0.0005366930965327936,-0.0003
-0.00042795384826663,-0.000234
-0.00014338731580792747,-0.000266
-0.0001509585367806986,-0.0003
-0.000413107933301038,-0.00045
-0.00031455237694521046,-0.0005
-0.00038143923053850806,-0.000634
-0.0006275180836737974,-0.000816
-0.0006035138360887894,-0.001018
-0.0007468319092892123,-0.0012
-0.0009222685841754499,-0.00135
-0.001100956523354291,-0.00145
-0.0013196679125607386,-0.001516
-0.0013819523849809918,-0.0016
-0.001481269554533826,-0.001616
-0.001547160792263486,-0.00165
-0.001596724071840547,-0.001518
-0.001597204069218761,-0.00135
-0.0015363890956753346,-0.00125
-0.0014458089198204252,-0.001216
-0.0010472488088207935,-0.00115
-0.0012432916827913214,-0.000984
-0.0011525387268150628,-0.000616
-0.0009972699102121035,-6.6e-05
-0.0007143141381860612,0.000482
-0.00030977181134108505,0.000884
0.00015696997852653987,0.000984
0.0005607596467607072,0.000766
0.0007743372967496873,0.0005
4.971471130662095e-05,6.6e-05
0.0005705147808540711,-8.2e-05
0.0005746000050885566,0.00025
0.00017811148040688244,0.00055
0.00019015286433997377,0.000582
0.00031834704578938955,0.000234
-0.00019617945348833924,-0.0002
-0.00047135534690419544,-0.00045
3.166654065647607e-05,-0.000584
-0.0002577258037075363,-0.000732
-0.0004963511867061794,-0.000784
-0.0006407431790900751,-0.000566
-0.00012326352040034483,-0.0002
0.00030098201243353243,0.0001
-0.00037090315396515547,0.000466
0.0004597214215196663,0.000734
0.0002662034450005399,0.000966
0.0005585094815365058,0.001184
0.0008308777374279535,0.001282
0.0010362632033664868,0.001368
0.0011962811064555724,0.00135
0.0012942094867499088,0.0014
0.0013489287933911413,0.001432
0.001386721723057659,0.0015
0.001557369627256383,0.00155
0.0014690510564053989,0.001584
0.0015150804696831565,0.001634
0.0015657869382822954,0.001666
0.0016073914447627964,0.001666
0.0016366668667120254,0.001518
0.0016194895246386752,0.001416
0.0015638753116428929,0.001316
0.0012745418229731847,0.00125
0.0013724818008373104,0.0011
0.0012676526298333057,0.00095
0.0011504931908725407,0.0008
0.00044025628129157405,0.000634
0.0008667069697335661,0.00025
0.0006520283790124548,-0.0003
0.0003355122971989971,-0.000716
-4.57809455890645e-05,-0.001034
-0.0004619194615601648,-0.001284
-0.0014264425561731225,-0.00145
-0.0011278628063701888,-0.001482
-0.0013169012215582389,-0.001468
-0.0014229820622541182,-0.001432
-0.0013714527184651747,-0.0013
-0.0014222839990058543,-0.001018
-0.0013088851706680262,-0.000732
-0.0011271844668800698,-0.000818
-0.0009724173437892839,-0.001032
-0.0009031925542480401,-0.001118
-0.0009288694159712507,-0.001182
-0.001040908567317603,-0.0012
-0.001134632236850612,-0.00095
-0.0011149464272163948,-0.00095
-0.0010734925313530882,-0.001034
-0.0010360311975085024,-0.001034
-0.0008576671224384006,-0.00065
-0.0009209160866319387,-3.2e-05
-0.0006976573455376707,0.000566
0.0006941244804409589,0.0009
0.0001813295200288907,0.000966
0.0005902022472839726,0.000968
0.000845877813287206,0.001066
0.000973530212686019,0.001084
0.0008368378626641758,0.00095
0.0010155437899104448,0.000766
0.0009633588284007654,0.000866
0.0009136084887014582,0.001
0.0008932979093042435,0.000984
0.0009016436625356063,0.00085
0.0009233261476543468,0.000416
-8.785166254083618e-05,-0.00015
0.0005140237284661995,-0.0006
0.00011535395337128229,-0.00095
-0.00033367913637856895,-0.0012
-0.0007347817975931418,-0.001416
-0.001472972479537565,-0.001534
-0.0012805199607096671,-0.0016
-0.0014412727710272312,-0.00165
-0.0015521731514733302,-0.001666
-0.0016137767597624217,-0.00165
-0.0014654553608333851,-0.00165
-0.0016541793793166059,-0.001634
-0.0016502852782985444,-0.001632
-0.0016417177511306004,-0.001618
-0.0016337859601351825,-0.001616
-0.0016252064409222867,-0.001466
-0.0015846826385980603,-0.001318
-0.0015075769453574126,-0.0012
-0.0014038763677944584,-0.00115
-0.0012892855144093858,-0.001132
-0.00033279215897479334,-0.0011
-0.0011463991942747545,-0.000868
-0.0010653199527182375,-0.000466
-0.0008980945150328146,0.0001
-0.0005947861125571928,0.000666
-0.00015637016402666968,0.000968
0.00030338616103757097,0.001032
0.0003274602110026536,0.00095
0.0009005097042323404,0.000884
0.0009571919192841521,0.0008
0.0009143848947170736,0.000634
0.000123125774826266,0.000382
0.0006702489501016045,0.00035
0.0005369026173064927,0.0006
0.0004883609100587881,0.000968
0.0005688889514701879,0.001282
0.0007912065537208145,0.0015
0.0010790920029625573,0.001618
0.0013358680363277267,0.001632
0.0015045235253736866,0.0015
0.000408634797206043,0.001334
0.0015180360353936517,0.0012
0.001412442608209049,0.001016
0.0008520384108012129,0.00075
0.0010695699247954334,0.00015
0.0007691602836068496,-0.000466
-0.0005175662187568861,-0.000484
-2.5117774429372687e-05,-8.2e-05
-0.00022713218383020974,0.000316
0.0007345578690578491,0.000616
8.12253971807731e-05,0.000734
0.00038818307459554345,0.000616
0.00040779495958423364,0.000418
0.00022929985958877521,0.000232
0.00012437793761209423,0.00015
9.128223080966073e-05,0.00015
0.00023478547065154776,0.000118
-1.3124891217559619e-05,3.2e-05
2.768014570219647e-05,0.0
4.469916670983645e-05,-1.6e-05
-0.00018785164887688834,-8.4e-05
-1.8051802176180526e-05,-0.000166
-2.3690898593897054e-05,-0.000216
3.70418256453303e-05,-0.00025
-0.00021728375636082052,-0.000234
-0.0003029897182079327,-0.000234
-0.00021655614692285563,-0.000216
-0.00024617943679448623,-0.00025
-0.00021806170082957121,-0.000266
-0.00024196330597719311,-0.000318
-0.00023844452835287066,-0.000366
-0.00033783737796570687,-0.00035
-0.00019186872752698325,-0.0002
-0.00031011208561660064,8.4e-05
-0.00021247822047888373,0.000366
-3.1802180719372916e-05,0.00065
0.0002171488805935518,0.000966
0.0011738753116781425,0.00125
0.0007997699783470641,0.001468
0.0010758846043080683,0.001516
0.0013100409584624845,0.001516
0.0014347717959098442,0.001534
0.0015078899764138561,0.001534
0.0015247708309547726,0.001432
0.001502951936324702,0.00135
0.0014605862505698735,0.001268
0.0013935560841498952,0.0013
0.001335964446057539,0.001266
0.001295156069350798,0.001184
0.0012534354293823402,0.00095
0.0011716130755139564,0.000682
0.000278458249858638,0.000234
0.0007537454565613264,-0.000266
0.00038854863472900076,-0.0007
-2.5384291711305484e-05,-0.001018
-0.0004491712077207978,-0.001216
-0.0008089035229115659,-0.001334
-0.0010729534415954722,-0.001432
-0.0012538248008009522,-0.001534
-0.0013819192490673083,-0.001584
-0.001473386205088412,-0.0016
-0.0015391272266760405,-0.001632
-0.0015883791864545428,-0.00165
-0.0016171451042833731,-0.001668
-0.0016381247135568626,-0.001666
-0.0016543632047425162,-0.001684
-0.001667303094616019,-0.001666
-0.0016711943554129076,-0.001666
-0.0016707001569288293,-0.00165
-0.0016668029001094646,-0.00165
-0.0016582049194589449,-0.001618
-0.0016464355162887924,-0.001432
-0.001589750066540645,-0.001368
-0.0015199683569644222,-0.00135
-0.0014446310169840125,-0.001316
-0.0013675470987723566,-0.001216
-0.0013139579634728262,-0.001084
-0.0010507772313628487,-0.001016
-0.001160880614189829,-0.001
-0.0010811120558095562,-0.000784
-0.0009737894073008747,-0.000316
-0.0007860069221364586,0.00015
-0.0004984942913711704,0.000582
-0.00015266702843496697,0.0008
0.0002933969651063017,0.0009
0.0006008501575660066,0.001018
0.0017394885536120435,0.001216
0.0016901146221131734,0.001434
0.0014899939005937062,0.001516
0.001291180075288919,0.001516
0.00141745670310961,0.001418
0.001469874247175334,0.001266
0.001426463833399087,0.0013
0.0013725436545428528,0.001366
0.0013360421576646298,0.001434
0.0013399028860839103,0.0015
0.0013981473016758297,0.00155
0.001460782068040736,0.0016
0.0015194760275282937,0.001666
0.0015774760263092818,0.001684
0.00162367459053689,0.001734
0.0016993391871124397,0.001716
0.001669809407578174,0.001716
0.0017120501236013966,0.001568
0.0016818356929744055,0.001432
0.0016050681438433937,0.001384
0.0015217938057954159,0.001284
0.0014144645301039976,0.001182
0.0008387352093026814,0.001068
0.001226587213110421,0.000832
0.001087329512209221,0.00045
1.1636371463337458e-05,-3.2e-05
0.000569178496239755,-0.000568
0.00015748467985720978,-0.000866
-0.0002665092074083759,-0.000884
-0.0005960396362823331,-0.00055
-0.00032029696095242535,-6.6e-05
-0.0005997125156290415,6.6e-05
-0.000570110744377547,-0.00015
-0.0004213553438742903,-0.000466
-0.00015885766523262852,-0.000866
-0.0010010036965239632,-0.00115
-0.0006674440194411358,-0.0012
-0.0009277327752368772,-0.001084
-0.001078161539381146,-0.000984
-0.001106504816520448,-0.000982
-0.0005907219927439223,-0.00105
-0.00048779466539528043,-0.0011
-0.001030223103000061,-0.00115
-0.0010672639263209977,-0.001218
-0.0011310415661278516,-0.001032
-0.0011266892427605679,-0.0007
-0.0010299368718218623,-0.000134
0.00015258163957688372,0.000466
0.0007188124718258176,0.000934
0.00012622811488299638,0.001184
0.0006000483079023843,0.001116
0.0009180490167151657,0.000966
0.001047433872134393,0.000584
0.0009567392195872107,0.0001
0.0006817616288357432,-0.000434
0.0002909798777169201,-0.000782
-0.00014588532977697754,-0.000818
-0.000492643593545136,-0.0005
-0.00020280949616995262,-0.000466
-0.000689135577488623,-0.000516
-0.0005785077793800864,-0.00065
-0.0005807862284734676,-0.000634
-0.00030504801071290066,-0.000316
-0.0005323086234397338,5e-05
-0.0003945808944578329,0.000332
-0.00015105883209086537,0.0006
0.0001580758304744493,0.000518
0.00016180788109559243,0.000182
0.00040396673591837606,-8.2e-05
0.0002977400183072572,-0.000118
-0.00016285164736193578,-0.000182
-0.00022935534722951076,-0.000234
-0.00020493778829257676,-0.00025
-0.00020005189781995767,-0.000234
-0.00010031982915266662,-0.000132
0.0001496801662731009,0.00015
0.00036578694445960454,0.000316
0.00044529988293431964,0.000384
0.00014136960022626864,0.000132
-0.00025028529207999126,-0.0002
0.0001523880706144498,-0.000532
-6.255586382498473e-05,-0.00075
-0.00034579208796808907,-0.000968
-0.000619534498089491,-0.001216
-0.0008727965072560509,-0.0014
-0.001089602660320735,-0.001534
-0.001284765460202838,-0.001566
-0.0012822547046860264,-0.001516
-0.0015055545500922683,-0.001518
-0.0015339990495583696,-0.001482
-0.0015212434584809728,-0.0014
-0.0014801863257365088,-0.001234
-0.0014112142369846173,-0.000934
-0.001267698571175099,-0.0006
-0.0010495624056511888,-0.0003
-0.0007756958936435391,0.0002
-0.00048312798477068364,0.000568
0.0012482173908225612,0.000816
0.00031058048071595145,0.001116
0.0006666699163961494,0.001334
0.0009512856004601491,0.001516
0.0011890310474366745,0.0016
0.0013868910317975747,0.00165
0.0015220184988482023,0.001718
0.0016191723666077052,0.00175
0.0016780509404714992,0.001766
0.0017198957612212375,0.001834
0.0017659480540584433,0.00185
0.0017989386430918436,0.0019
0.001836310746654582,0.0019
0.0018702655907761696,0.001932
0.0018947707034755088,0.001834
0.0018906138819989573,0.001684
0.00183513379055856,0.001482
0.0017287916495147774,0.001334
0.0015787722716945638,0.001234
0.000959524372027334,0.001066
0.000986514678252929,0.000934
0.0011381911673374436,0.000566
0.0009439030766815501,0.0001
-0.000583866527230471,-0.000484
-0.0010462537057748676,-0.0008
-0.00016755684848618953,-0.000882
-0.0005260640421635459,-0.001068
-0.0008137325300656951,-0.001082
-0.0009609918440661458,-0.0009
-0.0009852904884652242,-0.000568
-0.0009096343336581604,-0.00025
-0.00016336361695210263,-0.000282
-0.0005064974823710727,-0.000568
-0.00033349594211291926,-0.000816
-0.0003453060551198827,-0.000866
-0.0003648378222029884,-0.000984
-0.0008122609010229886,-0.000984
-0.0009143269313009597,-0.000666
0.00038224878748249096,-0.000334
-0.0007486692957029574,-0.000532
-0.0009350450824364804,-0.0008
-0.0005872695066707249,-0.00065
0.00035541246463673305,-8.4e-05
0.000495636964990921,0.000466
-0.0002794075393234673,0.000634
7.900837773213419e-05,0.000566
0.00038847735306706514,0.0004
0.0005142685397522939,1.8e-05
-0.0006115541866490368,-0.00035
0.00014970975191031826,-0.00055
-0.0008218066476998864,-0.000818
-0.0004325612392742433,-0.001116
-0.0010502175500017295,-0.001284
-0.0009489725014327813,-0.001432
-0.0011681577342049017,-0.001534
-0.0013454091526305344,-0.0016
-0.001642117906735844,-0.00165
-0.0015560232290632123,-0.00165
-0.0016096816342013476,-0.00165
-0.0016380391913415463,-0.001634
-0.0016087176946932907,-0.001632
-0.0016417177511306004,-0.001618
-0.0016337859601351825,-0.001516
-0.0016012131991943236,-0.0014
-0.0015438104358099628,-0.001334
-0.0012137415483386503,-0.001282
-0.0013851686198791298,-0.0012
-0.0013058150493702255,-0.001134
-0.0012393976606682926,-0.00085
-0.001120530933202506,-0.000384
0.0002781470286788698,0.000218
-0.0005501907348391173,0.000716
0.0013019919294486534,0.001016
0.0003783395780656905,0.001084
0.0007500347864940123,0.001034
0.0009589171169615692,0.001066
0.001049339029381124,0.00105
0.0010580367333528243,0.001034
0.001045667017879774,0.0008
0.0009848007625651708,0.0004
0.0008144925014817019,-5e-05
0.0005357825050814446,-1.8e-05
0.00027438839043174735,0.00045
0.0001897854501732508,0.000834
0.0002949638007295735,0.000984
0.0005528884865978268,0.001032
0.0008193341318410437,0.001084
0.0009811865811227016,0.0011
0.0010488668426111355,0.0011
0.001078306050648,0.000984
0.0010657996100834892,0.000782
0.0009882788500764404,0.0006
0.0008617545707484825,0.0006
0.0004639114183574174,0.0008
0.0006931262215937299,0.001018
0.0007502185330248902,0.001166
0.0008906727559901915,0.001216
0.0009495499886384315,0.00115
0.0011356852244176192,0.001168
0.0011743859203289973,0.001266
0.0011988805399890034,0.0014
0.001243538126440268,0.001534
0.001336963257169996,0.001616
0.0014506984939267435,0.001666
0.0015515044127443539,0.0017
0.0016274505067961475,0.001718
0.0016740354988933302,0.001716
0.0016994808825909525,0.0018
0.001732530958478918,0.00185
0.0017695898487623154,0.0019
0.0018148143749176966,0.001916
0.0018653715741151948,0.00175
0.0009365485606395168,0.001568
0.0017800218233401794,0.001332
0.0016361196507660538,0.0012
0.0014572437836196082,0.001
0.001269882755719232,0.0008
0.0010779994645513957,0.000534
0.0008773899094100655,0.000266
-5.051915442257372e-05,-0.0001
0.0003667442962324411,-0.000532
3.2067099982394085e-05,-0.000968
-0.0003449700017286101,-0.001182
-0.0012416643938493355,-0.00125
-0.0009899531848906757,-0.0012
-0.0011526781343376307,-0.001134
-0.00119253038214454,-0.0011
-0.0013997605717348484,-0.00105
-0.001122352935084898,-0.000966
-0.0010640684408164281,-0.0009
-0.001005905050422968,-0.000884
-0.000951622664472161,-0.0008
-0.0006421098777394506,-0.0007
-0.0008229724007012819,-0.00055
-0.0001807861845104684,-0.000434
-0.000459835054799413,-0.000382
-0.0005642090803604662,-0.0005
-0.0004680832543229911,-0.000618
-0.00048568749741762944,-0.00075
-0.0005658893867643455,-0.000782
-0.000665281743283228,-0.000834
-0.0007479781752175606,-0.000916
-0.0008220569816382613,-0.001
-0.000885052140511991,-0.000934
-0.0007258377044346958,-0.000784
-0.0006109934402049776,-0.0004
-0.0007852692535818398,0.000118
-0.0005100792774026681,0.000232
-7.984457609870023e-05,-8.2e-05
-0.0004899303539272088,-0.0004
-3.894748685876335e-05,-0.000368
-0.00010935863579772445,1.8e-05
0.00042854727226886125,0.000366
-0.00010377072746333345,0.000516
0.00037350043289987477,0.00025
-0.0001976233903746102,-0.000266
0.00020920748412791738,-0.000634
-4.456805280570275e-05,-0.000782
-0.000367872401288612,-0.00095
-0.0006642593425560296,-0.00105
-0.0008579445962679828,-0.001268
-0.0010168612035972903,-0.001432
-0.001179654870617622,-0.001568
-0.001334290475689098,-0.001666
-0.0014872101926970012,-0.001734
-0.0016028155573060143,-0.001816
-0.0016982572450684758,-0.001834
-0.0017641688377165413,-0.001866
-0.0014520570908205953,-0.001684
-0.0018017197174231049,-0.001432
-0.001409317600401405,-0.0014
-0.0012859547239239422,-0.001318
-0.0014618891475707244,-0.001232
-0.001347425078503007,-0.0011
-0.0012652538508005566,-0.000768
-0.001109687994399935,-0.000332
-0.0008666183161497788,0.00025
-0.0005000329811915694,0.000716
-4.7475591165115126e-05,0.001084
0.0012166970107212807,0.0012
0.0008033088939284526,0.001266
0.00106122843189583,0.001384
0.0012308065983478078,0.001432
0.0013182147994178564,0.001518
0.0013977417812083706,0.001582
0.0014771043457509892,0.001618
0.0015357471812574353,0.00165
0.0015907830936644097,0.0017
0.001636423396641485,0.001732
0.0016739073733604212,0.001768
0.0017114233814625845,0.001816
0.001752929269152361,0.001834
0.0017865041547970456,0.001882
0.0018239868691954605,0.001818
0.0018368379232622785,0.001632
0.001789142562476571,0.001468
0.0016959728938623355,0.0014
0.0015754959187816002,0.001282
0.0014423610246738015,0.001168
0.0013357909558808965,0.001016
0.001212981764742077,0.000734
0.001044906706450805,0.00035
0.0008092795122040079,-0.000168
0.0004719903880361124,-0.000766
2.3524970234898967e-05,-0.000934
-0.0003921054050205843,-0.0011
-0.0007507234856662313,-0.001182
-0.000999462955432717,-0.00125
-0.0011194263238513595,-0.00125
-0.001197031580438301,-0.001118
-0.0012013617343014297,-0.0009
-0.000558168797771143,-0.000482
-0.0008546175138490705,-0.0002
-0.0006838516615766401,-0.000184
-0.0006233854829722479,-0.0006
-0.000370951279935029,-0.00075
-0.0004396326404918648,-0.000816
-0.0005935938902723669,-0.000634
-0.00070215909609666,-0.000684
-0.0009528015929439972,-0.00075
-0.00031742746972247447,-0.0004
-0.0006202701153732628,0.00015
-3.7490404087688815e-05,0.000418
-0.00015682931339252454,0.000266
0.00010084837185248028,-3.4e-05
0.0004580132257217701,-0.000482
3.3483168431141204e-05,-0.000834
-0.0009904945626042366,-0.000934
-0.0005797423288498913,-0.000816
-0.0007257378233234501,-0.000666
-0.0006507772071236077,-0.00075
-0.000793929403518032,-0.001
-0.0008225239613360997,-0.00095
-0.0005511194871626438,-0.000584
-8.96330645341619e-06,3.4e-05
0.0005082822608127715,0.000516
-0.00025996565340622786,0.000616
0.0006697498995730226,0.000718
0.0004644980423721627,0.000766
0.0006516105114723972,0.0008
0.0007232797452555695,0.000516
0.0006972682108041564,-1.6e-05
0.0005084063232515029,-0.0005
-0.000517303064375717,-0.0006
-0.00016099514862654817,-0.000484
-0.0004056068697359882,-0.0005
-0.0005221436690996354,-0.0006
-0.0005473473184174339,-0.000716
-0.0005773004486965216,-0.000734
-0.0006398459847795805,-0.000882
-0.000735485620178784,-0.001118
-0.0008664914529373909,-0.0011
-0.0009624543212850729,-0.000916
-0.0010066257565455822,-0.00075
-0.0009747221043760303,-0.000666
-0.0008621207470275162,-0.000684
-0.0007564459001692913,-0.000766
-0.0007175517536380283,-0.000818
-0.0007350295279954416,-0.0007
-0.0007433293643178431,-0.000482
-0.00040817170779763315,-0.00015
0.00017826553281987306,0.00025
0.0005171812260125822,0.0007
6.853615189483616e-05,0.000982
0.0004347957588491618,0.001134
0.0013207489867593442,0.001234
0.0010075034393501976,0.0013
0.0011595290389538767,0.001432
0.0012723164307892134,0.001534
0.0013721176213669231,0.001634
0.0014719316718349435,0.00165
0.001409746133785545,0.0017
0.001451295887113436,0.001682
0.0016658547151750915,0.0017
0.0016824909951150113,0.001734
0.001703530564613261,0.001766
0.0017196991548000492,0.001768
0.001741309924334175,0.0018
0.0017664187418228129,0.0018
0.0017830870531459601,0.001816
0.0017955643025484162,0.00185
0.001815991015433588,0.0017
0.0014773306167044273,0.001584
0.001468285616799312,0.001382
0.001624760501765315,0.001334
0.0014963107102722204,0.001334
0.0014059405529940378,0.001232
0.001319142052735764,0.001084
0.00124346080930834,0.000866
0.0012133281139351012,0.000684
0.0003454622231277999,0.00035
0.0007393314130040748,-3.4e-05
0.0004579915295878107,-0.0004
-0.0008164634816184362,-0.0008
-0.00023158036466207745,-0.001032
-0.0005759621917063908,-0.00115
-0.0008526010357113698,-0.001268
-0.0010667900038602925,-0.0013
-0.0011901223479601469,-0.001182
-0.0008173784273112614,-0.000884
-0.0011625730704287256,-0.000634
-0.0010853809871274032,-0.000882
-0.0015279916661976322,-0.0011
-0.0008790904373751173,-0.001234
-0.0009681409174433417,-0.001216
-0.0011114778860040675,-0.001218
-0.0011933294310345055,-0.00125
-0.0012298446556483975,-0.001332
-0.001255166726410098,-0.001368
-0.0012934996925746225,-0.0013
-0.0013135765848853367,-0.001032
-0.0012612902432587924,-0.0008
-0.0011305991227851455,-0.000784
-0.00042396037895503453,-0.00105
-0.001110464479310583,-0.001216
-0.0009669735865412948,-0.0013
-0.0010923842624843924,-0.001184
-0.001189731817548878,-0.0012
-0.0012261108693365375,-0.001166
-0.0012137886486731002,-0.00115
-0.0013276950087555126,-0.000884
-0.0011031248744297073,-0.000384
0.00012819448481313006,0.0002
-0.0005672736001109536,0.0007
-0.00010680002058177422,0.000884
0.00033779636756344964,0.001034
0.0006967046635864406,0.001066
0.0007485951099395007,0.001016
0.000998280215566485,0.00085
0.0009894256682700167,0.0005
0.0008525046015487255,-0.000116
-0.0005543330001821578,-0.0006
0.00014466393134478133,-0.000866
-0.00028338860239118964,-0.000834
-0.0006114357652051348,-0.000716
-0.0007566041636046459,-0.0006
-0.0007566041636046459,-0.00035
-0.000629439532744756,0.0
0.00036608721895360234,0.000416
-0.00014297668688710905,0.000566
0.00014909366060090454,0.000368
0.00041917229388998195,0.00025
0.00039719052046515086,0.000266
0.0003593775909078743,0.000216
0.000273594430271383,0.000118
0.000211074061703717,-6.8e-05
-0.00037161009290458455,-0.00025
-0.00041454248167843195,-0.0003
-0.0004058754678744053,-0.000432
-0.00026573627277419405,-0.000434
-0.00044630080919797225,-0.000534
-0.00042706166379070416,-0.00065
-0.0006114588025546481,-0.00075
-0.0016422343558039315,-0.000782
-0.0006814018919200124,-0.000834
-0.0006540654731864909,-0.00085
-0.0008049944318373141,-0.0008
-0.0008171686454196323,-0.000784
-0.0008176529031296056,-0.0007
-0.000784840064604607,-0.000666
-0.0007388918343153736,-0.000566
-0.0006809374368632166,-0.000484
-0.0006061084175777169,-0.000384
-0.0005275750792750259,-0.000332
-0.0004437392058326631,-0.0003
-0.0003767291970935088,-0.000234
-0.0003138483571219868,-0.000184
-0.0002639259276328655,-0.000166
-0.00024263042264892766,-0.000166
-0.000196622527991306,-0.000134
-0.00013794983071502845,-0.000134
-0.0001298445791286054,-0.000116
-0.00012522911124203178,-0.000134
-0.00012970010260019408,-0.000132
-0.0001291942572369312,-0.00015
-8.785164281707805e-05,-0.000134
-0.00017194593693865517,-0.0001
-6.268741142993207e-05,-6.6e-05
-9.643543222361238e-05,-0.0001
0.0002359801386823836,-8.4e-05
-0.00011708103937667617,-0.0001
-0.00012545813365973115,-0.000134
-5.896329962144225e-05,-0.000116
-3.7851649649051975e-05,-8.4e-05
-0.00022264278034381919,-0.0001
-8.783737267806021e-05,-8.2e-05
-9.584457746274505e-05,-0.000118
-0.00010436304178230352,-0.000116
-4.646939843617227e-05,-0.0001
-0.00013391278175981183,-0.000116
-0.00013768740611291071,-0.0001
-7.546874201170795e-05,-0.0001
-0.00013805839027985792,-0.000118
-8.785166254083618e-05,-8.2e-05
-0.00010028528299027585,-8.4e-05
0.00011454744890073782,-8.4e-05
1.0872702064544148e-05,-6.6e-05
-6.285165116400455e-05,-6.6e-05
-7.522910821212664e-05,-6.8e-05
-8.785165267895711e-05,-0.000116
-0.00012984458899048445,-0.0001
-9.58445873246241e-05,-0.0001
-0.00020615969483341073,-0.0001
-7.145272844455288e-05,-0.0001
-6.283737116310765e-05,-0.0001
-0.00010005189176014738,-6.6e-05
-8.350899395316454e-05,-8.4e-05
-0.00027988061366257246,-0.000116
-0.00017117319954205475,-0.00015
-0.00014237633513669495,-0.00015
-0.00012568238292795948,-0.000218
-0.00017522911427193694,-0.000182
-0.00017569753380411988,-0.000184
-0.0001711209315829708,-0.000184
-0.00023768741217272096,-0.0002
-0.00018768740914281584,-0.000166
-0.00014220505402096474,-0.00015
-0.00012612468820435857,-0.000166
-0.00015446940517800496,-0.000168
-0.00013378608619936814,-0.00015
-0.00018433245705364485,-0.000166
-0.00016268740762786328,-0.000166
-0.00015417944620951696,-0.000184
-0.00015896330568125253,-0.000166
-0.000212938789955325,-0.00015
-0.000191963302947288,-0.00015
-0.0002765166280921711,-0.000134
-0.00013768742583666885,-0.000134
-0.00014220505402096474,-0.000132
-0.0001009219067319184,-0.000134
0.0001767959057386184,-0.0001
-0.00015065339051843906,-0.000116
-0.0001168028061824053,-0.000134
-0.00012135534541861762,-8.4e-05
-6.730305683032897e-05,-0.0001
4.760136832559584e-06,-0.0001
-5.846940685561518e-05,-0.0001
-7.562205478376817e-05,-8.2e-05
-0.00010048865466050779,-0.000118
-0.00010031982915266662,-0.000132
-0.00010846940002364124,-0.00015
-0.0001293553411697005,-0.00015
-0.00012119426148584832,-0.00015
-0.00013785164584698319,-0.00015
-0.00015005189479005255,-0.000168
-0.00015470011397702573,-0.000182
-0.00021330389644234502,-0.000184
-0.00018330305439230498,-0.000184
-0.00022536221322180377,-0.000216
-0.00019220503732711173,-0.000166
-0.0001799552817510987,-0.0002
-0.0001584694030535464,-0.000168
-0.00014307976324717423,-0.000182
-0.0002211942675456586,-0.0002
-0.00012522911124203178,-0.0002
-0.0002041794492394221,-0.0002
-0.00047715014759964726,-0.000218
-0.0002087177873697701,-0.0002
-0.00017995526202734056,-0.000182
-0.00015436305467408774,-0.00015
-0.0002463630649828151,-0.000184
-0.00017945272039356696,-0.000166
-0.00027299990173869566,-0.00015
-0.00011728637356084351,-0.00015
-0.00014570012368799704,-0.000168
-0.00011305837890302626,-0.000132
-0.0002005983839868781,-0.000134
-0.00014196331964114097,-0.000116
-0.00013797249331313694,-6.8e-05
-0.00013355615648879412,-0.0001
-4.678971719938479e-05,-1.6e-05
2.00290475153269e-05,-3.4e-05
1.1969857067846571e-05,-1.6e-05
8.29710188097492e-05,5e-05
6.231258628295171e-05,6.6e-05
2.4541866492656354e-05,5e-05
7.838991957174308e-05,8.4e-05
7.864465190818431e-05,0.0001
7.453125721612838e-05,0.000116
8.689206741237619e-05,0.000134
0.00022814702564896464,0.00015
0.00012453125038415443,0.000182
0.00019994810669552528,0.0002
0.0002451553942862878,0.000218
0.00022865877827779192,0.000216
0.0001323038509275849,0.000184
0.00018731258399583547,0.0002
0.00017463780115555826,0.000182
0.00019515541098014079,0.000184
0.00019179496582432643,0.000166
5.6451232696579506e-05,0.00015
0.00017015540946518822,0.000134
0.0001035645700341291,0.000134
0.00014566698306523962,0.000116
0.00015356456320215516,0.000134
0.00012929989297648124,0.00015
0.00017064465728597217,0.000132
8.662084601412583e-05,0.000134
0.00025788203088672793,0.00015
0.00011196984956757312,0.000134
0.00013299115486578074,0.000132
0.00015366697881632248,0.000168
0.00016573609435336555,0.00015
0.00012065877646689879,0.00015
0.00020828222290958254,0.000166
0.0002038205510271437,0.000184
0.00018319720213514644,0.000182
0.0002650805517255933,0.000168
0.00020390431782798504,0.000132
-1.6226192313122658e-06,0.000168
0.00017080574121874147,0.000166
0.00015811656989689755,0.000166
0.00021214833591483648,0.000184
0.00024115026823362867,0.0002
0.0003027831663035655,0.0002
0.00018299115789568586,0.000184
0.00012915541644806992,0.000182
0.0001576525191771437,0.000184
0.000157794954296587,0.000184
0.0002829189750006858,0.000182
0.00019128224673135006,0.000184
0.0004430849048946487,0.0002
0.0001747708872136409,0.000184
0.00019582055527606084,0.000182
0.00019545316083309603,0.000184
0.00021621389556245152,0.0002
0.00021187510269325533,0.0002
0.0001834438378688692,0.0002
0.00027192225005585944,0.0002
0.0001950447212494317,0.0002
0.00019968015944112698,0.000216
0.00022880572027597133,0.000218
0.00022032620051686994,0.0002
0.00015814487348983548,0.000166
0.00016619719637127672,0.00015
0.000153062218805963,0.000166
0.00010325514864729163,0.000184
0.00018319720213514644,0.000184
0.0001705472613682527,0.0002
0.00022038992797943609,0.000182
0.00020730999942310472,0.000184
0.00019128224673135006,0.000166
0.00013731258096593034,0.00015
0.00023696985714233596,0.00015
0.00014515541781211474,0.00015
-0.0001964637714619978,0.000168
0.00015429988462955472,0.000216
0.0002456369301176371,0.000266
0.0001988805188384169,0.000318
0.0003082822289693928,0.0003
0.00022915540278412204,0.000216
0.00021644383513490462,0.0002
0.00025722909559709956,0.0001
0.00020223752219843501,-8.4e-05
0.00010503816652171044,-0.000366
-4.283830387109376e-05,-0.000666
-0.0002611920175164026,-0.00075
-0.00047302026877672174,-0.0007
-0.0006242182989361576,-0.000634
-0.000688566823198757,-0.000566
-0.0006642180804539905,-0.000568
-0.0006910446005919504,-0.00055
-0.000580300826785522,-0.000532
-0.00035568323709762005,-0.0005
-0.0005381248835840473,-0.000518
-0.00062195693061733,-0.0007
-0.0005644890393835747,-0.000882
-0.0006538466183661152,-0.001034
-0.0007883005585236113,-0.000984
-0.0009031693591084617,-0.000916
-0.0009554639847134268,-0.000834
-0.0009438631013328643,-0.0008
-0.0008852792793107876,-0.00085
-0.0008510468824645852,-0.000666
-0.0007892969238900584,-0.000716
-0.0007597739293285946,-0.000684
-0.0007307889199942907,-0.0007
-0.0006919632543513067,-0.00075
-0.0007131079120329525,-0.00085
-0.0007476074474594693,-0.000766
-0.0005428642659811661,-0.000634
-0.00075190983027113,-0.000316
-6.29498360320498e-05,-5e-05
0.0004700904773090479,0.000416
-0.00015554001077010949,0.0008
0.000201872553777722,0.001166
0.0005718037284488395,0.001418
0.000940612364872657,0.001532
0.0012220356797858739,0.00145
0.0013881107490012546,0.001468
0.0014659676807421249,0.001566
0.0015028331204056371,0.001666
0.0015353587021170137,0.00175
0.0016098750603884006,0.00165
0.001656380052922548,0.001568
0.0016568974465462046,0.001466
0.0016059079025701705,0.00135
0.0015057137358351817,0.00135
0.001431244083423082,0.0013
0.0013649874039025137,0.001184
0.0009865554669847725,0.00115
0.0012439699978486084,0.00135
0.0012439699978486084,0.001366
0.0012601087657130815,0.00105
0.0012256799991307887,0.00095
0.0011744733360250954,0.00105
0.0011725437213182647,0.001284
0.0010804560191808252,0.001482
0.0011863687345622775,0.0015
0.0014241384812088372,0.001218
0.000880536637784501,0.0011
0.0009110361950592345,0.00105
0.0009793261573594432,0.00095
0.0010771069250478233,0.000782
0.0009674871687705556,0.000668
0.0008588402671400264,0.0005
0.0007209300933952853,0.00015
-4.614599930282444e-06,-3.4e-05
-5.4435434806669175e-05,-5e-05
-0.00016709878392703265,-6.6e-05
-0.00010028528299027585,-0.0001
-0.0001291670285888122,-0.000118
6.205016168083397e-05,-0.0001
-9.646940639701695e-05,-0.0001
-0.0001047001010852415,-0.00015
-0.00023118155027238783,-6.6e-05
-0.00010474485429247224,-5e-05
-8.725690875179963e-07,-3.4e-05
-9.323340829321776e-05,-3.2e-05
-6.533888251329308e-07,3.2e-05
-3.0300827973142184e-05,5e-05
8.714834806383178e-05,5e-05
-8.67894198221851e-05,0.000118
0.00011216262957968126,0.000132
5.320407341114007e-05,0.000118
0.00013731258096593034,0.000166
8.696985791449963e-05,0.000134
2.8871185524607804e-05,0.000116
-5.907310178303485e-05,8.4e-05
7.641368629546217e-06,6.6e-05
2.4770886136702233e-05,5e-05
0.00022238088357409737,1.6e-05
3.6941615393870544e-05,-3.2e-05
-5.871775855629654e-05,-5e-05
-4.435429311294275e-06,-6.8e-05
-1.4483818706226111e-05,-0.0001
-8.867645093518098e-05,-0.000116
-9.702306215002303e-05,-0.000116
-0.00010048865466050779,-0.000118
-0.00011268741445983719,-8.2e-05
-5.4894830719500845e-05,-8.4e-05
4.165252654610725e-05,-3.4e-05
-3.35089909232594e-05,0.0
-6.770367594388886e-05,1.8e-05
2.8213790084600025e-05,5e-05
7.745007116718532e-06,8.2e-05
0.00017854727684309373,8.4e-05
3.666982053955919e-06,0.0001
8.731258286696473e-05,0.000116
4.4050970053102386e-05,0.000134
4.496677372940675e-05,0.0001
9.113127502669882e-05,0.000116
0.00011619719334137161,0.000118
3.687510873050831e-05,8.2e-05
0.00010363694636464177,6.8e-05
0.00012395699316576604,5e-05
-7.179939321770743e-05,0.0
3.261596717674305e-05,-5e-05
-5.868999736670761e-05,-0.00015
-0.0002422549809126397,-0.000334
-0.0001366677272643363,-0.0005
-0.00018787823650286763,-0.0007
-0.0004260376851628542,-0.000684
-0.0007093529029573287,-0.0007
-0.0006480969850768152,-0.000766
-0.000713284558010898,-0.000734
-0.000721786207826638,-0.00075
-0.0007381080121666957,-0.000682
-0.0004081788083505653,-0.000668
-0.0005582100204256659,-0.0007
-0.0007007707802083576,-0.0009
-0.0006315575487893867,-0.001016
-0.000824557401905805,-0.000884
-0.0008778061051397547,-0.000966
-0.0009428119039187744,-0.001
-0.001310696758406118,-0.0012
-0.0010153810538910653,-0.0014
-0.0011458141087131446,-0.001366
-0.001245433919610954,-0.00145
-0.0013563261738686971,-0.001584
-0.0018137093955242194,-0.001684
-0.0015240271908105098,-0.001632
-0.0007167867085071044,-0.0014
-0.001577654669095874,-0.001418
-0.0017925822525398064,-0.0015
-0.001489770652084338,-0.0016
-0.0006188931603696518,-0.00175
-0.0015700692272934804,-0.001732
-0.0016480306160574858,-0.001468
-0.0016403200467334212,-0.001466
-0.0016074012521796683,-0.001534
-0.0015526929119479642,-0.0014
-0.0014681759771368586,-0.001316
-0.0014309998488350477,-0.0014
-0.001476387214337673,-0.00135
-0.001367383943844982,-0.001284
-0.001338566744244975,-0.001166
-0.001192714444255548,-0.001134
-0.0008271412142227854,-0.001
-0.0011485079796005734,-0.000866
-0.0010444494552748057,-0.000734
-0.0002483786161038831,-0.00055
-0.0007916232228206992,-0.000332
-0.0006254803827723327,-0.000168
0.0002597710343755383,-5e-05
-0.00010568736393730479,-5e-05
8.117430278529878e-05,0.000318
0.0010135827749806476,0.000816
0.0010982399851596797,0.0012
0.0005592036789281733,0.001466
0.0015780263980565566,0.00145
0.0009567451367146541,0.0015
0.001502509650772061,0.00135
0.0014401147253061965,0.001118
0.0013508588025731348,0.00125
0.0013010361950239848,0.001482
0.0020201192890279664,0.00165
0.0016076472224584191,0.001634
0.0015000165677425473,0.001466
0.00018926486130077462,0.001484
0.0015564181531634736,0.00165
0.0015564181531634736,0.0016
0.0015480822618111833,0.0016
0.0015819874020622457,0.001384
0.001555950463410342,0.000932
0.001372237384026379,0.000818
0.0011360198971458219,0.001082
0.001048735955752086,0.001068
0.0009723233553726496,0.001166
0.0010302775950347413,0.00115
0.0011154529877877562,0.001134
0.001128574494026257,0.00125
0.0010316081597591955,0.001216
0.0011863236066036419,0.001084
0.0011693730088539252,0.001182
0.001181461542430862,0.0014
0.0012176627648150871,0.001484
0.0012835051665195803,0.0014
0.0013637247678011104,0.001416
0.0013244864811377353,0.001218
0.0013770588172573805,0.000982
0.0007868751375371645,0.000768
0.0010899532454126865,0.000666
0.0009032436537963196,0.000716
0.0007800137154487534,0.000818
0.0007365196729379722,0.0008
0.0007484638286052883,0.000682
0.00048683780200732346,0.000534
0.0005391641828629019,0.000366
0.0002499481097254304,0.000268
0.00025345315961408405,0.000216
0.00024566696940129173,0.000266
0.0002776506605813955,0.000334
0.00017479346105483772,0.000184
0.00024859507964044924,8.2e-05
-0.00035727624614795007,-5e-05
0.00013401473901846785,-0.0004
-5.146955357066422e-05,-0.000516
-0.00022707532023547803,-0.000666
-0.0004136334531130504,-0.000918
-0.0006298024893421383,-0.001182
-0.0008267825574046787,-0.001218
-0.0010015289007558454,-0.00115
-0.0007821966076429966,-0.001166
-0.001179626941776089,-0.001234
-0.001625964464395311,-0.001332
-0.0012222782275488554,-0.00145
-0.001298152448225969,-0.001434
-0.001364655595828316,-0.001384
-0.001401146757457271,-0.0014
-0.0014176528605934346,-0.001516
-0.0014347640886294834,-0.001616
-0.0014813333017201504,-0.00165
-0.0016061121073473184,-0.0014
-0.0015479150287749466,-0.0013
-0.001495129044907076,-0.001368
-0.0014327814564607593,-0.001416
-0.0013721040758541516,-0.001166
-0.001314833540544394,-0.0011
-0.0012657901003369997,-0.0012
-0.0012234376689476446,-0.001134
-0.00115092193091241,-0.00115
-0.0011468948128694192,-0.001166
-0.001163107978749615,-0.0012
-0.0011631078998545824,-0.001284
-0.001201284180484404,-0.0013
-0.001238891864614425,-0.001184
-0.001243256653396856,-0.00125
-0.0012556053038962076,-0.001166
-0.0012263253849301213,-0.001166
-0.0011923586276586142,-0.001118
-0.0009361324137754917,-0.0011
-0.0011382259844796433,-0.001
-0.001097499737501818,-0.00075
-0.000995639702153912,-0.000582
-0.0008630601501804409,-0.000668
-0.0006641921239882718,-0.00075
-0.0006613968729839783,-0.00085
-0.0007149590261823665,-0.000716
-0.0007476556523243754,-0.000516
-0.0007110081996358803,0.0001
0.0006354467733301125,0.0006
-0.00014587321938947656,0.000932
0.00026545557926296013,0.001218
0.0007021901563066642,0.001432
0.001037752504896491,0.00155
0.0012771726567295826,0.00145
0.0014095004546540923,0.001468
0.0014738797479793978,0.001482
0.0014865607043559742,0.001618
0.0015028501617326744,0.001716
0.0015684658980085666,0.00155
0.0015893550935747198,0.001416
0.0015722935694091962,0.001434
0.0015260344137965668,0.001434
0.0008943794813058766,0.001466
0.0014370501266606764,0.001566
0.0014736564750371976,0.001634
0.0015230263039943735,0.00155
0.0015525163204322193,0.001466
0.0015525163204322193,0.00155
0.001548526283054541,0.001618
0.0015446627933091202,0.001632
0.0015648679689428088,0.001634
0.001369906824763979,0.001634
0.0016293263150907588,0.001632
0.0016329427055941403,0.001684
0.0016454530909102798,0.001666
0.0016534532050039117,0.0017
0.0016698712612837165,0.001568
0.0016532251983597567,0.0014
0.0010474453908091497,0.0012
0.0014623563395208283,0.001132
0.0007581583713136311,0.001234
0.0012390544428437394,0.00125
0.0012028750743835388,0.001116
0.0008841984718266483,0.000834
0.0011043657899643192,0.000784
0.0009911963883812323,0.000816
0.0011815228438711762,0.000834
0.0008164909915519744,0.000866
0.0008273489993057679,0.000866
0.0008449652344453583,0.00065
0.0008017711508484446,0.000168
0.0006304318500317096,-0.000468
0.0002912957142560942,-0.0009
-0.00015219089691334935,-0.001216
-0.0006168641773692873,-0.001416
-0.0010088776574605004,-0.001618
-0.0015217993528805285,-0.001466
-0.0013101252427901115,-0.001384
-0.0014732262059623407,-0.0015
-0.001494085579206179,-0.0016
-0.0014894208315098802,-0.00165
-0.0015360250739950127,-0.001632
-0.0015969383507490331,-0.0014
-0.0015729812429459914,-0.001334
-0.0015074499243549594,-0.001534
-0.00147787170327069,-0.001666
-0.0014866656591821371,-0.001666
-0.001553369042377171,-0.001684
-0.001638993821235759,-0.001784
-0.0017012173866908606,-0.001682
-0.0017051594558887306,-0.001484
-0.0016611997748956647,-0.001466
-0.0016073253551583267,-0.001418
-0.001514999705602627,-0.001466
-0.0014133456651847865,-0.0015
-0.0014632261027928174,-0.001316
-0.001115455457966598,-0.001234
-0.0013816940826443264,-0.001334
-0.00134839501403354,-0.001232
-0.001180650920403939,-0.00105
-0.0012150416595805287,-0.000784
-0.0011051797744482744,-0.0006
6.739380606341915e-05,-0.000466
-0.00022148781623812898,-0.000234
-0.00025417945226932723,-0.000216
-0.00015417944620951696,-0.00015
6.136179759063785e-05,-8.4e-05
-0.0001051038661382255,-1.6e-05
-0.00013330305136239986,-0.000118
-7.611092785314737e-05,-3.2e-05
-6.351119391261145e-05,0.0
-3.0258816368293574e-05,5e-05
-1.6802795191655493e-05,5e-05
7.080574008987075e-05,6.6e-05
0.00017030600035862443,0.0001
8.344383673999846e-05,8.4e-05
0.00013716262123275474,0.000116
9.994810556665455e-05,8.4e-05
4.971471130662095e-05,6.6e-05
0.00010709967399925598,5e-05
-3.805838422004762e-05,1.6e-05
5.803669494394935e-05,-1.6e-05
-1.7783859852721758e-05,-5e-05
-0.00029816593784971193,-0.0002
-0.0007383331785896777,-0.000634
-0.00023110178739444988,-0.000782
-0.0011417177208315492,-0.00105
-0.000674133529253556,-0.001184
-0.0009178645056667943,-0.001316
-0.0012061229706225732,-0.001284
-0.001406827357593064,-0.001066
-0.0012149205557055191,-0.000868
-0.0012608948213555036,-0.0009
-0.0010187878991879155,-0.000982
-0.0009559069014263284,-0.001034
-0.0005471184044804044,-0.001
-0.0009802231394176722,-0.000884
-0.0009763835548671231,-0.000682
-0.0009034122769137742,-0.00045
-0.0007591868713911702,-0.000234
4.340956083463993e-05,8.4e-05
-0.0003274975527858959,0.000416
-5.4119558819978804e-05,0.0008
0.0010377912423574875,0.0012
0.0006146448751175086,0.00145
0.00122648228271709,0.0015
0.0012306318458506441,0.001584
0.0014299520983695592,0.00165
0.0015440949068646127,0.001666
0.0015983775295005172,0.001716
0.0016528289875061422,0.00175
0.0016945122312291576,0.001784
0.0017279176503438613,0.001784
0.0017577989861433014,0.001582
0.0017229235947815755,0.00155
0.0016722822934793476,0.001618
0.0016312638193008474,0.0016
0.0013282885905478092,0.001316
0.0015180005326289909,0.00105
0.0013902241891339956,0.000884
0.0012057638948964717,0.0007
0.001476482337314132,0.00075
0.0008426364108736752,0.000866
0.0007980821769150899,0.000716
0.0007563895446831975,0.00035
-0.0001758377105532556,-6.6e-05
0.0004575684944231192,-0.000416
0.00013542680231157667,-0.000584
-0.0006451648511909961,-0.0007
-0.00044743019158934857,-0.000784
-0.0006244228343081201,-0.000816
-0.0007232254110109542,-0.000816
-0.0009556074158826565,-0.0009
0.0006911528201438176,-0.00105
-0.0008978701375601583,-0.001118
-0.0009739581637755626,-0.0011
-0.0013433908599070842,-0.001232
-0.001126652477675386,-0.00145
-0.0012284573653955186,-0.001434
-0.0013076152762236256,-0.001434
-0.0013897325397237918,-0.00145
-0.0014422049947321912,-0.001416
-0.0014338028315525342,-0.001434
-0.0014338028315525342,-0.001416
-0.0014293553607759597,-0.00135
-0.0014047959682942056,-0.001316
-0.0013801905011134254,-0.0011
-0.0012984377326637768,-0.0009
-0.0011709954307367232,-0.000884
-0.0013961575933870054,-0.000934
-0.000956631078930376,-0.000932
-0.0009130301336504495,-0.00075
-0.0008768577868481485,-0.000484
-0.000779559541179025,-0.000416
-0.0006506382729712351,0.000116
-0.00039129183944462394,0.000734
-2.4640424965689643e-05,0.000882
0.000316174177973358,0.001034
0.000682851484815797,0.001216
0.0009620640031260697,0.001368
0.0011299582340026696,0.0015
0.0012751913657764122,0.0014
0.0013684733020220086,0.00125
0.0013772869816916005,0.001166
0.0009110361950592345,0.00105
0.0012133371079688154,0.00075
0.0005654906662843726,0.0004
0.0008341435184065515,0.0005
0.0004869606415730498,0.000434
0.0003829012099544076,0.000432
0.0008602070446844345,0.000718
0.0005180988541365149,0.001016
0.0006440184424872669,0.001034
0.0007938813320103591,0.000932
0.000972640197823489,0.000918
0.0009737431503789512,0.00095
0.0009573819774176363,0.000932
0.0009327137097909226,0.000918
0.0009291699816125468,0.000882
0.0009198789869958484,0.000918
0.0009120380041829296,0.001082
0.0009480748093192591,0.001084
0.0011884280527026689,0.00095
0.0012442240398535145,0.001016
0.001031630802633546,0.00105
0.0010237708061177754,0.001068
0.0011813847775641619,0.001182
0.0009280974036446278,0.00125
0.0008509424799036504,0.001234
0.0011817321523926098,0.001266
0.0012322162158949067,0.001318
0.0012662161879751297,0.001316
0.0007937666186329884,0.0011
0.001247790726486371,0.000816
0.0011323999563659741,0.000784
0.0014475169728429404,0.00095
0.001026366768269773,0.0012
0.0009334369405545793,0.0014
0.001077668026519529,0.001584
0.001277657466704784,0.001582
0.001437577303268373,0.001434
0.001497919853356713,0.001316
0.0014762210369662285,0.001218
0.0013841308101877464,0.001082
0.0012592944111867953,0.001018
0.0011556201845647229,0.00105
0.0010901102465275198,0.0011
0.001140015772755911,0.00125
0.0011022940853038126,0.00125
0.0011602860367914776,0.00105
0.001160285957896445,0.000916
0.0011129872024395148,0.000784
0.0006535333806539423,0.000666
0.0008504385773305648,0.000534
0.0004718967396324405,0.000366
0.0005836444132809275,0.00025
0.0004500653795872223,0.000316
0.00036389362146776045,0.0003
0.0003069721375058931,0.000218
0.00027002902568280606,-0.00015
0.00016631283676528022,-0.000268
1.906244098534828e-05,-0.000482
-0.00017679614713279014,-0.000884
-0.0004529301221005343,-0.00125
-0.0007303498691379855,-0.001384
-0.0017622422210209485,-0.001482
-0.0012556236075437661,-0.001534
-0.0014151829727034992,-0.0013
-0.001427233557769765,-0.001284
-0.0014027205555671679,-0.001216
-0.0013364755525114213,-0.001234
-0.0012593586561761472,-0.001232
-0.0012421346082435098,-0.001368
-0.001264021115916501,-0.001382
-0.0013057656610798306,-0.001384
-0.0013430759109370265,-0.001216
-0.0013392469772158758,-0.001034
-0.0010384958783262877,-0.001
-0.00116231721383807,-0.000934
-0.0010485923123305907,-0.000916
-0.0009721905205706176,-0.001084
-0.0009851351441460751,-0.0013
-0.0010623172077782598,-0.00145
-0.0012520729366025233,-0.001566
-0.0013544688270117095,-0.001616
-0.001486015879693812,-0.001668
-0.0015770011026459848,-0.00165
-0.0011928675795137848,-0.001332
-0.0015698891888291338,-0.001418
-0.0015206045665071438,-0.001466
-0.0011451403451349152,-0.001266
-0.0009293554093719408,-0.000968
-0.0012843207289041873,-0.000932
-0.0011634566947936165,-0.001134
-0.0010783237475681298,-0.001384
-0.001108925079434891,-0.001382
-0.0012126869584381593,-0.0014
-0.0013277401367141482,-0.001468
-0.0014093706178632984,-0.001482
-0.0014340617650494601,-0.001218
-0.0009897929490795066,-0.000932
-0.0012805583825905335,-0.00075
-0.00045239048007769016,-0.000668
-0.0008972340069124694,-0.00065
-0.0007527685238057258,-0.000566
-0.0006601216136773625,-0.000416
-0.00057746877124853,-0.000218
-0.0004665710732335388,0.00015
0.00042865879039741245,0.00045
0.0003871483662432626,0.000468
0.00020558675439774401,0.000232
-0.0005075461945916364,-0.00025
0.00021782035621583637,-0.00065
-0.000783802752716251,-0.000732
-0.0003594797449603807,-0.00045
8.980194303712874e-05,1.6e-05
0.0005929695299992165,0.000584
-0.00015786656610960605,0.001032
0.0002815859053589473,0.001368
0.0007374312261443963,0.001582
0.0011321550661848472,0.001634
0.0013981286824481408,0.001666
0.0015596176623147047,0.001734
0.0016526338011955404,0.001716
0.0016865146417765684,0.001718
0.0017078653732833118,0.001616
0.0016948405923547538,0.0015
0.0016352811543597983,0.001334
0.0015384608547980418,0.00145
0.0014724886707649552,0.001216
0.0013722773049128641,0.000916
0.0012240716449966218,0.000818
0.001093809082339947,0.000916
0.0009627925987519419,0.001016
0.0009147635119784228,0.000968
0.0009276780765464674,0.000832
0.0005316598057064838,0.000534
0.0008328437227448033,0.0001
0.0006002451510086703,-0.0002
0.0003066853146149501,-0.000434
-8.97045631574371e-06,-0.000732
-0.00032407694030586054,-0.000968
-0.0010647187725699814,-0.00105
-0.0008019361447944004,-0.0011
-0.0009660008896846214,-0.00105
-0.0010431752216036134,-0.000916
-0.001030695763140245,-0.0009
-0.0009936215672205271,-0.001034
-0.0009766738885870158,-0.001132
-0.0009978382700268065,-0.001168
-0.0010610748477002296,-0.001232
-0.0011432775545206794,-0.001284
-0.0012054502326797674,-0.001284
-0.001243184069966883,-0.001082
-0.001222552072206939,-0.000968
-0.0010843105393253639,-0.00105
-0.0010988825307378398,-0.001016
-0.0010300489027681254,-0.000866
-0.0009767203577612051,-0.000818
-0.0012615653502373973,-0.000916
-0.0009058197588329392,-0.001084
-0.0009234871179536412,-0.001232
-0.0010164293321889499,-0.00125
-0.0011238352149570026,-0.00135
-0.0012313566789477846,-0.001118
-0.001239542433053076,-0.000916
-0.001162526995729699,-0.000884
-0.0006759763594245492,-0.000866
-0.0010989415442222092,-0.0009
-0.0008919632664709273,-0.000734
-0.000847631753189314,-0.000482
-0.0007495738272514821,-0.0002
8.694161842377568e-05,0.000166
0.0003241384342746823,0.000366
-4.561299778846078e-05,0.000334
0.00023226292032736546,0.00025
0.00044860956899854814,0.00035
0.0005702137963047801,0.00065
0.0010818173529679855,0.00085
0.0005190864227068295,0.00115
0.0007427707630543478,0.001134
0.0009408313774830978,0.001116
0.0010594429584135222,0.001084
0.0007619719205034289,0.0012
0.001132448240125913,0.001416
0.0012007879851916794,0.001584
0.0013162141002866716,0.001566
0.0014376828648219645,0.0015
0.001514864770664084,0.0015
0.0015365553819711804,0.00165
0.0015524710346835186,0.001616
0.001564823629934499,0.001568
0.0015821022732296814,0.001616
0.0016117740638225905,0.001616
0.001425449401070179,0.001468
0.0015655008648941618,0.001316
0.0015009192847053225,0.00135
0.0014345863925832821,0.0012
0.0013311310207815852,0.001034
0.0012219372187852145,0.000882
0.001112146496972347,0.000834
0.0009839490906884745,0.0009
0.00091065986575383,0.000984
0.0008986559076518187,0.000932
0.0009111516184918983,0.000818
0.0009070053689497126,0.00085
0.0008943713551175209,0.0011
0.000922290492561675,0.001166
0.001384290178153557,0.0013
0.0010999481415100596,0.001516
0.0012665570934109061,0.0016
0.0013912384636728383,0.001468
0.001734905225589367,0.001382
0.0014895424632172859,0.00135
0.0014476002859973444,0.001284
0.0013693572419670298,0.001234
0.0013110741678091463,0.001182
0.0012609599642195823,0.001118
0.0012029717207984487,0.00095
0.0011183479621132302,0.000866
0.0007278836648817493,0.000716
0.000730888855567737,0.000518
0.0007584289023803463,0.000382
0.000473483279290099,0.00025
0.00046222444532328515,0.0002
0.0002951263244966874,0.000268
0.0002733475479906835,0.000382
0.00040382054342300613,0.0004
0.0002873125999175248,0.000284
3.702749695140548e-05,5e-05
-0.00014220505402096474,-0.000166
0.0001365948925783123,-0.000468
-8.187213898847843e-05,-0.00065
-0.00031518689024473146,-0.000732
-0.0011134445024811779,-0.000984
-0.000713101048165118,-0.001234
-0.0009056726195971783,-0.00145
-0.0011066689181882135,-0.003082
-0.0017078777053412264,-0.001434
-0.0018184738665416986,-0.001484
-0.0018799637081938104,-0.00155
-0.0019046307135000028,-0.001566
-0.001509811883840326,-0.00155
-0.0015382844699380258,-0.001634
-0.0015758615427954059,-0.0016
-0.0015883039205934618,-0.00135
-0.001536229885499589,-0.00135
-0.0014868239226174917,-0.001316
-0.0012110707148007347,-0.001066
-0.0005652519149011027,-0.001134
-0.0012194649095821012,-0.001284
-0.0013886982258466739,-0.001432
-0.0012325032604562631,-0.001534
-0.0013497510618535175,-0.001534
-0.0014485391613178731,-0.0012
-0.001428382900604384,-0.001116
-0.0013507195772734638,-0.0009
-0.0007472422423536586,-0.000834
-0.0010162277553807091,-0.000732
-0.0008989883957519409,-0.000834
-0.0008264904879940692,-0.000816
-0.0008754581100751547,-0.000834
-0.0007560896890971947,-0.000934
-0.00031753098000521885,-0.001132
-0.0009321129485506613,-0.0013
-0.0010544589469532063,-0.00125
-0.001157494202706417,-0.001268
-0.0012390750588800747,-0.00135
-0.0012929430881197738,-0.001316
-0.0012969788057213157,-0.001234
-0.0014480299727776048,-0.001282
-0.0012965644490102078,-0.00115
-0.0012470470863421082,-0.000934
-0.0011533070066423224,-0.000634
-0.0004238815628174876,-0.000332
-0.0007701568311961939,-1.8e-05
0.00020765252220704885,0.000218
-0.00019947087535252556,0.000316
0.00029582056133587115,0.0003
0.00029948085692488313,0.0003
0.00028254702436958953,0.000384
0.00032413841455092415,0.000382
0.00034046950878106815,0.0005
0.00031392083722409526,0.00055
0.0004521849340849883,0.0005
0.00048146721990205193,0.00045
0.0007292238548001781,0.000468
0.000491056990007129,0.000416
0.0004577449826109996,0.000516
0.00046160358086440035,0.000534
-0.00010597039986668393,0.00045
0.0003911313030680087,0.000384
0.00040412634056928446,0.000432
0.0004997147336448277,0.000518
0.0008532552088886873,0.0008
0.0005295031310958892,0.00105
0.0006939585641874441,0.001266
0.0009015738404317734,0.0015
0.0011475769148882702,0.001666
0.0013647147426699186,0.001634
0.0015033776539205013,0.0016
0.0015984550044225105,0.0017
0.001649078159867245,0.001716
0.0016613234578739175,0.0017
0.001677856385321158,0.00175
0.0017159910882688103,0.0016
0.0009796604356124828,0.001434
0.0016180061402361143,0.00135
0.001574637856407265,0.00135
0.0014847073022506154,0.001284
0.0010529390886127616,0.001
0.0012424152134415632,0.000982
0.0011499137068582438,0.001118
0.001093012715881089,0.001316
0.0011006998533804777,0.00145
0.001212044886230195,0.00145
0.0013301295272380204,0.00145
0.0014150601875999734,0.0015
0.0014619606020374093,0.001466
0.0014659910336717683,0.0015
0.0014784581845100544,0.001468
0.0014830872716516269,0.001566
0.0014989962971812285,0.001766
0.0015721282054209093,0.001618
0.0016018296605460683,0.0015
0.001610069773328807,0.00145
0.0015804806647300414,0.001166
0.0008148356948734229,0.000934
0.0012568347796510953,0.000882
0.0011024319938207617,0.00095
0.0009803066648243419,0.000768
0.0008817322131082115,0.000532
9.498175695362294e-05,0.000184
0.0006013982019098204,-0.000116
0.0003336618733811182,-0.0002
9.287420929362768e-05,-0.000368
-0.00045114662099404095,-0.0005
-0.0002996868368402642,-0.000532
-0.0004032440029577469,-0.000518
-0.000481121605197153,-0.0005
-0.0005128373293991004,-0.000616
-0.0003980872658382822,-0.000566
-0.0008449196575493594,-0.000584
-0.000708868724142388,-0.000716
-0.0006219383508371574,-0.00095
-0.0007078034834124988,-0.000884
-0.0007870544903790498,-0.000934
-0.0008733001731440387,-0.001
-0.0012054395029553364,-0.0011
-0.001023950711224889,-0.00125
-0.001073952489393027,-0.001432
-0.0011995413892147218,-0.001534
-0.0013331367147326547,-0.00155
-0.0014444626549844877,-0.001416
-0.0014844771109783805,-0.001134
-0.0014126341897809842,-0.000866
-0.001248039191376796,-0.000884
-0.0006223443446748117,-0.000984
-0.0009696383451617016,-0.000966
-0.0010017599843062709,-0.000966
-0.0009509636542650241,-0.001118
-0.001010078992121589,-0.001116
-0.0010433729325552577,-0.001066
-0.0010680296026121822,-0.001234
-0.0011350295522346828,-0.001384
-0.0012030377803735498,-0.001516
-0.0013041647230787265,-0.001516
-0.0014153841550365771,-0.001584
-0.0015017983575911558,-0.001616
-0.0015590797804154093,-0.0015
-0.0015551841014966963,-0.0016
-0.0015761110088884224,-0.00175
-0.0015893977213251448,-0.001784
-0.001661345888496002,-0.001716
-0.0016840663955583917,-0.001534
-0.0007509306640217852,-0.001484
-0.0016325785505565851,-0.00155
-0.0015731623859407942,-0.001582
-0.0015892320417567277,-0.001484
-0.0015260560554683255,-0.00125
-0.0014697212152449616,-0.000984
-0.0013307253669568933,-0.000832
-0.0010078788463480431,-0.0009
-0.0008296100764772973,-0.000834
-0.000835270637274815,-0.000616
-0.000798158177264296,-0.000484
-0.0007126378554288434,-0.0006
-0.000567581172395465,-0.0006
-0.0005763138268665979,-0.000434
-0.0005313029484594423,-0.000216
-7.935533813979535e-05,-0.000116
-0.0002104169891339522,-3.4e-05
-2.5362201102183214e-05,-3.4e-05
-0.00010185723692878621,3.4e-05
-3.8818863300961e-05,0.0001
0.0001325470251417532,0.000134
0.00012453125038415443,0.000116
9.506222002497501e-05,0.000166
0.00019101465450459837,0.000234
0.00016138305106890968,0.000316
0.00035429990661105433,0.00035
0.00015141098522158925,0.00025
0.000490895255190341,0.000168
4.8953174539177054e-05,0.00015
0.00035429986716353806,0.000316
0.000616197213778544,0.00065
0.0003160264470248528,0.000966
0.0005127145837430908,0.001268
0.0007912041079748045,0.001416
0.0010677068974960999,0.001516
0.0012863520148751809,0.001618
0.0016280046655049861,0.001682
0.0015554920832710547,0.001618
0.0016070250562314969,0.0014
0.001576849441960535,0.0015
0.0015473103528124248,0.00145
0.0011369686888076235,0.001516
0.0014653715498759536,0.001484
0.0014131730184206706,0.001532
0.0014947186085147652,0.001634
0.0015401072363379117,0.001366
0.0015016105629807844,0.00135
0.0014675668830525124,0.0015
0.0014596510288536755,0.001484
0.0014233261779533983,0.001434
0.0014405502258860356,0.00145
0.0014663470080587672,0.001332
0.0014235944210641686,0.001134
0.000726516335072113,0.000934
0.0012076280267262613,0.000866
0.0007777411440352994,0.00085
0.0009431968872449305,0.00075
0.0008483678983054818,0.000534
0.0007467168558988792,0.000332
6.150411929847182e-05,0.0002
-0.00018071147091461556,-0.00025
0.00019686258114261343,-0.00065
-0.00010161434870911098,-0.00075
-0.00037179332661775057,-0.000682
-0.0005878507658232548,-0.000734
-0.0006476819183104141,-0.00075
-0.0009536511346548138,-0.0009
-0.0007685108441314867,-0.00105
-0.0012608038553829394,-0.00105
-0.0009405843026738907,-0.001166
-0.0010438419635239434,-0.001184
-0.001114058621414777,-0.001216
-0.001155554489435416,-0.001018
-0.001147886207848814,-0.001132
-0.0011393659388053852,-0.001368
-0.0011866646153672828,-0.001232
-0.0011906943369463486,-0.001284
-0.0012561215140943756,-0.001334
-0.0007985741118760554,-0.001332
-0.0012965369935388701,-0.001284
-0.001309110021510878,-0.001384
-0.0013343783647553917,-0.0013
-0.000996583207848531,-0.0014
-0.0013432565805616338,-0.00135
-0.001359450890529043,-0.00125
-0.0006570952791226434,-0.001116
-0.0012816908418881803,-0.000984
-0.001260868864889785,-0.001
-0.0009969863614650125,-0.00085
-0.0009898393393586635,-0.000816
-0.0009144992380521134,-0.000734
-0.0008523889658637959,-0.00065
-0.0007644208467475302,-0.000616
-0.0007059254660569752,-0.000616
-0.0006551969857437468,-0.000584
-0.0006170810598138484,-0.0006
-0.0006043330426595793,-0.000534
-0.0005842639215095743,-0.00055
-0.0005676529668751125,-0.000666
-0.0005887767173731246,-0.000784
4.862540119378075e-06,-0.000882
-0.0007235913261720582,-0.000918
-0.0008149247917980373,-0.000766
-0.0008390901824870888,-0.000584
-0.0007907294209966054,-0.0005
-0.00040128421090095454,-0.000582
-0.00029294131155471254,-0.00065
-0.0005853358683172327,-0.000584
-0.00021553469293604814,-0.000434
-0.0005644613866746556,-0.00025
-0.0004833162283184185,-0.00035
-0.00040753553770242793,-0.00045
-0.00043844459964376565,-0.00035
-0.00013768740611291071,-0.000182
-0.0003353875294140466,0.000266
0.0005203285460997619,0.00065
8.63009069332576e-05,0.000716
0.00033794938447913764,0.0009
0.0011563060190829368,0.0012
0.0014010451162224766,0.00135
0.001035347310933271,0.001518
0.0012363649900781351,0.0016
0.0014868920634928085,0.001532
0.0008284713600392446,0.0013
0.0014309687397593793,0.001284
0.0014255478620708384,0.0012
0.0013259446980249032,0.001234
0.0012535121153540074,0.001016
0.001180989750136036,0.000984
8.204773982910792e-05,0.001066
0.0010726106971411145,0.001134
0.0010485951281189315,0.0011
0.0010696182874504047,0.001132
0.0011073099158950901,0.0011
0.0011160871460596305,0.001118
0.0011121627493490586,0.001116
0.0013036008358480484,0.00115
0.0011205473189364503,0.001134
0.00112915539815114,0.001016
0.0011027044183682588,0.0008
0.0010215323962534284,0.000566
0.000873624170610011,0.000384
0.0006855880379158514,0.0002
7.794959999690226e-06,0.0
-0.00023427747024584201,-0.00015
0.00010349638500222221,-0.000284
-0.00030077079541663285,-0.000416
-0.00033488658540468274,-0.000434
-0.00032383855896492145,-0.0005
-0.0004104443581061197,-0.00055
-0.0003681163052818317,-0.000466
-0.00032990949227440166,-0.000366
-0.0005545408885930049,-0.00035
-0.00022563864169220437,-0.0003
-0.00017660528032522205,-0.0002
-0.00020478972204018308,-0.000134
-0.00024808964332330235,-8.4e-05
-0.0001815047801909611,-8.2e-05
-8.065376300035241e-05,-0.0001
-0.00010051915745247886,-0.000118
-8.350899395316454e-05,-0.0001
-0.00022563864169220437,-0.000132
-0.0001461794504584341,-0.00015
-5.9352883292320075e-05,-0.000134
-0.00022173444210997267,-0.000134
-5.517320198007872e-05,-0.0001
-9.237634196866886e-05,-6.6e-05
0.00019017648354035228,-5e-05
-8.830390859134032e-05,-0.000134
-0.00038166376580122947,-0.000182
-0.00021700882689603893,-0.000234
-0.0001837860892292733,-0.00025
-0.0002011331345177023,-0.000266
-0.0003433672885892728,-0.000284
-0.000246994422481033,-0.000316
-0.000279610062872099,-0.000334
-0.0005084809823851552,-0.000316
-0.00037974200115014045,-0.000284
-0.0003129498215959383,-0.000284
-0.0003050347563474273,-0.000282
-0.0002918551044699154,-0.00025
-0.0001307937554036909,-0.000268
0.00019290473293822762,-0.000232
-0.0002584694091133567,-0.000268
-0.000254873689108511,-0.000266
-0.000258883430520576,-0.000234
-0.0002504254293816107,-0.00025
-0.0002548445965652473,-0.00025
-0.00022536221322180377,-0.00025
-0.0002577227662487819,-0.000232
-0.00020884971958800127,-0.000234
-0.0001670810522684604,-0.000234
-0.00027363315271769544,-0.0002
-0.000171610080784964,-0.0002
-0.00015942014736740443,-0.000182
6.388114773506114e-05,-0.0002
-0.0003913263165738612,-0.000218
3.9362235801429835e-05,-0.000216
-9.196329688747768e-05,-0.00015
-0.00019234746258467596,-0.00015
-0.00015871776461610682,-0.000166
-0.00011283737419301279,-0.00015
-0.0003844274982400075,-0.00015
-0.00041785970221827184,-0.000184
-0.000167378447093769,-0.000184
-9.702306215002303e-05,-0.000232
-0.00018822594663520388,-0.000218
-0.0002468439302063875,-0.000216
-0.00041380339301322675,-0.00015
-0.000305607415941406,-0.000134
-0.00018768740914281584,-0.000166
-0.0001837860892292733,-0.000166
-0.00019636306195291,-0.0002
-0.000284066310721048,-0.000234
-0.0001922009347854176,-0.000234
-0.0003719953767961868,-0.0002
-0.00023391279768150117,-0.0002
-0.00018785164887688834,-0.000166
-2.2063427207148372e-05,-0.000134
-0.0001756823859578646,-0.000132
-6.29498360320498e-05,-0.0001
-0.00012520653740083498,-0.000118
-3.0399200216889815e-05,-6.6e-05
-0.00012989792203250823,0.0
3.3197200133656616e-05,3.4e-05
4.5666981936368885e-05,6.6e-05
7.029989472660787e-05,3.4e-05
3.2918952762934586e-05,3.2e-05
6.189206343195385e-05,0.0
3.241882143404303e-05,-5e-05
1.5448270021125514e-05,-6.6e-05
-0.00011343933342971569,-0.0001
-0.00014584460021640835,-8.4e-05
-7.546874201170795e-05,-0.0001
-8.810793333041271e-05,-0.0001
-9.617945729040803e-05,-8.2e-05
1.1246138141175731e-05,0.0
-2.9194261038999995e-05,-1.6e-05
-6.268741142993207e-05,-5e-05
-3.7786206219527234e-05,-6.6e-05
-3.3652920117382184e-05,-8.4e-05
-5.871775855629654e-05,-8.4e-05
-7.135534238871249e-05,-0.0001
-7.179939321770743e-05,-0.000132
-1.3107933716494549e-05,-0.000134
-0.0001291942572369312,-0.000116
-0.00014171775885223712,-0.000134
-0.00010846940002364124,-0.000134
-1.331679352243031e-05,-0.00015
-0.00013380279222251687,-0.000132
-0.00014171775885223712,-0.00015
-0.00014171777857599529,-0.00015
-0.00018869819257646693,-0.000134
-6.303014131333671e-05,-0.00015
-0.00012980551622559944,-0.00015
-0.0003093529181656039,-0.00015
-0.00010454683762257666,-0.000134
-0.00012520653740083498,-0.000132
-0.00013768742583666885,-0.00015
-0.00017070010547919146,-0.00015
-0.0001258834271947303,-0.000134
-0.0001466145960106266,-0.00015
-0.00015417944620951696,-0.00015
-0.00013328636506300927,-0.00015
-0.0001461794504584341,-0.000166
-0.00015417944620951696,-0.000168
-0.0001847089244253563,-0.0002
-0.00014294299870819756,-0.000216
-0.0004946774285900042,-0.000184
-8.830389872946125e-05,-0.000182
-3.088649192175269e-06,-0.000168
-0.00018793878844037244,-0.000182
-0.00018768740914281584,-0.000184
-0.0001791670414805964,-0.000184
-0.000251119468983213,-0.0002
-0.00016324679313261045,-0.000182
-0.000187687428866574,-0.000218
-0.000179673803998613,-0.0002
-0.000200319845074356,-0.000166
-0.00015507062477377744,-0.000166
-0.00018408103830857195,-0.000134
-0.00016708103254470225,-0.00015
-0.0003019312624508455,-0.000184
-0.00020871776764601197,-0.0002
-0.00015539920286071314,-0.0002
-0.00037391047481702286,-0.000216
-0.00027135533478457493,-0.000266
-0.00022117320257195988,-0.00025
-0.00023365291744418415,-0.000268
-0.00023768741217272096,-0.00025
-0.0002587177706759171,-0.0002
-0.0002222896856255094,-0.000166
-9.19525573011678e-05,-0.00015
-0.00010106140301139811,-0.000134
-0.00011303014434324185,-0.00015
-0.00026294983828979127,-0.0002
-0.00017973480958255515,-0.00035
-0.0008520135832987824,-0.000616
-0.0007628516245495229,-0.000816
-0.0009634853215708225,-0.001068
-0.0016657943060129675,-0.001232
-0.0009388390656581984,-0.001368
-0.0011260993446019706,-0.00145
-0.0012830912287164675,-0.001516
-0.0013941279397788639,-0.001534
-0.0014686163692087175,-0.001332
-0.001459963950985718,-0.00105
-0.0006817107659725614,-0.0008
-0.00032133529847620486,-0.000584
-0.0005722231588748645,-0.000466
-0.000627732165344702,-0.000568
-0.0006075157866163872,-0.0008
-0.0006075157866163872,-0.001066
-0.0007307305376701819,-0.001234
-0.0009232996633562321,-0.00135
-0.0011176268070532526,-0.001482
-0.0012867929836451,-0.00155
-0.0014070174946215807,-0.001618
-0.0015024566577429997,-0.001632
-0.001571983062993795,-0.00165
-0.0016134392468130465,-0.001634
-0.001658717737170712,-0.001666
-0.0017103591119059184,-0.001684
-0.0016589632585120996,-0.0017
-0.0016716101322346018,-0.001584
-0.0016596086198786004,-0.001266
-0.001079830090425171,-0.00095
-0.0013822485569332955,-0.000666
-0.00034923522497992584,-0.000468
-0.0008449616297066917,-0.00035
-0.0002840810443683822,-0.00025
-0.00036861638144583715,-0.000166
0.0002864628017978523,-0.000316
-0.0002722422530170761,-0.000434
-0.00024708428392314114,-0.000666
-0.0014687672165110096,-0.000834
-0.0006848184413058699,-0.00075
-0.0006746991277421188,-0.0006
-0.0007050607764999033,-0.000484
-0.0006703445164188904,-0.0003
-1.048691499524366e-05,-0.000132
2.4770886136702233e-05,0.0
-9.254993716211632e-06,6.6e-05
0.00014113127805660396,0.000134
0.0003703899173453933,0.000332
0.00012991802569486296,0.000534
0.00026196810324281367,0.000816
0.00044774259148553145,0.0008
0.0002535645791238445,0.000918
0.0007634803146313173,0.001182
0.0009252079519714342,0.001434
0.001077422189598011,0.001634
0.0012853337166896766,0.001766
0.0014985372858816806,0.001866
0.0016709915707463462,0.001918
0.0017822155786160862,0.0017
0.0018103949907727205,0.0013
0.0016899894945915021,0.000982
-0.00012333333264229865,0.000684
0.0011571455411246159,0.000484
9.821499866222138e-05,0.000216
0.0001120612297390584,6.6e-05
0.00035658640299775864,8.4e-05
6.214835147981876e-05,0.000116
0.00011969916632375462,0.000168
0.0003516536883233036,0.000132
-2.9955272661383282e-05,0.0
-0.00021738403194722914,-0.000116
4.3209606305506593e-05,-0.000416
-0.000978503937762731,-0.0008
-0.00034067235261890416,-0.001134
-0.00062604061639868,-0.0014
-0.0009466391019492084,-0.0016
-0.0012409374550191477,-0.001716
-0.0014679747948037807,-0.001818
-0.0016373513844475177,-0.0019
-0.0017612861710161495,-0.001916
-0.0018394690970316386,-0.0019
-0.0018844529933376522,-0.001916
-0.0019082049740559868,-0.001918
-0.0019126874742270267,-0.0019
-0.001908717791767754,-0.001882
-0.001904362943759428,-0.001668
-0.0018445112785637977,-0.00135
-0.0011266231287232662,-0.00105
-0.0006815394848568311,-0.000782
-0.001220706401814773,-0.000668
-0.0005165561651022864,-0.000516
-0.0003341451693360164,-0.00035
-6.730305683032897e-05,-6.6e-05
-0.00010098568350387989,0.000216
0.0004867531870848819,0.0005
0.0010253329277628506,0.0008
0.0003545094320938275,0.001066
0.0010073191405540918,0.00135
0.0009211913269677767,0.001434
0.0006272758514909461,0.0012
0.0012590020261960557,0.001034
0.0012507202568361147,0.000882
0.0005637888609841155,0.0007
0.0009494172871936327,0.0006
0.0007998614176898239,0.00055
0.0005786587994871279,0.000584
0.0006071147387329534,0.000484
0.0005533946771268572,0.000232
3.714834934849875e-05,0.0001
-0.00022637238521895235,-0.00015
0.00016082258075746455,-0.0004
-6.050313341981366e-05,-0.00065
-0.00028193076025542654,-0.000866
-0.0005231519870635184,-0.001016
-0.0007387562926494019,-0.00115
-0.0009251047028066197,-0.001318
-0.0010916348385699192,-0.0013
-0.001199042772608819,-0.001082
-0.0012149715218965655,-0.0009
-0.0011542563505693522,-0.000734
-0.0005968892963356985,-0.00055
-0.0008213859004911397,-0.000466
-0.0006666639842540218,-0.000568
-0.0008858909524983769,-0.00055
-0.0005106047577671641,-0.000382
-0.00023436054671514828,-0.000168
-0.00042099305788468504,5e-05
-0.00026809330132002444,0.000318
-5.193620782649321e-05,0.000616
0.00019671946555351413,0.000884
0.00033673554495538497,0.000816
0.0006530475055958011,0.0006
0.0007259374822180768,0.000534
0.0007048940468632307,0.000666
0.001169194942765393,0.00065
0.0006112232764495661,0.000484
0.0005815955487323529,0.000316
0.00026214835866849976,0.000234
0.0002415534218501102,0.000266
0.00010803669057744518,0.00015
-0.00014211797362875505,-5e-05
-0.00022154176071665526,-0.000216
3.2914426160440335e-05,-0.000584
-0.0001816790395941712,-0.000934
-0.00045447161269458985,-0.001232
-0.0015886764629373024,-0.001484
-0.0010668334750232437,-0.0016
-0.0013188437750504126,-0.001716
-0.0015124441377073103,-0.001768
-0.0016447189181699267,-0.00185
-0.0017357489535006047,-0.0019
-0.001810266731882578,-0.00195
-0.00186866720184894,-0.001982
-0.0019217435194367031,-0.002018
-0.0019635765059315548,-0.002016
-0.0019921939433090704,-0.002066
-0.002021243567675057,-0.002018
-0.002030025531541552,-0.001932
-0.0019083473006947604,-0.001918
-0.001985016231035048,-0.001782
-0.0019145962606452564,-0.001418
-0.0017676414814705628,-0.001082
-0.0015580890165962753,-0.000784
-0.0012757407363210957,-0.000516
-0.0002934800857321983,-0.000218
-0.0006579304619375305,8.4e-05
0.0003020039397905354,0.0004
-7.095621241889254e-05,0.000734
0.00024120411409336422,0.001032
0.0005536877721728902,0.001268
0.0008504317134627303,0.00145
0.001114351692027978,0.001532
0.0013157384421352495,0.0016
0.0015828314211207817,0.001684
0.0015643630407342997,0.001734
0.0016355782730524929,0.0018
0.001702688439035507,0.001782
0.0017488803760803784,0.001818
0.0017827225580954425,0.00155
0.0017347968238146027,0.001166
0.0011627788831358936,0.0009
0.0013497764416211758,0.00075
0.001083968031556104,0.000666
0.000591131275740113,0.000634
0.000734947058253564,0.0008
0.0012988668972081774,0.0011
0.0007954358797323065,0.00135
0.0015528497308399003,0.001534
0.0011891641433566362,0.001632
0.001398975699517915,0.001734
0.0015589883955348502,0.0018
0.001672494047746791,0.00185
0.0017519765327389304,0.00185
0.001807318242292183,0.001866
0.0018408820826323064,0.001618
0.0017934462865037855,0.00135
0.0008384829818835246,0.001132
0.0014846471842357898,0.001134
0.001303554366673859,0.0012
0.0012018019441503917,0.001366
0.0012056379784244745,0.001534
0.001304650770941617,0.001684
0.0014415072226312256,0.001716
0.001571556532014838,0.001766
0.0016728545980456797,0.001818
0.0017447388602401476,0.0018
0.001774035268268043,0.001582
0.0017391696598903568,0.001234
0.0016026646855708902,0.001084
0.0014180081793873408,0.001032
0.0011738890394138114,0.001084
0.0011066271582831468,0.001134
0.0010826042520229338,0.001082
0.0007010991957961542,0.00105
0.0010867531839962273,0.001084
0.0010867531839962273,0.001016
0.0010573099523127013,0.0009
0.0002600661017973858,0.000868
0.0009648384258417623,0.000766
0.0006735302734016207,0.000766
0.0006428105200909577,0.000668
0.0005206446390477919,0.000516
0.0007774032366107612,0.0003
0.00019370731238090125,8.4e-05
8.319720100627571e-05,5e-05
0.0001247934580249326,0.000166
0.00021644383513490462,0.0002
7.430246162164768e-05,3.4e-05
0.00011072039386755029,-0.000118
-0.0009225114230857299,-0.000466
-0.0004843174457293692,-0.00075
-0.00033256419177815475,-0.001116
-0.0006215972087162834,-0.001368
-0.001340641525811752,-0.00155
-0.0012034410917800965,-0.001682
-0.0014342651564434503,-0.0018
-0.0016039800479868884,-0.001884
-0.0017321199397920106,-0.00195
-0.0018314834996240015,-0.001966
-0.0019016224459077445,-0.001984
-0.002045955227569689,-0.002
-0.001975468827562466,-0.002016
-0.002000285260060364,-0.002
-0.002000285260060364,-0.002
-0.0020041793610784254,-0.001984
-0.001991963254233808,-0.002
-0.001996179404774859,-0.001984
-0.0019922049886136315,-0.001982
-0.0019876876168381913,-0.0019
-0.0019674690290489645,-0.001934
-0.0019211940944298192,-0.00195
-0.0019422342950883298,-0.00195
-0.0019340088567816505,-0.00195
-0.0019461793622974374,-0.0019
-0.0019380392884160097,-0.001884
-0.0019217345254029892,-0.0019
-0.0019091179473729974,-0.001882
-0.0018917176479375773,-0.001684
-0.0018397046775989211,-0.001384
-0.001717651064187116,-0.001066
-0.0015116580276026876,-0.000784
-0.001237868832726966,-0.000532
-0.0003632468249759891,-0.000418
-0.00014001467150770048,-0.000382
-0.000200285269326328,-0.0002
-0.00011701959987005485,-8.4e-05
-1.678609409944631e-05,-3.4e-05
0.0002038205510271437,0.000184
0.0002990363425875718,0.000416
0.00011558665426987568,0.000734
0.001320752615930843,0.00105
0.0005878955932164441,0.00125
0.000854647232843521,0.00145
0.0011144431313707378,0.00155
0.0013202382992134568,0.0016
0.0014591759229674816,0.001684
0.0015688993473175587,0.001732
0.001639741879501846,0.001734
0.0016861515668366374,0.001734
0.001720467434627309,0.001732
0.0017329424749688528,0.0017
0.001724637826049464,0.001684
0.0017119698084582305,0.001634
0.0016866208344904206,0.001616
0.001695317118351534,0.00165
0.0016453775094690687,0.001716
0.0016530622012224474,0.001718
0.0016739154206537443,0.0017
0.0016576414267034298,0.00165
0.001695317118351534,0.001632
0.001674126385970862,0.0017
0.001669749920723609,0.001734
0.0016779979230096057,0.00175
0.00170287510468259,0.001734
0.0017290447447792926,0.0017
0.0017290447447792926,0.001716
0.0017245311599654164,0.00145
0.0008621249829264435,0.001066
0.0009818838554206395,0.00075
0.0012363815580349767,0.000518
0.0009373211796935684,0.000416
0.00033942795628471103,0.00035
0.0004401765184136361,0.000284
0.00021231257564890895,0.000166
0.0003017098980041114,0.000216
0.0002522766966120159,0.00035
0.0002522766966120159,0.00045
0.0002927291975505484,0.0005
0.0003763090960597068,0.000518
0.00045288063048227475,0.0005
0.0004913695721262092,0.000566
0.001020841354663064,0.000634
0.000582831360522679,0.000632
0.0005687922656077617,0.000584
0.00045202824855028527,0.000566
0.0006032617814743821,0.000568
0.0005868378475146501,0.0006
0.0005274307558276058,0.00055
0.0005705472461599776,0.000582
0.0004279365852691792,0.000484
0.00032453123291813777,0.000384
0.0004981216456994651,0.000316
0.0004390012585608148,0.000366
0.00030761388942465327,0.000384
0.00032463778065963645,0.00035
0.0003533774461663761,0.000366
0.00021951218129447227,0.00025
0.00013269693556553343,0.000118
0.00026854745586599464,-0.0001
-0.00037770639096703913,-0.0003
-1.3203889799869432e-05,-0.000618
-0.0010000519068509236,-0.000982
-0.0009365458237462086,-0.001318
-0.0008139784458822455,-0.001582
-0.001433767013207743,-0.001734
-0.001320553903776607,-0.001816
-0.0016172022242869608,-0.001918
-0.0014510978850144933,-0.001966
-0.001860732412842284,-0.002016
-0.0019308323849799329,-0.002034
-0.0019846239649330623,-0.002066
-0.002021399306469369,-0.002018
-0.0020339991587524538,-0.002032
-0.002037938703309281,-0.002018
-0.002033989217978349,-0.00205
-0.00202983002965082,-0.0021
-0.00205077082256828,-0.002016
-0.0019472611709841683,-0.002016
-0.002046354436434542,-0.00205
-0.0020378517609833786,-0.00205
-0.0020334248029152745,-0.002034
-0.002046354436434542,-0.00205
-0.0020461794472522803,-0.002016
-0.0020378517609833786,-0.002
-0.0020254687122498224,-0.001984
-0.0020131080697055187,-0.00195
-0.001988107969571775,-0.001934
-0.001967652854474875,-0.001666
-0.0018866462752433638,-0.001316
-0.0010688910574729186,-0.001018
-0.0006279813947526208,-0.000766
-0.0006261109118727085,-0.000616
-0.0009355865390450738,-0.000668
-0.00045896330413692523,-0.000466
-0.0006316890668086969,-0.000216
-0.000495851938940016,0.000266
-0.0002796522322670128,0.0007
5.988050390644046e-05,0.001016
0.001287148381334039,0.001234
0.00079497323926126,0.001366
0.0010727514458792366,0.001368
0.0012424423533327704,0.001416
0.0013443207712232673,0.001434
0.001395261794754265,0.0014
0.0014739154085341238,0.001466
0.0014283899767244842,0.001584
0.0014692811143204008,0.001666
0.0015264465614467622,0.001734
0.00161002306746952,0.001732
0.0016774792670654279,0.0018
0.00173182390119694,0.001818
0.0017700428640393872,0.001832
0.0017945468722082702,0.0019
0.001836560686117794,0.00195
0.0018736784320954958,0.00195
0.0019067988823525221,0.001968
0.0019413697388884908,0.001982
0.001962162682514897,0.001884
0.0019450675490654944,0.001634
0.0018635369490275899,0.001232
0.0016758175798892373,0.000918
0.0012878330324267641,0.000866
0.0011549094192162136,0.001134
0.0010337630986790734,0.001366
0.001066096334301021,0.0014
0.0011861936664849834,0.001316
0.0016553790327491786,0.001384
0.0013657162362134836,0.00145
0.0013863105221478542,0.001316
0.0013651196319771168,0.001084
0.0013050777508579374,0.000984
0.0012039312421846813,0.000932
0.0006188486785859613,0.00065
0.0009085051635190499,0.000518
0.0007661990374540087,0.000716
0.0006338976299178967,0.0008
0.0006211439323212819,0.000634
0.0003662963302374544,0.0004
0.0006338012990831171,0.000166
0.00017865877524788677,0.00015
0.00011599115896379011,0.000184
0.0001581448636279564,0.000182
8.319720100627571e-05,0.0001
0.00015315607430909544,-0.0001
-0.00048768744704600486,-0.000416
-0.0009070460243243232,-0.000716
-0.0002906963336789032,-0.001084
-0.0005880241771048646,-0.001416
-0.0015582049922941673,-0.001634
-0.0012211082931107332,-0.0018
-0.0014901416165275271,-0.001884
-0.0016879319365746596,-0.001916
-0.0018112104742622947,-0.001966
-0.0018929979565262783,-0.002018
-0.0020468439012166655,-0.002016
-0.001980040794700451,-0.002016
-0.0020045470119302465,-0.001984
-0.0020088553118693506,-0.00195
-0.0019088550691244424,-0.001916
-0.0019674273724717625,-0.001918
-0.0019426899927965091,-0.001916
-0.0019670089132189606,-0.001934
-0.0019508725122054649,-0.00195
-0.0019298444613819717,-0.001966
-0.0019419632117563864,-0.001966
-0.0019543331639145342,-0.002018
-0.0019756386096725772,-0.002
-0.00198805826570125,-0.001932
-0.0019798184684986417,-0.0019
-0.001963698162071792,-0.001868
-0.0019206737027949244,-0.00185
-0.0018882782978873042,-0.001866
-0.0018714526698691935,-0.001866
-0.0018626874317496053,-0.00185
-0.0018582049315785654,-0.00185
-0.0018582050893686307,-0.001884
-0.001862851691207436,-0.001816
-0.0018505983459074405,-0.0016
-0.0017902501153767548,-0.001334
-0.0010768660040511573,-0.00115
-0.0010048948784258194,-0.001034
-0.0012847999373320753,-0.001
-0.0008547001169481813,-0.000832
-0.0010068225996518682,-0.000568
-0.00016310793787527043,-0.000116
-0.0006372773992038879,0.00045
0.000782452992066048,0.000866
0.00014448304475883457,0.0012
0.0005878152780732782,0.001384
0.0009661859529982211,0.00145
0.0012193807830445393,0.001484
0.001376779528842049,0.001532
0.0014611631310480953,0.00155
0.001503021206163307,0.001634
0.0015486559864881016,0.0016
0.001577997838054763,0.001566
0.0015866960153966584,0.001584
0.0015953774669916472,0.001634
0.0015953774669916472,0.001616
0.001599339259947662,0.00165
0.0016203900325405382,0.001634
0.001633197220969242,0.00165
0.001637148284200826,0.00165
0.0016458205839720355,0.001682
0.0016535644469998488,0.001668
0.0016621625854404336,0.001666
0.0016662140031534587,0.0017
0.001678658747802492,0.001716
0.0016869698661145524,0.001768
0.0017115865363899591,0.001782
0.0017406472060605067,0.001784
0.001761815058881731,0.001766
0.0017747934495311324,0.0018
0.0017826968383148215,0.001818
0.0017915201431783884,0.001782
0.0017910145838096185,0.001568
0.0008210295071961458,0.001216
0.0015900660956083266,0.0009
0.0013581506759592998,0.000616
0.0006118378293058445,0.0005
0.0008011343101454624,0.000468
0.00040396523691275704,0.00045
0.0005068974557534189,0.000516
0.00048285482573506107,0.00075
0.0005430185207845433,0.001
0.0006736371761707661,0.00115
0.0011055708326919392,0.00105
0.000983845422615665,0.001016
0.0010525536863786105,0.000968
0.0008737708364755764,0.00085
0.0006683403609209563,0.000832
0.0009145740061101668,0.0006
0.0008091932799333984,0.000368
0.00029553060236738314,0.000266
0.00025828224566324585,0.000266
0.00029971472152520706,0.00035
0.0003769686979795882,0.000434
0.00032727224358753283,0.000384
0.0003569817657297729,0.0003
0.00036578690501208827,0.0003
6.693781496433725e-05,0.00045
0.0003569374661689795,0.000616
0.0008497147154066473,0.0008
0.0005368763452606438,0.000834
0.0006711781757953266,0.000682
0.0004623125710746765,0.000484
0.00022032620051686994,0.000234
0.0002868920499463595,0.0002
0.00019463368799157128,0.000282
0.000299511330131217,0.000318
8.631055185099045e-05,0.0002
-8.466728151210216e-05,-1.8e-05
0.0001922644800250864,-0.000232
-0.0002439572793068506,-0.000168
-0.0002378516519067935,-0.0002
-0.00027706820298869285,-0.000232
-0.0002043330184203382,-0.000234
-0.0003400051373283789,-0.0005
-0.0002945039657412576,-0.00085
-0.0004602805750483897,-0.0012
-0.0007050223546190371,-0.001466
-0.001013022407997067,-0.001684
-0.001307717839765979,-0.0018
-0.001873225441251256,-0.001884
-0.001712392868055754,-0.001916
-0.0018232253987738346,-0.001966
-0.0018929979565262783,-0.001968
-0.0019343784011142534,-0.00205
-0.001976192610591351,-0.002032
-0.002004932650849495,-0.002084
-0.002034547163648751,-0.002034
-0.002050518989624286,-0.002066
-0.0020545468966176026,-0.00205
-0.0020589632827513406,-0.00205
-0.0020502853025377854,-0.002016
-0.001946937543560527,-0.002
-0.002029541589411709,-0.001968
-0.0020092343236058625,-0.00195
-0.0019841450720853044,-0.002
-0.00198003464088791,-0.001966
-0.0019714527548240364,-0.00195
-0.0019253619612109316,-0.001934
-0.001963107869438032,-0.001932
-0.0019458445317791701,-0.00195
-0.0019417176904149985,-0.001968
-0.0019463630299332828,-0.001932
-0.0019458735651511593,-0.0018
-0.0019141419830476633,-0.001468
-0.001796891183639171,-0.001282
-0.001626907575614767,-0.001284
-0.001463735449123151,-0.00115
-0.001298806961416249,-0.00105
-0.0011939328991387066,-0.001066
-0.0011397997036945075,-0.001168
-0.0011097709919742089,-0.001282
-0.00114380394217805,-0.001284
-0.001202244569715995,-0.001334
-0.0012685093754249191,-0.001366
-0.0013173783787152802,-0.001166
-0.001289384922150436,-0.000918
-0.0002773771953837907,-0.000666
-0.0010355185375868006,-0.000384
-7.173446260589446e-05,-3.2e-05
-0.0005081747513161976,0.000466
-0.00016447846293372612,0.00085
0.0002133325700776137,0.00105
0.0005732667184854785,0.001216
0.0008885622349736558,0.0014
0.0011239623693166888,0.001418
0.0012672779573235855,0.001466
0.001372645902505076,0.001484
0.0014411503015038358,0.001532
0.0014739867296435756,0.00155
0.0015071502565883904,0.00155
0.001079866121022228,0.0016
0.001419149790508767,0.00155
0.0015619606869922522,0.00155
0.0015619606869922522,0.00155
0.0015619606869922522,0.001534
0.0015458206568072577,0.001534
0.0015417949588748536,0.001516
0.0015331971360143992,0.001466
0.0015118079037317567,0.001434
0.0014865146296569479,0.001334
0.0014358499754250763,0.001032
0.0013122515972753637,0.00075
0.0011308486433403626,0.000684
0.0009436184234040031,0.000634
0.0008354401582669964,0.000716
0.0005589714513997754,0.000534
0.0006402917567283391,0.000182
-0.0003675662096671708,-0.0003
0.0002733919658940258,-0.0007
-8.261778580326686e-05,-0.0011
-0.0004912841532387577,-0.001282
-0.0008548934097780012,-0.001384
-0.001122974233466462,-0.001516
-0.0013242681241203871,-0.001568
-0.0014402791669869243,-0.001666
-0.0015360231805142308,-0.0018
-0.0016401829271667978,-0.00185
-0.0017237537527472096,-0.0019
-0.0018061619811275292,-0.0019
-0.001863529241747229,-0.00195
-0.001900878150170389,-0.001984
-0.001934384081556599,-0.001916
-0.0019383039023552814,-0.001916
-0.0019422008435945157,-0.001884
-0.00199217863767275,-0.001916
-0.0020091969273604198,-0.001918
-0.0019088550691244424,-0.001916
-0.0019259060213556002,-0.001916
-0.0019165560132545325,-0.001918
-0.001917057312291543,-0.001932
-0.0019262126074522045,-0.00185
-0.0019047897658856833,-0.001884
-0.0018967896517920516,-0.0019
-0.0018922344104009734,-0.001916
-0.0018881078846169324,-0.0019
-0.0019002851751055213,-0.001918
-0.001908717791767754,-0.001966
-0.0019256142675251214,-0.0019
-0.0018419632845916086,-0.00185
-0.0019095305683933886,-0.00185
-0.0018926817452356993,-0.001834
-0.001859117904895576,-0.001732
-0.001817721681301085,-0.001468
-0.0017247921691660216,-0.001066
-0.0015323583484608454,-0.000784
-0.0012715278204763801,-0.000482
-0.0009590118943285293,-0.000168
-0.0006333081901148107,0.0001
-0.00034172682417684617,0.000418
0.000919741157373932,0.00075
0.0002664737393821574,0.001082
0.0005784119763777028,0.001368
0.0019071294525390304,0.0016
0.0011921133185694923,0.001716
0.0014354881628056665,0.001834
0.0016252308739495543,0.001916
0.001763534970591965,0.00195
0.0018517642322660691,0.001966
0.0019152359171365793,0.002
0.001957248626515647,0.001968
0.001970547330997321,0.001982
0.0019786586870868903,0.001984
0.0019832139284779687,0.001966
0.0019747934616507526,0.002
0.001982696850434442,0.002034
0.0019953774912308884,0.002016
0.002003377447534455,0.002018
0.0020166968225146654,0.001982
0.002012027498906477,0.001984
0.0019995745491740552,0.00195
0.0019829011885688233,0.001916
0.0019573100068509936,0.00195
0.0019494017265752847,0.00195
0.0019411313181000355,0.001968
0.0019455306629067365,0.002
0.001966491021792276,0.002016
0.001982854798289666,0.002034
0.002003896103478633,0.002066
0.0020283898552932804,0.00205
0.0020410365712257177,0.002034
0.0020456669206878114,0.002032
0.002045155365296566,0.002034
0.0020373124101078326,0.002
0.0020246377653338624,0.002
0.0020160871217028906,0.002016
0.0020121482083063236,0.001984
0.001999714666751917,0.001966
0.0019910366865383616,0.001984
0.001987050120542117,0.002
0.0017535891472048564,0.00185
0.0019485368792281476,0.0015
0.001828511657103963,0.001266
0.0016468522154180457,0.00115
0.0014348689945899822,0.00105
0.0012373419472665676,0.000984
0.0008237707939981549,0.00095
0.0007866961247082415,0.0009
0.0009696469991824534,0.00085
-4.12324546542114e-05,0.00075
3.911594153526997e-05,0.0007
0.0007980391002273015,0.000634
0.0007315443154984079,0.000566
0.0006607819406672212,0.00055
0.0006110224096966186,0.000466
0.00029080611140766365,0.000334
0.00019104743539063515,0.0002
0.00016573609435336555,0.000134
0.00020753802579101776,0.000166
0.000244595515687587,0.000184
0.0002747934769765271,0.000232
0.00019478314476891416,0.0003
0.0002192132282922702,0.00035
0.0002649264697269654,0.000384
0.00031508053503174024,0.000384
4.9456980958941696e-05,0.0004
0.0003790447418668865,0.000432
0.00039951137563854356,0.00045
0.0004158547972175281,0.00045
0.00011504377755069578,0.000468
0.00044968017459065264,0.00045
0.00045429991267086463,0.000432
0.00044968017459065264,0.000418
0.00039994809909138767,0.000432
0.000499229213614333,0.00045
0.00043271364004435485,0.000468
0.00044153059385779896,0.000466
0.00045363695771209864,0.000466
0.0005614332131013551,0.000518
0.0005078653400131049,0.000516
0.000490865314525477,0.000534
0.0004789460502409397,0.000516
0.0006713003053057596,0.000466
0.000507369563628375,0.000484
0.000714875215224935,0.0005
0.0005118920635809326,0.0005
0.0006675232056210136,0.000516
0.0004997146941973113,0.000518
0.0006366543406987752,0.00055
0.0005369698753217669,0.000566
0.0005205472825775887,0.000566
0.000793521807346894,0.000584
0.0005956669906106277,0.0006
0.0005786446772762961,0.000584
0.0007366034594625717,0.000616
0.0006859700871111178,0.000584
0.0007058034699037751,0.0006
0.00022526909265052774,0.0005
0.0002860420743128637,0.00045
0.00010203447977228126,0.000416
0.00040382054342300613,0.000416
0.00044464568532417,0.000384
0.0002650471396792958,0.0004
-0.0002642309950000925,0.000416
0.00040366697424209,0.000418
0.00036231260446238254,0.000382
0.00030660720853269635,0.000334
0.00021583137299698956,0.000266
0.00035678119483319756,0.000234
0.0003025677631408651,0.000216
0.0002581448696877667,0.0002
0.0002740353943322283,0.0002
0.0008161770682173404,0.000184
0.0002700540748556501,0.000116
0.00022431761855761835,0.000134
9.537744512764661e-05,0.00015
0.00014537744815755173,0.00015
0.00013714834123185784,0.000166
0.0001952998875085521,0.000184
-7.96745573034913e-05,0.00015
0.0001621483427468104,0.00015
0.00025764136158984397,0.00015
0.00015813128382047366,0.000116
1.947605682279077e-05,0.000134
0.00039703947592527734,0.00015
0.00013714834123185784,0.000116
0.00018731259385771455,0.000168
0.00016619719637127672,0.00015
0.00013731258096593034,0.00015
0.0001455305932776677,0.000116
0.00011571623936088758,0.0001
-5.843046229515811e-05,0.0001
4.1036695343754064e-05,8.4e-05
0.00023677405939523166,0.0001
0.00031767125066407126,0.0001
6.202749908272549e-05,6.6e-05
9.103669467545456e-05,8.4e-05
0.00022054726439815786,0.000284
0.00013132431978871438,0.001316
0.00010754895655509885,0.0
0.0003867531810250716,0.000366
0.0003120501571066015,0.00035
0.0004958775553927723,0.000284
0.00026214835866849976,0.000266
0.00023584645104967757,0.000318
0.00027354289209135043,0.000316
0.00029545314716914817,0.000334
0.00023300088473835644,0.00035
0.0003291554088439323,-0.000134
0.0003745312359480429,0.000334
0.0003453774504152932,0.000332
0.000332696947685154,0.000334
0.0002542999005512441,0.000266
0.00031577490993723104,0.000318
3.4877630119208044e-05,0.000332
0.00046935722687625357,0.000334
0.00029968016550093726,0.000316
8.655544696305693e-05,0.000234
0.0003033854115347615,0.000316
0.00037377084562404116,0.000334
0.0003166969364592301,0.000316
0.0003621483450045519,0.00035
0.0003703899173453933,0.00035
0.00033714834348959934,0.000334
0.0003826969507150591,0.00035
0.0003458205446420181,0.000334
0.00040397450707908513,0.000332
0.00034940162961832026,0.000318
0.000295666992154955,0.0003
0.0002038961127445968,0.000266
0.00034922283375073685,0.000316
0.0003243779398698357,0.00035
0.0003930185511423442,0.000334
0.00030813128304831,0.000366
0.00034446297809266363,0.000368
0.00040429990964095945,0.000382
0.00036649100373034447,0.00035
0.00036621388492840876,0.000368
0.00036621388492840876,0.000366
0.00030746953123879085,0.000366
0.0003990780841196167,0.00035
0.0003908731190738921,0.000384
0.0003368751102680182,0.000384
0.0003706446299580764,0.000366
0.0005819773217950054,0.00035
0.0003706446299580764,0.000316
0.00032864466212677046,0.000318
0.0003369698632021462,0.000332
0.00036231260446238254,0.000334
-6.006420090605732e-05,0.000316
0.0003247934800064322,0.0003
0.0004028289906535463,0.0003
-0.000101871092868883,0.000284
0.0003246378003833946,0.0003
0.0002783899267604241,0.0003
0.00031214834197464673,0.000284
0.0007440084683254558,0.000282
0.0002150603318435896,0.000268
0.00022883295878596942,0.00025
0.0002706587855566142,0.000232
0.00020779494746461308,0.000218
0.0001406471189654214,0.0002
0.0001664438321049995,0.0002
0.00021216263563949151,0.000166
0.00019553059630757284,0.000166
0.00018257529231707997,0.000184
0.00016203802776750605,0.00015
0.0001542998944914338,0.000166
7.880574077189314e-05,0.00015
0.0001497147124354917,0.000134
0.00014104743236073003,0.000134
0.00014566698306523962,0.000132
9.932349359372223e-05,0.000118
0.00012932620446984652,0.0001
0.00014076659563038406,8.2e-05
0.00010753059373626596,8.4e-05
9.56369506135589e-05,8.4e-05
6.61972026388153e-05,6.6e-05
6.608722542886918e-05,5e-05
7.453125721612838e-05,6.6e-05
6.61972026388153e-05,6.8e-05
-0.00013634447459209972,6.6e-05
6.231258628295171e-05,8.4e-05
0.0001030459781921651,5e-05
4.9401621300768534e-05,6.6e-05
6.621390619649427e-05,6.6e-05
-5.526882915757945e-06,6.8e-05
-6.310793181546015e-05,5e-05
6.231258381748193e-05,3.2e-05
5.363695073114593e-05,6.8e-05
9.89531701726729e-05,1.6e-05
1.657529295793372e-05,-3.4e-05
-7.919425420702606e-05,-5e-05
-7.561409624735671e-05,-3.2e-05
-5.436304861427745e-05,-3.4e-05
-3.768741484591903e-05,-5e-05
-2.5468743912742358e-05,-1.6e-05
-2.1194260356977592e-05,-3.4e-05
-3.38028009555252e-05,-3.4e-05
-9.260865825397843e-05,-5e-05
-0.00022589518861439493,-5e-05
-6.743867739133321e-05,-5e-05
-0.00012178621091529271,-8.2e-05
-0.00011655617044868255,-0.0001
-0.00014029991649799184,-0.000168
0.00021709178031372234,-0.000182
-0.0001504886379666548,-0.000184
-0.00019171776188214228,-0.0002
-0.00018400884935376166,-0.0002
-0.00020871776764601197,-0.0002
-0.00020005189781995767,-0.0002
-0.00020028528905008614,-0.0002
-0.0002041794492394221,-0.0002
-0.0002087177873697701,-0.000216
-0.00021268743038152656,-0.000218
-0.0002041794492394221,-0.000216
-0.00013017319666305737,-0.000216
-0.0002252291173018421,-0.0002
-2.156451474487343e-05,-0.000218
-0.00020005189781995767,-0.0002
-0.00022536221322180377,-0.000216
-0.0003012173610247912,-0.0002
-0.00020871776764601197,-0.000216
-0.00017145274436624223,-0.0002
-0.00015820504552313045,-0.000184
-0.00016303012764938885,-0.0002
-0.00020005189781995767,-0.0002
-0.00026268741368767353,-0.000216
-0.00021268743038152656,-0.0002
-0.00019602548983226024,-0.000218
-9.940944111504781e-06,-0.0002
-0.00023414522244748052,-0.0002
-0.00018768740914281584,-0.000182
6.889933531543706e-05,-0.000184
-0.00021678610621906686,-0.000184
-0.00020484459353534216,-0.000182
-0.00021268743038152656,-0.0002
-0.0002087177873697701,-0.000184
-0.00017067379398582618,-0.000184
-0.00017522911427193694,-0.00015
-0.00015871778433986498,-0.000132
-0.00015005189479005255,-0.000134
-0.00012520653740083498,-0.000134
-0.00014246941155138067,-0.000132
-0.00013330305136239986,-0.000118
-0.0001296737911068288,-8.2e-05
-9.171776568421105e-05,-8.4e-05
-0.00010453776469383,-8.4e-05
-0.00013022931075497957,-0.000132
-9.602547391057089e-05,-0.000118
-0.00010502547406147864,-0.000132
-0.0001295417602698069,-0.00015
-0.00015051915062050495,-0.000134
-0.0001791942405430782,-0.000184
-0.00014171775885223712,-0.00015
-0.0003287859875629526,-0.000132
-0.00015031984204445084,-0.00015
-0.00015446940517800496,-0.000168
-0.00011750899561902487,-0.000182
-0.0001291942572369312,-0.000168
-0.00020470011700693085,-0.000216
-0.0001965179526256218,-0.000184
-0.00023768741217272096,-0.000232
-0.0002041794492394221,-0.000218
-0.0004279515603106852,-0.000232
-0.00025124927103556454,-0.000234
-0.00031132158591356147,-0.000234
-0.00038416773634523927,-0.000216
-0.00021722507818033952,-0.00025
-0.0002478978692228596,-0.000234
2.5163275894203706e-06,-0.000232
-0.0001668027894885523,-0.0002
-0.00022546876096330245,-0.000218
-0.0002554529758852264,-0.000232
-0.00019210994908909522,-0.000234
-0.00018785166860064647,-0.0002
-0.00023437845588754385,-0.0002
-0.0001892180713936499,-0.00015
-0.00017546875793339733,-0.00015
-5.1412339879225447e-05,-0.00015
-8.785164281707805e-05,-0.000134
-0.00025627823764976665,-0.000116
0.00025274608260834793,-0.000116
-0.0001293553510315796,-5e-05
-6.334564254862234e-05,-3.4e-05
-9.636303616934157e-05,-3.4e-05
-0.00011445350934976768,-5e-05
0.00011130180587920577,0.0
-3.8246805281605734e-05,0.0
-8.985340356733797e-06,-3.2e-05
-8.717762922800714e-06,3.4e-05
-3.7837374579094613e-05,-1.8e-05
-3.428375986694875e-05,-3.2e-05
-1.2675593868898143e-05,-6.8e-05
-0.00011322593222846707,-8.2e-05
-0.0001629724948280895,-0.000118
-0.00016285164736193578,-0.00015
-0.0001715417576867501,-0.000182
-0.00020028528905008614,-0.000218
-0.00016792225082958172,-0.000232
-0.00011740532754621535,-0.000284
-0.00031680277885450957,-0.0003
-0.00027181838945454246,-0.0003
-0.000392608636985893,-0.0003
-0.00029617942010063325,-0.000316
-0.00030417945529923236,-0.000334
-0.0003541794188816212,-0.00035
-0.0006448079300636062,-0.000366
-0.0004126873833298727,-0.000418
-0.00036778384161454146,-0.0004
-0.00028025879700124254,-0.000366
-0.00036448382019180393,-0.000334
-0.0003676529153079757,-0.000316
-0.00011952719958556331,-0.00035
-0.00034196331203700336,-0.000434
-0.0003596224266268008,-0.000582
-0.0008850451188540915,-0.00065
-0.0005069347580891449,-0.000784
-0.0006156273004960213,-0.0009
-0.00039760616392961213,-0.000584
-4.691412480388368e-05,-0.000666
-0.0006124148131119308,-0.000584
-0.0006867090029715737,-0.000466
-0.0005767682228067399,-0.000616
-0.0005848256935890569,-0.000684
-0.0005894569897915418,-0.0008
-0.0006444959002097541,-0.000934
-0.0007614959712047085,-0.001066
-0.0008745507383054572,-0.001166
-0.0010852550706554063,-0.00125
-0.0011069212245024029,-0.0015
-0.0012494857317991422,-0.001618
-0.0013880334563021585,-0.001732
-0.0015294315005422092,-0.001784
-0.0016612144493717246,-0.0018
-0.0017352680093819998,-0.001816
-0.0017837838785065346,-0.001818
-0.0018048447496635809,-0.001832
-0.0018167861440047568,-0.0018
-0.0018167861440047568,-0.0019
-0.0018384393590664104,-0.0019
-0.0018590797196998076,-0.0019
-0.0018760748142478993,-0.001868
-0.0018923475458776924,-0.00185
-0.001880034713723132,-0.00185
-0.0018675090227706721,-0.001782
-0.0018383167561857817,-0.001734
-0.0018052169764272913,-0.001734
-0.0017552292415749522,-0.00175
-0.0017504887546473773,-0.001782
-0.0017504887546473773,-0.001834
-0.001775948497240929,-0.001816
-0.001796300891005411,-0.001768
-0.0018006535299528248,-0.001766
-0.0017967381272759669,-0.001616
-0.0017433645332054436,-0.0015
-0.001665284012942243,-0.00145
-0.0015860158068585896,-0.001434
-0.001501767746318515,-0.001366
-0.0014386894320804464,-0.0013
-0.0013889775142620054,-0.00125
-0.0013392181016339518,-0.0012
-0.0012805239054612962,-0.0011
-0.0012143344445084856,-0.00105
-0.0011519609784914826,-0.001034
-0.001097607429221289,-0.001016
-0.0010507772313628487,-0.000968
-0.0010177639994550982,-0.000916
-0.0009846376320706285,-0.000834
-0.0007853975369048141,-0.0007
-0.0008570094534468174,-0.000682
-0.0009351734446544872,-0.0007
-0.000730515075336207,-0.0007
-0.0006957000386744047,-0.00065
-0.0006835089415551145,-0.000534
-0.0006476820761004792,-0.000516
-0.0006019178290272214,-0.000484
-0.0005475545362205042,-0.000534
-0.000517509019858266,-0.00055
-0.0005216101019942999,-0.0005
-0.000517652924397691,-0.000466
-0.0005133039146217758,-0.000384
-0.00047649953971348004,-0.000232
-0.00039806403125118757,-0.00015
-0.0003110744866715223,-6.8e-05
-0.0002113951297478735,6.8e-05
0.00020782133785301094,0.000166
9.820263052086031e-07,0.0002
8.891922596511242e-05,0.0003
0.0001814437501741868,0.000384
0.00026037404883330194,0.000482
0.0003389199511699313,0.000568
0.00043099783087581473,0.000566
0.0004981289040424623,0.000584
0.0005490098884536671,0.000616
0.0005830009059476925,0.000584
0.00024646767508694164,0.000616
0.0005995999079847185,0.0006
0.0006036669863617106,0.000666
0.0006157361117606327,0.000718
0.0006488533667688396,0.000782
0.0006898397306690797,0.0008
0.0007401801657645656,0.000834
0.0005099223307500352,0.000866
0.0008196991002617568,0.00085
0.0008368920635515579,0.00085
0.0008497147154066473,0.0008
0.0008408821009292362,0.00085
0.0007328526318236746,0.00085
0.0008369607022299021,0.000884
0.0008452551736900882,0.000934
0.0008980538596582041,0.000966
0.0009073914023441244,0.001
0.0009449392051444174,0.001
0.0009743176640061954,0.000966
0.0006553177101582778,0.00095
0.0009784581542110029,0.000884
0.0008783285236126645,0.0008
0.0008983773292917803,0.0007
0.0008311777752368536,0.000616
0.0007474917629088756,0.0006
0.0006770276113008397,0.000568
0.0006197895018494724,0.000532
0.0005157162241526124,0.000484
0.0005449293584736201,0.000416
0.0002534211479546149,0.0003
0.0004905894185965464,0.0002
0.00034795796886466333,0.000184
0.0001578213446849849,0.000184
0.00011093156628412854,0.000182
7.811936385033012e-05,0.0002
0.00019114487075587092,0.000184
0.00019582055527606084,0.000166
0.00011599115896379011,0.000184
0.00017032619748696482,0.000184
0.0001541554081011434,0.000182
0.00021231257564890895,0.000218
8.27225389046399e-05,0.000182
0.0002856899066111867,0.0002
0.00019512631843687707,0.0002
0.0002685830178019299,0.000218
0.00021644383513490462,0.0002
0.00011988189708108793,0.000182
0.00038540376038783097,0.0002
0.00010764711183750689,0.0002
0.00022477087051978788,0.0002
0.0001952998875085521,0.000184
0.00015828223960343555,0.000166
0.00017864465303705503,0.000134
6.214835147981876e-05,0.000116
0.00014933912277101765,0.000134
9.55645693521067e-05,0.000134
0.00025389611577450195,0.000166
0.00019968015944112698,0.0002
0.0001955645803428565,0.000184
0.0001494808281114096,0.000166
5.782862901927892e-05,0.000184
0.000629967276632365,0.000216
0.00027038993100934124,0.0002
0.00019103669580432527,0.000166
0.0003352071114892213,0.000168
0.00025780611414162824,0.000266
0.0002328578085967734,0.000166
0.00020779494746461308,0.000218
0.00015261269463408286,0.00025
0.00022481883869959624,0.000232
0.00038646063824426667,0.000234
9.751025399088593e-05,0.00025
-0.00012002263080452569,0.0003
0.0005231396155580876,0.000316
0.0002741564587597216,0.000334
0.00015641069164058343,0.00035
0.000298953187223233,0.000316
0.00029971472152520706,0.0003
0.0003669424805542809,0.00035
0.00036515574475145184,0.000434
0.00021860106201072733,0.000384
0.00032463778065963645,0.000316
0.00022845824682873284,0.000284
0.0002747934769765271,0.000266
0.00027080574727855175,0.00025
0.0002200447424881424,0.00025
0.0002582822259394877,0.000284
0.00026669693342932496,0.0003
0.0002704582541075551,0.000316
0.00031214834197464673,0.0003
0.0003201553988311455,0.0003
0.0002322424667901692,0.0003
0.00016911342304615193,0.0003
0.00026214835866849976,0.0003
0.0003288057263357816,0.0003
0.00025369915432566707,0.0003
0.0002210316798981963,0.000316
-2.5945649591867147e-05,0.000318
0.0003082822289693928,0.000332
0.00021924961862604752,0.00035
0.00041169612170771104,0.000334
0.0003332139073861315,0.000334
0.0002725436865037304,0.000316
0.0003331972013629828,0.000316
0.00032477087657959813,0.000318
0.00019097214980579613,0.000316
0.00036196988444085694,0.000316
-9.196369136264059e-05,0.0003
0.00022479345422286376,0.00025
0.00021231257564890895,0.0002
0.00021231257564890895,0.000218
0.00024128223989937613,0.00025
0.0002038205510271437,0.0002
0.00021649099464062904,0.000182
0.00014103669277442014,0.000184
-5.207371200640029e-05,0.000134
-5.4894830719500845e-05,0.000116
1.9699166427618766e-05,8.4e-05
-2.945273102760968e-05,1.6e-05
-2.852892578144221e-07,0.0
5.2815929574606826e-05,-8.4e-05
-0.00023380279828232715,-0.000232
-0.00027593219341457987,-0.000318
-0.00021084852523840423,-0.000366
-0.00035137663340171636,-0.000334
-0.0002756823525701586,-0.00025
-0.00018017320955484158,-0.000116
7.380739036127144e-05,0.0
0.0004944503442534082,0.000116
0.0003900157667548501,0.00025
0.00020374990052546873,0.00025
0.00026472073120575607,0.00025
0.0002702998920534098,0.000268
0.0002791554058140272,0.000266
0.0002582822259394877,0.000284
0.00023925864148498504,0.0003
0.00019326590453549775,0.000266
0.00022880573999972946,0.000234
5.2601056487906644e-05,0.0002
0.00025786534458733737,0.000216
0.0002572485826701467,0.000234
0.00021573608752139162,0.00025
0.00015744055781023966,0.000266
0.00022453124658208562,0.000266
0.00024165253373478824,0.00025
0.0002747934769765271,0.00025
0.00029951134985497515,0.000268
0.00025828224566324585,0.000316
0.00027453124961199075,0.000316
0.00024971471849530194,0.000284
0.0002954820424748304,0.000266
0.0002949652208401599,0.000268
0.000258036684874342,0.000282
0.00022416229396222736,0.000284
0.0003160872356474553,0.000316
-1.235345705607154e-06,0.00035
0.000307310005482915,0.00035
0.0002156215319340861,0.000334
0.0003412822459591864,0.00035
0.00033300091052192486,0.000316
0.0003700447515778578,0.000334
0.0002999481127553355,0.000316
0.0003536369516522884,0.000318
0.0003291554088439323,0.000366
0.0003330008907981667,0.000334
0.0002873125999175248,0.000316
0.0002873125801937667,0.0003
0.0003205472704579681,0.0003
0.0002869698601722411,0.000316
0.0003158313790567998,0.000334
0.0004028290301010626,0.00035
0.00038294247205644666,0.000384
0.00031571623175675,0.000366
0.00033689205297626464,0.000384
0.000303530598118466,0.000366
0.00030779495352442333,0.000334
0.00029152022979505747,0.000332
0.00035345314595013614,0.000334
0.0005022239901560203,0.000366
0.0003411448897074654,0.000418
0.00036163639513814316,0.000432
0.00035736959398617585,0.000434
0.0004993391538422327,0.000434
0.0003706587916164245,0.000382
0.00031649102042419745,0.00035
0.0003072485857000518,0.000334
0.00030782134391282124,0.000334
0.00039948084326093527,0.00035
0.0003417949650521628,0.000366
0.00035754896184274544,0.000384
0.0003003737120085859,0.000382
0.00039971472758501737,0.0004
0.00041231256804477134,0.000418
0.00041202748084454515,0.000432
0.00034566699518486015,0.000434
0.00039994809909138767,0.000384
0.00036621388492840876,0.000366
0.00031196986168719365,0.00035
0.00033689205297626464,0.00035
0.0005723808850596752,0.00035
0.00039566697849100716,0.0004
0.0005349948959712029,0.0004
0.0003407449905110778,0.0004
0.00037883294815192666,0.0004
-0.00017261143626222183,0.000366
0.0003911313030680087,0.00035
0.000353530581424613,0.000334
0.00032477087657959813,0.00035
0.0005529027271512074,0.000384
0.0004456669815209123,0.00045
0.0005082822608127715,0.000482
0.0004152051360717518,0.000468
0.00042045824347351237,0.000466
0.0004456669815209123,0.000466
0.00043689207875983305,0.00045
0.0005036370001895201,0.00045
0.00045779496261413876,0.00045
0.0004331971876990349,0.00045
0.00046621389098821907,0.000468
0.0005281944597429758,0.00045
0.0004542998732233483,0.00045
0.0005165007563565835,0.00045
0.00039912183141518204,0.00045
0.0004499481021212928,0.000432
0.00040828225475296123,0.0004
0.00043249099826241533,0.000368
0.00041172176259329936,0.000366
0.00029316168039539135,0.0004
0.0003866543649967657,0.000434
0.0004703898839576873,0.00045
0.0005038961309240277,0.00045
0.0003996801715607475,0.000432
0.0004412822717427548,0.000434
0.00041579968903727126,0.00045
0.0005038205494828164,0.000484
0.0005992291802266271,0.000482
0.0004619698905006672,0.000484
0.0004746377897493519,0.0005
0.0003324482705424632,0.000466
0.0005329803902093166,0.0005
0.0004832138770283306,0.000484
0.0004745312420078532,0.000466
0.0005159710156603281,0.000468
0.0004700686628325397,0.000432
0.00043221612796890817,0.000434
0.0004206587551988133,0.000384
0.00033546176493062996,0.000382
0.0004073774076243064,0.000384
0.00034912742993259004,0.000384
0.00038344381054097345,0.000382
0.00028272252636956275,0.0004
0.00038731258625357694,0.0004
0.00040366697424209,0.0004
0.0003701554018610506,0.0004
0.00038611918054326234,0.000384
0.0004119698480232458,0.0004
0.00040779495958423364,0.000384
0.00039179492863455163,0.000382
0.0004035306041782763,0.000434
0.00023357060549237152,0.00045
0.0004412822717427548,0.000466
0.0004119698480232458,0.000434
0.00047029986472551404,0.00045
0.00047839804534464215,0.000434
0.00042453127842546434,0.000416
0.0004203899203752985,0.0004
0.00041231256804477134,0.000416
0.0005036669803019004,0.00045
0.00047403538672809067,0.000484
0.0005161972077187336,0.0005
0.00049128227477266,0.000516
0.0004868920817897382,0.000468
0.0005039043754549322,0.000482
0.00045779496261413876,0.00045
0.0004865146874013939,0.000434
0.0004911313091278191,0.00045
0.0004535645715197069,0.00045
0.0004994016387080357,0.00045
0.0004243779853771623,0.000434
0.0001799715984518896,0.000432
0.0005440976075926501,0.00045
0.0004661972046888285,0.000468
0.0004661972046888285,0.00045
0.0004993391143947164,0.000466
0.0005121526933210592,0.000434
0.0003708329918483601,0.000416
0.00046214839051187843,0.000434
0.00039582054767192324,0.000416
0.0003911448730136124,0.0004
0.0004246377867194467,0.000416
0.00039515542309976134,0.000384
0.00031548637107932945,0.000384
0.00039566697849100716,0.0004
0.00039994809909138767,0.000416
0.000420170000471983,0.00045
0.00047065879767623474,0.000466
0.0005202998677554193,0.000518
0.0003487591479205087,0.000516
0.0004867531870848819,0.000534
0.0005041554194486004,0.000516
0.00042413842061073446,0.000516
0.00043234705427547395,0.000518
0.0004497147306149225,0.000482
0.00034820161644902716,0.000484
0.00019105700141333544,0.00045
0.00044515542612966647,0.000434
0.00048285482573506107,0.000416
0.00029948085692488313,0.000384
0.00044529988293431964,0.0004
0.0001977222608651165,0.000382
0.00040779495958423364,0.0004
0.00019495199986239257,0.0004
0.00037880568991817046,0.000384
0.0003417949650521628,0.000416
0.0003952998799044145,0.0004
0.0003454531501990533,0.0004
0.0004458205901493447,0.000434
0.00041214834803445703,0.00045
0.0005452040709770621,0.000466
0.00033999191770134785,0.00045
0.0004497147306149225,0.000468
0.00045828225778286636,0.00045
0.0005034531353160935,0.000466
0.00045828225778286636,0.00045
0.00043689207875983305,0.000416
0.0004036369546821935,0.000418
0.0004369698692619565,0.0004
0.00039971472758501737,0.0004
0.00040779495958423364,0.0004
0.00015677227743677457,0.000382
0.0003952998799044145,0.000418
0.0004205472370702621,0.0004
0.0004291699513134954,0.000416
0.0003532040546085244,0.0004
0.0003703262096065854,0.0004
0.00045429991267086463,0.00045
0.0004159911672813418,0.000534
0.0004446413460973781,0.000582
0.0006412822444148591,0.0006
0.0005400590497699355,0.000568
0.00046555432851585403,0.000532
0.0005698790446815451,0.000518
0.0005206446390477919,0.000516
0.0004826969567748694,0.0005
0.000470265545386342,0.0005
0.0005947201318771243,0.000516
0.0010493923624231478,0.000518
0.0005121483540942673,0.0005
0.0004621626310652591,0.000482
0.00035404472062817576,0.00045
0.0004868751193577336,0.000434
0.0004659912097587633,0.000416
0.00037929984895473246,0.0004
0.00040779495958423364,0.000418
0.00043716264927406463,0.00045
0.0004455306114570985,0.000466
0.0005166969683026089,0.000516
0.0004572485750660091,0.0005
0.0005286446347988748,0.0005
0.00047064463601788673,0.000484
0.0003871483662432626,0.0004
0.00036649100373034447,0.00035
0.0003621626250054488,0.00035
0.00039464134306747297,0.000384
0.00040828225475296123,0.0004
0.00042083295543074895,0.000432
0.00035736959398617585,0.000434
0.0004664438305606722,0.000434
0.0006406706106747861,0.000432
0.00041231256804477134,0.000418
0.00028165983000447435,0.00045
0.0004332138739984255,0.000432
0.00035270455043350505,0.00045
0.0003826159649641162,0.00045
0.0005161971682712174,0.000468
0.0004865090858540808,0.000466
0.0004784582422545004,0.000466
0.0004664438305606722,0.00045
0.00023165980725081106,0.0004
0.0004206587551988133,0.0004
0.000416443827530767,0.000434
0.0004619698510531509,0.000416
0.00041214834803445703,0.000434
0.0004458205507018284,0.000416
0.0009287622520841757,0.000384
0.00038702749905335075,0.000384
0.00039137741612214064,0.000382
0.00041214834803445703,0.000368
0.00037932619989561404,0.000316
0.0002612461545234363,0.000334
0.00035803669093415223,0.000382
0.00034934662005685417,0.000418
0.0004330872474711353,0.000416
0.0004661972046888285,0.000434
0.0005030509678875192,0.000432
0.0004412822322952385,0.000434
0.00040382054342300613,0.000416
0.0004993705540651994,0.0004
0.00041231256804477134,0.0004
0.00034103670489404067,0.000368
0.0004329189249191268,0.000382
0.0003871626462441595,0.000368
0.00034830329242226403,0.00035
0.00033321392710988963,0.000366
0.0003956369589311106,0.000366
0.00039082866172303354,0.0004
0.00041969915491754824,0.0004
0.00038294247205644666,0.0004
0.0004246377867194467,0.0004
0.0001686885535719529,0.000384
0.00037932616044809777,0.000366
0.000332696947685154,0.000368
0.00032491608288706084,0.000366
0.0003952998799044145,0.000384
0.00021598630311721765,0.000382
0.00039582054767192324,0.0004
0.0003826969507150591,0.000418
0.00039582054767192324,0.0004
0.00042865879039741245,0.000416
0.00040382054342300613,0.0004
0.0004036369546821935,0.0004
0.0005661389862145951,0.000384
0.00039994809909138767,0.0004
0.00039179492863455163,0.0004
0.00039582054767192324,0.000382
0.0003912822292653334,0.000384
0.00013555878383920319,0.000384
0.0003871483662432626,0.000382
0.00038294247205644666,0.000368
0.00037932619989561404,0.000382
0.00039582054767192324,0.000384
0.0003621483450045519,0.000366
0.0003952998799044145,0.000384
0.00037880568991817046,0.000366
0.00039582054767192324,0.000384
0.00040828225475296123,0.0004
0.00038319718466912976,0.000416
0.00039103670792394585,0.000468
0.00043257533705224287,0.00045
0.0004290447448967916,0.00045
0.00041214834803445703,0.000432
0.0003994016326482254,0.000418
0.00038731254680606067,0.000382
0.0004198790750393459,0.000368
2.8078946839986103e-05,0.00035
0.0006174157475567351,0.000366
0.0003413099775631381,0.000366
0.00038344381054097345,0.0004
0.0003700447515778578,0.000434
0.00044933911136481124,0.000416
0.0004119416036015823,0.0004
0.0003912822292653334,0.000368
0.0002620501738004545,0.0003
0.00019566698609514474,0.0002
0.00021231257564890895,0.000216
0.00019128223686947098,0.000234
0.0002161971895393028,0.000216
0.00018716262426265987,0.0002
0.00017463780115555826,0.0002
0.00024128223989937613,0.000234
0.00021214833591483648,0.000216
0.00020779494746461308,0.0002
0.00017454186479594152,0.000184
0.0002038205510271437,0.000216
0.0002035305920586557,0.000216
0.0002036669818462276,0.0002
0.00021621389556245152,0.000184
0.00020828222290958254,0.000216
0.00043340259091635577,0.000218
0.00021669693039941983,0.000216
0.00040801984987460165,0.000216
0.00033636177973853933,0.0002
0.0001952998875085521,0.000218
6.012646656691652e-05,0.0002
0.00013675318559930408,0.0002
0.00019128224673135006,0.0002
0.00022854726014924072,0.0002
0.00023134959198270827,0.0002
0.00017454186479594152,0.0002
0.00021166680008348718,0.0002
0.00042151665978308335,0.0002
0.00014489612928754203,0.0002
0.0005799076289578297,0.0002
0.00019994810669552528,0.000182
0.00021644383513490462,0.0002
0.0002028405958274731,0.000218
0.0001870274869337302,0.000232
0.0001658313798289635,0.0002
0.0001655725153651909,0.000218
0.00022883295878596942,0.0002
0.00021216261591573338,0.0002
0.0002042998777975808,0.000182
0.00034292470247118564,0.000168
0.00018716263412453895,0.000182
0.000282575268791253,0.000268
0.00032064464665192946,0.000332
0.0002449652178102548,0.000318
0.0003497147048313541,0.000316
0.00029395735652271426,0.0003
0.0003205472704579681,0.00035
0.00021932565371369605,0.00035
0.00041142342102759984,0.00035
0.00027014703292778695,0.000366
0.0003706446299580764,0.000384
0.00035828223199929794,0.00035
0.00038319718466912976,0.000366
0.00035345314595013614,0.00035
0.0003621483450045519,0.000368
0.00020187937819804013,0.00035
0.0003661971986290182,0.00035
0.00035429986716353806,0.000316
0.00039545313350520026,0.000334
1.4564304188671647e-05,0.000332
0.0004274760749640124,0.000368
0.00038731254680606067,0.000382
0.0003912822292653334,0.000418
0.0004167136485421891,0.000416
0.00033769496772282677,0.000434
0.0004456669815209123,0.000416
0.00023330778641509088,0.0004
0.0004161972016589233,0.000384
0.00038319718466912976,0.0004
0.00039971472758501737,0.000382
0.00042865879039741245,0.000384
-8.717762922800714e-06,0.000366
0.0003826969507150591,0.000384
0.00045185665185442476,0.000366
0.0003747708796095033,0.000368
0.0003708057336146039,0.000382
0.00037481884778931164,0.000368
0.0003708329918483601,0.000382
0.0003912822292653334,0.000368
0.00037481884778931164,0.000382
0.00037479344358882106,0.000368
0.00041231256804477134,0.000382
0.0003871483662432626,0.000384
0.0003996801715607475,0.000366
0.0003577949565543285,0.000368
0.0003577990590960226,0.00035
0.0003646189429497806,0.00035
0.00037880568991817046,0.000366
0.0003373125832236718,0.000334
0.0003497147048313541,0.000332
0.0002154218683303854,0.000334
0.0006356599082606262,0.000334
0.0003726929027939068,0.0003
0.0003082822289693928,0.000316
0.0006068706769496685,0.000334
0.0003829189218892217,0.000332
0.0003201553988311455,0.000368
0.00037883294815192666,0.000366
0.00035415543008264304,0.000366
0.0002659911779153846,0.00035
0.0004030211395053938,0.00035
0.0003577949565543285,0.000368
0.0003161971955991131,0.00035
0.00034582056436577627,0.000332
0.0003496801488070842,0.000334
0.00032015541855490365,0.0003
0.00030429988385739104,0.000316
0.0002868920499463595,0.0003
0.00031214834197464673,0.000318
0.0003246378003833946,0.000316
0.00037880568991817046,0.000316
0.0003038267897945278,0.0003
0.00031231258170871925,0.000318
0.0002951554170399511,0.0003
0.0008035698786962258,0.0003
0.0003082822289693928,0.0003
0.00019414672812673213,0.000282
0.0002952998935683624,0.000268
0.00019582055527606084,0.000232
0.0002499481097254304,0.00025
0.00026600092145190817,0.000268
0.00030429988385739104,0.0003
0.00029179496202225765,0.000332
0.0002994365573640897,0.0003
0.0003364606154906034,0.0003
0.00024971471849530194,0.000284
0.00021231257564890895,0.000234
0.0002499481097254304,0.00025
0.0002915306044918417,0.000282
0.0003743779428997408,0.000318
0.00027020062237866657,0.000316
0.00026189204843140695,0.000334
0.0003082822289693928,0.000316
0.0003331972013629828,0.000316
0.00011827865140028072,0.0003
0.0003161971955991131,0.000284
0.0003161971955991131,0.000284
0.0004326642123064437,0.0003
5.16197502108031e-05,0.000332
0.000642734741412165,0.000318
0.00030804743735243605,0.000332
0.0004033774294725231,0.000334
0.0002991099911004848,0.000334
0.0003497147048313541,0.000332
0.0002158547653741494,0.000318
0.0003332139073861315,0.000316
0.00030765252826685913,0.000284
0.000258036684874342,0.000282
0.00032463778065963645,0.0003
0.00030429988385739104,0.0003
0.0002912822232055231,0.000318
0.00035728549188144605,0.000316
0.0002664438381648098,0.000284
0.00023671544038602504,0.00025
0.00023731257716386154,0.00025
0.00024968016247103213,0.000232
0.0002581312800184049,0.000234
0.0002534531398903259,0.000234
0.0003205472704579681,0.000266
0.00030789004176243987,0.000316
0.00031556132136028003,0.000318
0.00015279232876138743,0.0003
0.00031206124185867895,0.000282
0.0003196862100723949,0.00025
0.00028687510723811305,0.00025
0.0002699652390489655,0.00025
0.00028344384392867947,0.00025
0.00024113127425453516,0.000234
0.00021214833591483648,0.000234
0.00024179493926859434,0.000232
0.0002038205510271437,0.000218
0.00023716261743068594,0.0002
0.00019994810669552528,0.000216
0.00020779494746461308,0.0002
0.00020779494746461308,0.0002
0.0002038205510271437,0.000234
0.00024582053858220786,0.000232
0.00023308723535151474,0.000234
0.00022080572452488846,0.000234
0.0004691384509509105,0.00025
0.00026231259840257224,0.00025
3.983978620089898e-05,0.00025
0.0002160258689760563,0.000232
0.0002746377776297313,0.00025
0.00028703804520414797,0.00025
0.00011433367294808444,0.0003
0.0002573695879263656,0.0003
0.0002745312693357489,0.000284
0.0004756696973279761,0.000266
0.0008301455915256153,0.00025
0.0002451263017430241,0.000284
0.00038651468134158365,0.0003
0.00027453124961199075,0.000316
0.00031231258170871925,0.0003
0.00029971472152520706,0.000268
0.00018731258399583547,0.000232
0.0003117532159277302,0.00025
0.00021644383513490462,0.000234
0.0002694779044327216,0.00025
0.00024563694984139524,0.000266
0.00025762364965502987,0.000268
0.0004087599641752304,0.000266
0.000249480853894978,0.0003
0.0003204582571374602,0.000366
0.00019086495118027867,0.000384
0.00033689205297626464,0.000334
0.00026969916555159097,0.0003
0.00023706121759006307,0.000232
0.000245820558305966,0.00025
0.0002745312693357489,0.000234
0.00024504472427933684,0.00025
0.00020779494746461308,0.000234
0.00022080572452488846,0.00025
0.0002334438408987743,0.000232
0.00024582053858220786,0.00025
0.00024971471849530194,0.00025
0.0001997147154653968,0.000218
0.00022477087051978788,0.000232
0.0002535305753648027,0.000234
0.00020803668184443683,0.000216
0.0002326969416253437,0.00025
0.00022479347394662193,0.00025
0.00019515541098014079,0.000218
0.00024128223989937613,0.000216
0.00019128224673135006,0.0002
0.00020779494746461308,0.0002
0.00022883295878596942,0.000234
0.00021231257564890895,0.000232
0.00021214833591483648,0.00025
0.00025779495049451826,0.000268
0.00017054727123013178,0.000232
0.00026598038901967934,0.000218
0.00019128223686947098,0.000216
0.00024971471849530194,0.000216
0.00019113128108650909,0.000218
0.0003289652323678993,0.00025
0.00026231255895505597,0.00025
0.00018301086193007261,0.00025
-6.08188812020761e-05,0.00025
0.00023291895224702256,0.000216
0.0001623125824808829,0.000184
0.0002331971953031725,0.0002
0.00022889611425954936,0.000182
0.00021231257564890895,0.0002
0.00022054726439815786,0.0002
0.0001497147124354917,0.000218
0.00019563694681149009,0.000232
0.0002161971895393028,0.000234
0.00023319717557941435,0.00025
0.00022038992797943609,0.00025
0.00026619719256920795,0.00025
0.0002162359861715738,0.000266
0.0002540447145683655,0.00025
0.00022880572027597133,0.000234
0.00024957458119368256,0.00025
0.00024128223989937613,0.000234
0.00020828222290958254,0.000232
0.0001577949641584661,0.0002
0.00017032620734884387,0.000184
0.00020779494746461308,0.000184
-3.4734506911833875e-05,0.000182
-0.00048795592684187304,0.000218
0.00048172070964173,0.000266
0.00022405146616521124,0.000266
0.0002952998935683624,0.000284
0.00025789003873253474,0.000284
-3.613635329822365e-05,0.000266
0.00022437795353378356,0.000234
0.00015396524148698947,0.000182
0.00024053802305705322,0.000168
-0.00047035543126128227,0.000132
0.0001247934580249326,0.00015
0.0001247934580249326,0.00015
0.00021621389556245152,0.000218
0.00024128223989937613,0.000266
0.00021070321560307683,0.0003
0.00023716263715444408,0.000284
0.00035739134929140963,0.000282
0.00029968016550093726,0.000268
0.0001236536614892558,0.00025
0.0002706587855566142,0.00025
0.0003329911669854013,0.000232
0.00022477087051978788,0.00025
0.0002575305929641023,0.000234
0.0002581448696877667,0.000234
0.00021196066435608788,0.000216
0.00017915541947797505,0.000216
0.0006335511229348074,0.000218
0.00017479346105483772,0.0002
0.00018257529231707997,0.0002
0.00027032620354677507,0.00025
0.00024563694984139524,0.000266
0.00029451216611557185,0.000284
0.00024922284741468476,0.000332
0.0002822360004274028,0.000334
-6.671212317442904e-05,0.000334
0.00032046738923748134,0.0003
0.00031641881174562905,0.0003
0.00031657530004275056,0.000282
0.000303530598118466,0.000268
0.0002167136166988104,0.000216
0.00024113127425453516,0.000216
0.00020356457609393936,0.000184
0.0001576236435952196,0.000184
0.00016203802776750605,0.000166
0.00018731259385771455,0.0002
0.00019113237575508612,0.00025
0.00028714834045969416,0.000266
0.00029128224292928126,0.0003
0.00023702748996363532,0.0003
0.0002538205343332907,0.000268
0.00028308721865766176,0.00025
0.0001997147154653968,0.000216
0.0002160872098638869,0.000234
0.0002494365346104265,0.000232
0.000249480853894978,0.000284
0.0005566436534635157,0.000316
0.00037161712957716825,0.00035
0.00032403541708589156,0.000318
0.00027080574727855175,0.000266
0.00020779494746461308,0.000234
0.0002331971953031725,0.000216
0.00020814486665786156,0.000216
0.0001708057313568624,0.0002
0.00034869727449120816,0.0002
0.00021621389556245152,0.0002
0.00022880572027597133,0.000234
0.00025828224566324585,0.00025
0.00028714834045969416,0.000284
0.0002412485714442228,0.000282
0.00026960078344596424,0.0003
0.00028714836018345233,0.000284
0.0003025498539684696,0.00025
0.0002330872156277566,0.000216
0.0002616960928942375,0.0002
0.00013070732118642601,0.000168
0.0001580474479864788,0.000166
0.00010273898775851898,0.000184
0.00022932619080589863,0.000216
0.00021649099464062904,0.000266
0.00022826554571165727,0.000284
0.00029128224292928126,0.000316
0.0006999968744009527,0.0003
0.0002788057430296346,0.000284
0.000295666992154955,0.00025
4.054896008867285e-05,0.000216
0.00019103669580432527,0.0002
0.00021644383513490462,0.000218
0.00022880573999972946,0.0002
0.00022932619080589863,0.000232
0.0001664438321049995,0.0002
0.00021216261591573338,0.000168
0.00021216261591573338,0.0002
0.00020415540126916948,0.0002
0.00022064464059211916,0.00025
0.0001492228314929954,0.000266
0.00022826554571165727,0.00025
0.0002417949589923525,0.00025
0.00022932619080589863,0.00025
0.00016165434150031355,0.000234
0.00024582053858220786,0.000232
0.0002116961095880905,0.00025
0.00026694249421822883,0.00025
0.0002747934572527689,0.00025
0.00022083296303488655,0.000234
0.00020828222290958254,0.000184
0.00016231257261900382,0.000182
0.00016669694709327284,0.0002
0.00016205015787876516,0.0002
0.0002039745146832227,0.0002
0.0002038205510271437,0.0002
0.00018731258399583547,0.0002
0.0002578213408829161,0.000234
0.00020813127698849973,0.000266
0.000303530598118466,0.000284
0.00026214835866849976,0.000284
0.0003036669879060379,0.000266
0.00028269696437900697,0.000284
0.0002663470931311091,0.000282
0.000274770873549693,0.000268
0.0002659710005108024,0.000266
0.00024971471849530194,0.00025
0.00021196985562738337,0.000234
0.0002370501525617438,0.000216
0.00017054727123013178,0.000216
0.00018269693859543858,0.0002
0.00021214833591483648,0.000234
0.00024128223989937613,0.000234
0.00025394603660636666,0.00025
0.0002331971953031725,0.000282
0.0002326969416253437,0.000284
0.0002619698586572885,0.00025
0.00024971471849530194,0.000234
0.0002334438408987743,0.000232
0.00022477087051978788,0.000234
0.00023703802245048468,0.000234
0.00022080572452488846,0.000232
0.00020363694256257295,0.00025
0.0002745312693357489,0.00025
0.000253820573780807,0.00025
0.00024529989053845725,0.000268
0.0002868920499463595,0.000266
0.00027477089327345117,0.000266
0.00018319720213514644,0.00025
0.00029739560204253117,0.000234
0.00022880573999972946,0.000234
0.0002621626386693967,0.000232
0.00028269694465524886,0.000268
0.00024162365815286413,0.000182
0.0009206068725664273,0.000184
0.00018731259385771455,0.000184
0.00018731258399583547,0.000182
0.00030171796502119263,0.000168
0.00016619719637127672,0.000166
0.00017932619763787256,0.000166
0.00017032619748696482,0.000184
0.00017864465303705503,0.00015
0.00019563694681149009,0.000166
-5.7717990841569386e-05,0.000168
0.00027827227454308985,0.000166
0.00024582053858220786,0.000184
0.00017080574121874147,0.0002
0.00022929985958877521,0.000232
0.00022016998835236242,0.000218
0.0001997147154653968,0.000216
0.0002370501525617438,0.000216
0.00024529989053845725,0.000234
0.00023702748996363532,0.000234
0.0001830009211559676,0.000266
0.00024520405279763124,0.000284
0.0003458205446420181,0.000332
0.0003364331797430238,0.000318
0.0008600164342857224,0.0003
0.0002748188417295014,0.000282
0.00029086536157713094,0.000268
0.0002915306044918417,0.000266
0.0002581312800184049,0.000266
0.000274770873549693,0.000284
0.00027080574727855175,0.000316
0.0002786587813076971,0.0003
0.0002910366821403774,0.0003
0.0002868920499463595,0.000268
0.00029556458640266677,0.000282
0.00022880572027597133,0.00025
0.0002745418807176309,0.000234
0.00027080574727855175,0.000284
0.0003246378003833946,0.0003
0.0002663470931311091,0.000332
0.00031231258170871925,0.000334
0.00031196986168719365,0.00035
0.00032423437063429904,0.000366
0.0003664438245008619,0.00035
0.00034971472455511224,0.000318
0.00028308721865766176,0.0003
0.0003082822289693928,0.000282
0.0002370501525617438,0.000284
0.00016168318749660044,0.000266
0.00028269696437900697,0.000268
0.0002542998808274859,0.000266
0.000191623655122959,0.000266
0.00029128224292928126,0.000268
0.0002916525367646934,0.00025
0.00025828224566324585,0.00025
0.00024153060146193654,0.000232
0.00022477087051978788,0.00025
0.00025762364965502987,0.000268
0.00025363696531623624,0.000266
0.00024103667911047226,0.00025
0.00021914210442039973,0.0003
0.000605113842364187,0.000316
0.00034515540034609805,0.00035
0.0003031051566552808,0.000418
0.00034487504684782664,0.000416
0.00037391538132372694,0.00045
0.00026044673088206587,0.00045
0.0004330872474711353,0.000434
0.0003868920757299279,0.000416
0.00039582054767192324,0.0004
0.0003664188147755342,0.00035
0.0007213003477831811,0.000334
0.00029582056133587115,0.0003
0.00031613342868903063,0.000282
0.0002829911639554961,0.0003
0.00033714834348959934,0.000284
0.000443445415746021,0.000316
0.0002951554170399511,0.000318
0.00030415540732897975,0.000332
0.0003120612221349208,0.000368
0.0006393101447329843,0.000382
0.00034935419397998183,0.000368
0.0002539652278230416,0.000332
0.00028714834045969416,0.0003
0.0002619698783810467,0.0003
0.00023241879718798449,0.0003
0.00025366696515237463,0.000284
0.0005066376938586508,0.0003
0.0002664910173942923,0.000266
0.0002704582541075551,0.0003
0.000274770873549693,0.000284
0.00029563695287130036,0.000266
0.0003363617994622975,0.00025
0.00048494100763404587,0.00025
0.0002452998708146991,0.000234
0.00019968015944112698,0.000216
0.00025774502966265355,0.000234
0.00027394411277953374,0.000234
0.00021669693039941983,0.000232
0.0002201553927713352,0.000218
0.00022080572452488846,0.000232
0.00019039134429970362,0.000218
0.00022481883869959624,0.000216
0.00027807046104975133,0.000184
0.0001747708872136409,0.000166
0.00018283137573095413,0.000166
9.538539873311853e-05,0.000134
0.0001748188356696911,0.00015
0.00017864465303705503,0.000166
0.00013714834123185784,0.000184
8.202085141581691e-05,0.00015
0.00016205015787876516,0.000166
0.00016196986245935733,0.000184
0.00018731259385771455,0.000184
0.00017080574121874147,0.000182
0.0006726272803062314,0.000184
0.0001834438378688692,0.000184
0.00014105699838343032,0.000216
0.00019943655130427946,0.0002
0.00011995111761029743,0.000216
0.00022880572027597133,0.000218
0.00020415540126916948,0.000216
7.390748350291722e-05,0.0002
0.00013321390512839002,0.000184
0.00019165253070488312,0.0002
0.00016669694709327284,0.0002
0.00019128223686947098,0.0002
0.00017904472974726595,0.000182
0.00021180788412549756,0.000184
0.0002159803859897742,0.0002
0.00017915541947797505,0.000216
0.00022854726014924072,0.000218
0.00020415540126916948,0.000182
7.838991957174308e-05,0.000168
0.00013321390512839002,0.000132
0.00019128224673135006,0.000134
0.00015346223634489948,0.000134
0.0001288057339399192,0.000116
8.66363735427254e-05,0.000116
0.0006391243863787758,0.0001
-0.00026517947108176387,0.0001
7.837302124195244e-05,0.0001
2.8213790084600025e-05,6.8e-05
9.165252464507285e-05,6.6e-05
3.321390430770301e-05,5e-05
7.054727010126106e-05,5e-05
6.231258628295171e-05,6.6e-05
2.0155413935556546e-05,6.8e-05
5.8282238474564825e-05,6.6e-05
7.477088608477016e-05,6.6e-05
6.644384083800784e-05,8.4e-05
7.065877343699365e-05,8.4e-05
0.00040886367169555625,6.6e-05
7.477088608477016e-05,8.4e-05
7.929989487751564e-05,8.2e-05
-1.3379150183805372e-05,6.8e-05
4.563695128185841e-05,5e-05
-0.00015982620037633324,3.2e-05
5.7530598102770124e-05,0.0
-4.196330865039115e-05,0.0
7.520235168899388e-06,0.0
-2.5229115044100577e-05,-1.6e-05
6.206123164009278e-05,1.6e-05
0.0001514555313293595,0.0
3.820546303932482e-06,-1.6e-05
-0.00016377671134268915,-1.6e-05
-4.246939562969131e-05,-5e-05
-7.536219427020927e-05,-5e-05
1.9531950871536172e-05,-0.0001
-5.4744841400688045e-05,-0.0001
-8.812488590053824e-05,-0.000118
-8.803014282828928e-05,-0.000116
-0.00010871776158620168,-0.000134
-0.0001424693918276225,-0.00015
-0.00011344456022562408,-0.000166
-0.0001545468406524818,-0.000184
-0.0002252291173018421,-0.000166
-0.000190652363362188,-0.000184
-0.00034414996675997825,-0.000216
-0.0002648662775261812,-0.000216
-0.00027594852468632383,-0.00025
-0.00021708103557460738,-0.000268
-0.00025048864402646507,-0.00025
-0.0003048445798713943,-0.00025
-0.00022135533175466975,-0.000232
-0.00026268741368767353,-0.000268
-0.00025031982838050296,-0.000266
-0.00023378609225917842,-0.000234
-0.00042889400092236427,-0.000232
-0.00019245103203869475,-0.000234
-0.0002670575278848038,-0.000266
-0.000222118108653407,-0.00025
3.776194252066993e-05,-0.00025
-0.00020005189781995767,-0.000218
-0.00022145274739614738,-0.000216
-0.00014263039686535924,-0.0002
-0.0001837860892292733,-0.000216
-0.00019617945348833924,-0.0002
-0.00019617945348833924,-0.0002
-0.0002043330184203382,-0.000184
-0.00018785166860064647,-0.000184
-0.0001681734920608313,-0.0002
-0.00016678610318916174,-0.0002
-0.00010548781867615295,-0.000182
-0.0002087177873697701,-0.0002
-0.00019570012671790216,-0.000184
-0.0002170088466197971,-0.0002
-0.0002041794492394221,-0.0002
-0.00022135535147842792,-0.0002
-0.00020005189781995767,-0.0002
-0.00020871776764601197,-0.000216
-0.0002041794492394221,-0.0002
-0.0002041794492394221,-0.0002
-0.00020005189781995767,-0.0002
-0.0002840136877343174,-0.0002
-0.0002168028122422156,-0.0002
-0.00020436305770399286,-0.000168
-0.0001467959362430107,-0.000182
-0.00018768740914281584,-0.000184
-0.0001837860892292733,-0.000184
-0.000179673803998613,-0.000182
-0.00019617945348833924,-0.0002
-7.919425420702606e-05,-0.000168
-0.0005087982587586739,-0.000182
-0.00022135535147842792,-0.000184
-0.0001837860892292733,-0.000184
-0.00019220505705086987,-0.000182
-0.00018305751332715927,-0.000184
-0.00018783736887599144,-0.0002
-0.0001672250948741925,-0.000184
-0.00020005189781995767,-0.000216
-0.00028488036939096193,-0.0002
-0.00020005189781995767,-0.000184
-0.00024673823058648907,-0.000182
-0.00020028528905008614,-0.000184
-0.00010946196856664551,-0.00015
-0.00019211795693490204,-0.000134
-8.929680257635399e-05,-0.000116
-3.7938764557838414e-05,-0.0001
-5.443542494479011e-05,-8.4e-05
-5.0777165833806545e-05,-5e-05
-7.546874201170795e-05,-5e-05
-1.7598890448839e-05,-3.2e-05
8.131279661697785e-06,-1.8e-05
-2.5229115044100577e-05,-1.6e-05
-7.125009641525136e-05,-3.4e-05
-3.409876087742877e-05,-3.2e-05
1.2312585718516335e-05,-1.8e-05
1.6213905632058893e-05,-1.6e-05
3.820546303932482e-06,0.0
-3.803014472932367e-05,-1.6e-05
-8.469401360240283e-06,-1.8e-05
-2.179939018780229e-05,-3.2e-05
-3.1983295473542343e-07,-1.8e-05
-1.75089895592146e-05,-3.2e-05
0.0003651635553596772,-3.4e-05
3.3087223848261653e-05,-3.4e-05
-4.700104887310299e-06,-5e-05
-7.13008357830791e-05,-5e-05
-5.051915442257372e-05,-6.6e-05
7.147078923086482e-06,-5e-05
-5.417945987346483e-05,-5e-05
-0.00011353937233102658,-5e-05
-0.0001005983779270678,-5e-05
-5.0051893661181784e-05,-5e-05
-5.028528489131025e-05,-5e-05
-5.0051893661181784e-05,-5e-05
-1.6556159457932744e-05,-5e-05
-4.185512876790599e-05,-5e-05
-3.768741484591903e-05,-5e-05
-9.654684187149379e-05,-3.4e-05
-2.1355344289746897e-05,-1.6e-05
-0.00011368944054487196,-3.4e-05
-2.5229115044100577e-05,0.0
-5.354324686687855e-06,-1.6e-05
-0.00010005189176014738,-5e-05
-6.285165116400455e-05,-5e-05
-2.9541754209996632e-05,-1.6e-05
-1.3030143214371113e-05,-3.4e-05
-5.653760920964474e-06,-1.6e-05
-3.359889181288381e-05,-1.8e-05
-3.35561602908629e-05,-1.6e-05
0.0004992820732861614,-3.4e-05
-7.145272844455288e-05,-1.6e-05
-2.1194260356977592e-05,1.6e-05
-1.2949837933084204e-05,-3.2e-05
-1.6999081101773884e-05,-1.8e-05
-2.5206531341024685e-05,0.0
-5.0660874555784284e-05,0.0
-1.2687413330966464e-05,-1.6e-05
-4.171776265430591e-05,1.6e-05
4.299892798127695e-06,0.0
1.969916581125132e-05,-1.6e-05
-7.934122579084269e-05,-3.4e-05
8.282237910129453e-06,-5e-05
4.968016760969995e-05,-3.2e-05
3.2375931505589536e-05,-1.8e-05
0.00016923108512536527,3.4e-05
9.113127502669882e-05,0.0001
7.064465615710144e-05,6.6e-05
7.065877836793318e-05,6.6e-05
9.50447250515005e-05,8.4e-05
0.00011644382907509437,0.0001
6.214835147981876e-05,8.4e-05
8.319720100627571e-05,0.000116
5.7799058174880196e-05,0.000116
7.45418636670708e-05,0.000118
7.046739627718357e-05,0.000116
2.1775306468238053e-05,0.0001
5.783757127812786e-05,0.0001
7.479346978784605e-05,6.6e-05
9.50447250515005e-05,0.0001
9.971470940558655e-05,0.0001
8.344383673999846e-05,0.0001
9.113127502669882e-05,0.000118
0.00015828222974155647,0.000116
0.00014582054238427663,0.000134
-3.618263016577109e-05,0.000116
0.00012004472656645306,0.000134
0.00017932619763787256,0.000132
0.0001246377981256531,0.00015
0.00014529989434052603,0.00015
0.0001417949627944213,0.00015
6.142342693843132e-05,0.00015
0.00014128223383956585,0.000134
0.0005936053056192589,0.000134
0.0001417949627944213,0.000166
0.00016621390239442545,0.000166
0.00023253102537182892,0.000184
0.0001538205381353595,0.000166
0.00017880573696982434,0.000168
0.00037835965685148194,0.000282
0.0001706587794968039,0.000184
6.626805777448105e-05,0.0001
0.0001417949627944213,0.00015
0.0002761338444087792,0.000166
0.00013716262123275474,0.00015
0.00010283319335835851,0.000134
0.00013321390512839002,0.00015
0.00016619719637127672,0.000166
-2.8149598586870335e-06,0.000168
0.0002042998777975808,0.0002
0.00016175318711425665,0.0002
0.00029294795375213337,0.0002
0.00019482677372193068,0.0002
0.00019994810669552528,0.000182
0.0001952998875085521,0.000218
0.00019968015944112698,0.000216
0.0002708329660647917,0.000266
0.000219756499486613,0.000218
0.0002786446393731072,0.00025
0.0001655136399471284,0.000282
-0.00018267800849669348,0.000318
0.00026607776521364064,0.000332
0.0003956369589311106,0.0004
0.00039971472758501737,0.000434
0.00029470532087908473,0.0004
0.00037065875216890816,0.000366
0.0003786446651566756,0.000418
0.0006121626401549746,0.000582
0.0005677381490774663,0.0008
0.0005373042719173552,0.000968
0.000686813159429263,0.0008
0.0007841015826668303,0.000682
0.0008099731573304474,0.000818
0.0006898783497875274,0.000816
0.0006156215956208436,0.000566
-3.1016841308392726e-06,0.00035
0.0003369698632021462,0.000334
0.0007701038681965011,0.000366
0.00040366697424209,0.000384
0.00035803669093415223,0.000384
0.00035415543008264304,0.000382
0.00040813128910812026,0.0004
0.00041608722198350747,0.0004
0.00019922284438477958,0.000284
0.00034971472455511224,0.000384
0.00036579968600736613,0.000582
0.0004098343567288988,0.000634
0.0004674618131660461,0.000734
0.0006497147032870268,0.000616
0.0006400962153900907,0.000434
0.0006018162272399433,0.000432
0.00025755341335227596,0.000468
0.0004958205931792499,0.0005
0.0004578060868137325,0.000466
0.0004659012299741063,0.000484
0.0004581312921380254,0.000482
0.0004826969962223857,0.000568
0.0003940184667852574,0.000632
0.0005399437446798205,0.000634
0.0003720601251851025,0.000484
0.00026187512544691865,0.000366
0.0009528213711643426,0.0004
0.0003314891239076355,0.0004
0.00042045824347351237,0.000416
0.0003950447333690522,0.000418
0.0004823623234941832,0.00045
0.0004205472765177784,0.000482
0.00044082866475293866,0.000534
0.0005283899221861917,0.000566
0.000506884398625527,0.000618
0.0005487740712012869,0.000666
0.000594751255967477,0.00075
0.0006483203913762484,0.00085
-0.0003641364848108725,0.000934
0.0007974917264912645,0.001016
0.0008850514849188984,0.001116
0.0011592684486612665,0.001184
0.0013363018012168492,0.001184
0.0011232937339155772,0.00105
0.001132119642315219,0.001016
0.001106603647563438,0.00105
0.0010734012253675617,0.000884
0.0006118078886409806,0.000682
0.0007367532022344076,0.0006
0.0007996442985601649,0.000568
0.0005247934526785365,0.000566
0.0004266137917054342,0.000566
0.0005746377958091622,0.000618
0.0007940949797585844,0.000632
0.0005947565024871435,0.0007
0.000727172347268012,0.000618
0.000390884401063551,0.000482
0.00040026663778542764,0.00045
0.00030786534761724244,0.00035
0.00016392590700210215,0.000184
0.00020306221197398906,0.000166
0.00020828222290958254,0.0002
0.00022318511981245516,0.000168
-0.00014356697952086926,6.6e-05
-0.00020191782451173853,3.4e-05
0.0002590955942778666,1.6e-05
6.155544544810435e-05,3.4e-05
0.00012045823515596064,5e-05
3.3197200133656616e-05,6.6e-05
1.9931953617654036e-05,6.6e-05
5.404472710344265e-05,5e-05
-0.00011797412128359762,3.4e-05
5.7520235733334754e-05,3.4e-05
4.5666981936368885e-05,5e-05
9.92820490469203e-05,6.6e-05
0.0002243613658531837,0.0001
0.0002036669818462276,0.000166
9.439468422337988e-05,0.000284
0.0004985876786569124,0.0003
0.0003740678065266706,0.000316
0.0002650332541535618,0.000318
0.00027080572755479364,0.000282
0.00023731257716386154,0.000318
0.0007418040622201506,0.000382
0.0004778094884015987,0.000384
0.00034042227038031113,0.000384
0.0005402125795033353,0.0004
0.00038731258625357694,0.00035
0.00019582055527606084,0.0002
2.8458242413705324e-05,0.0001
-2.6579408457639152e-05,0.0001
0.00018496246862723483,3.2e-05
-2.119425542603806e-05,0.0
0.00013151362841938902,-3.2e-05
-0.0002523376871812739,-6.8e-05
-6.268741142993207e-05,-8.2e-05
-5.0777165833806545e-05,-3.4e-05
2.0169995956500038e-05,0.0
-3.768741484591903e-05,-1.6e-05
-0.00013102374428553936,0.0
-7.575182725048246e-05,-5e-05
-5.8630402031472836e-05,-3.4e-05
-4.633301357953991e-05,-3.4e-05
-4.667435786893488e-05,-5e-05
-9.196330674935676e-05,-0.0001
-4.220503809927537e-05,-0.0001
-7.173446260589446e-05,-8.2e-05
-8.350899395316454e-05,-6.8e-05
-0.00012520653740083498,-8.2e-05
-1.6802800122595034e-05,-1.8e-05
-7.536219427020927e-05,0.0
5.404472710344265e-05,5e-05
-8.450388003775084e-05,8.4e-05
9.521027641548961e-05,6.6e-05
6.205016168083397e-05,5e-05
-1.0421145125314537e-06,5e-05
0.00015396524148698947,0.0001
0.00018658654259664305,0.000118
6.640974685497959e-06,0.000116
7.019447617026298e-05,0.0001
0.00035239384207144865,0.000166
0.00037065875216890816,0.000384
0.00039305251545386965,0.00065
0.00031966707802699436,0.000816
0.0007439429854484148,0.00065
0.0006211620781787752,0.000418
0.00021669693039941983,0.0002
0.00013689206058040224,0.000132
0.0003892238184178166,0.000168
0.00017864465303705503,0.000166
0.0002775319432811215,0.000166
0.00018273610011723524,0.00015
0.00010429989146152867,0.0001
5.765252544468229e-05,3.4e-05
0.00011122329545991004,3.4e-05
-0.00010894299704233722,0.0
4.109968686359442e-05,-6.8e-05
-0.000171970966387741,-0.0001
7.992451524525221e-06,-0.000132
-9.570011079621282e-05,-0.000118
-2.177992776945283e-05,-0.000116
-0.00017945275984108326,-0.00015
-0.0003037676232291671,-0.000134
-0.000150285286020181,-0.000116
-0.00012522911124203178,-8.4e-05
-8.400884329395137e-05,-6.6e-05
-0.00019767410015680072,0.0
1.577491394702812e-05,5e-05
-2.6325425624007426e-05,0.0001
0.00017423439113022085,0.000134
-7.672027363727554e-05,0.000166
0.00015366697881632248,0.000184
0.0002745418807176309,0.0002
0.00014553058341578866,0.000182
0.00019128224673135006,0.0002
0.0002487158087640541,0.000184
0.000179155409616096,0.000166
0.00020363694256257295,0.000168
0.00014582054238427663,0.000166
-0.0002100844860191457,0.000166
0.00021621389556245152,0.0002
0.00018257529231707997,0.0002
0.00021969916252168582,0.0002
0.00014489612928754203,0.000168
0.0001952998875085521,0.0002
0.00019179496582432643,0.000182
0.00019968015944112698,0.0002
0.0001997147154653968,0.0002
0.00021196985562738337,0.000184
0.0002286446560669602,0.000184
0.0001708057313568624,0.000166
0.00013593156286814155,0.00015
0.00020803668184443683,0.000166
0.00019951134379516487,0.00015
0.00018321390815829514,0.000184
0.0002330872156277566,0.0002
0.00018716263412453895,0.0002
0.00018714834426176297,0.000184
0.00022477087051978788,0.000232
0.0002321214615339503,0.000284
0.00031641881174562905,0.000266
0.00037854726923895613,0.000284
0.0002871626401843492,0.000266
0.00027032620354677507,0.000284
0.0003112461575533414,0.000284
0.0002792998823424385,0.0003
0.0002831971983330776,0.000282
0.00026621391831611484,0.000284
0.0002873125999175248,0.000284
0.00029823230358679546,0.000316
0.0003373125832236718,0.000334
0.00022327971495651806,0.00035
0.00032038993403924636,0.000332
0.0003080366879042471,0.000334
0.0005569027841980232,0.000384
0.00032785634296123554,0.000366
0.00035345314595013614,0.00035
0.00036180787349145485,0.00035
1.4586370143096241e-05,0.000334
0.0002745418609938727,0.0003
0.00024566696940129173,0.000232
0.00020828222290958254,0.0002
0.00020828222290958254,0.000234
0.0002582822259394877,0.000266
0.0003169424775243758,0.0003
0.0002490780947536594,0.000334
0.00029928206116654085,0.00035
0.00036231260446238254,0.000366
0.0002786587813076971,0.000368
0.00031169611564790074,0.000366
0.00035415543008264304,0.000366
0.00037854726923895613,0.00035
0.0003623125650148662,0.000368
0.00036231260446238254,0.000382
0.00036621388492840876,0.000418
0.00037887906229846943,0.00045
0.0009524579806442813,0.000482
0.0004871483328555566,0.000518
0.00046607775760950304,0.000566
0.0005029293511947978,0.000566
0.0005321214994371393,0.000618
0.00031077584454037655,0.00065
0.0005991100092799157,0.000632
0.0006157225418150291,0.000618
0.000629169963433116,0.00055
0.0006115606710563926,0.0005
0.0005736782744229297,0.00045
0.0004742622099467569,0.000416
0.0004777411653033848,0.000334
0.0004235004359297799,0.0003
0.00012454383414185088,0.00025
0.00032350044959372776,0.000182
0.0001701554193270673,0.000168
0.00022367829266110994,0.0002
0.00019922919543490224,0.000332
0.0002873125801937667,0.00025
0.00022479347394662193,0.0002
0.00024416123798075284,0.000168
0.00023596445829465843,0.000216
0.0002231130294764356,0.000216
0.00019087314640178787,0.000184
9.948083494338355e-05,0.000134
0.0001866668084304137,0.000132
0.00016562155848981819,0.000118
0.0001413774502820103,1.6e-05
3.9827609245714286e-05,-1.6e-05
-4.33301862806648e-06,-3.4e-05
-0.0001293553411697005,-8.4e-05
-7.11942584559432e-05,-6.6e-05
-5.066086962484474e-05,-8.4e-05
-2.5468743912742358e-05,-6.6e-05
-0.00022857533176615487,-8.4e-05
-7.522910821212664e-05,-8.2e-05
-0.00020005189781995767,-0.000168
-0.0001714527246424841,-0.000182
-0.00022546876096330245,-0.0002
-0.00017919426026683635,-0.000184
-0.00020028528905008614,-0.00025
-3.268840368939949e-05,-0.000284
-0.0004931156225250594,-0.000332
-0.0002638369340361158,-0.0004
-0.0003178976446691323,-0.000518
-0.0003856804696999196,-0.000582
-0.0004604241640076845,-0.000634
-0.0005356663171312869,-0.000734
-0.0006189611284402192,-0.000882
-0.0007108358928847265,-0.001
-0.00119253038214454,-0.0009
-0.0008813566971859649,-0.00065
-0.000346435437511259,-0.00035
-0.000297598958698079,-0.0004
-0.0005804397214903782,-0.000418
-0.00045736658702006397,-0.00045
-0.0004053992180102388,-0.000482
-0.0004382782100200554,-0.000484
-0.0002658411637200086,-0.000516
-0.0005543630197420543,-0.0005
-0.0003261247003239791,-0.000484
-0.0004963330408486861,-0.000484
-0.0004963330408486861,-0.000516
-0.0004963330408486861,-0.000516
-0.0005263870778744429,-0.0005
-0.0008142062947363352,-0.000534
-0.0005004254445311364,-0.000584
-0.0005342837605803629,-0.000616
-0.0005596086321157199,-0.000634
-0.0010481926300955427,-0.000632
-0.0006169991273225145,-0.000618
-0.000625206538114249,-0.000616
-0.000625206538114249,-0.000634
-0.0006967448455908556,-0.000666
-0.0006339990739151098,-0.000684
5.518186339723965e-05,-0.000716
-0.001044907283148865,-0.000684
-0.0009617041873153066,-0.0007
-0.0006963330135207903,-0.000582
-0.0006717987096593967,-0.000418
-0.0003541794188816212,-0.00025
-0.0001713412065139329,-0.00015
-0.000162837387084797,-0.00015
-0.00011268742432171627,-0.000116
-0.00013416862848858826,-6.6e-05
-0.00012135432964507316,-1.8e-05
3.702749695140548e-05,1.8e-05
-0.00012228588274225624,1.6e-05
-1.3345644449656744e-05,6.6e-05
3.666982053955919e-06,6.8e-05
4.137744915313957e-05,8.2e-05
5.737745051718438e-05,8.4e-05
6.600091919416668e-05,0.0001
7.854726585234393e-05,0.0001
9.128223080966073e-05,8.4e-05
9.179495976451616e-05,0.0001
0.0001280290517916898,0.000116
0.00020764711789731714,0.000116
0.00013213343765721306,0.000118
0.0001166969440633677,0.000132
0.0001247934580249326,0.000134
0.00010412630759703504,0.000116
0.00011202749225075156,8.4e-05
0.00011600091236219275,0.0001
0.00018308722245973053,0.00015
0.0001997147154653968,0.000184
0.00012851217538556976,0.00015
9.15305973031607e-05,0.000132
0.0002365554412599537,0.000168
-1.4773516334918695e-05,0.000166
0.00012011936126727332,0.0002
0.0001659012315184336,0.000184
0.0007807548553848058,0.000232
0.0001948961224555681,0.000234
0.0001830009112940885,0.0002
0.00021196985562738337,0.000216
0.00017463780115555826,0.0002
0.0002399919313652957,0.000218
0.00020828222290958254,0.000216
0.00021231257564890895,0.000216
0.00021231257564890895,0.000218
0.00022045825107764997,0.000216
0.0003571560645804993,0.00025
0.0005726995815437803,0.000216
0.00022463777459982617,0.000218
0.0002246377943235843,0.000232
0.0001367217557907002,0.000218
0.0004354955183406261,0.0002
0.00022083294331112842,0.0002
0.00021216263563949151,0.000316
0.00024128223989937613,0.000334
0.00023672173226487326,0.00035
0.0002985367792412781,0.00035
0.00033714834348959934,0.000332
0.0003664438245008619,0.000334
0.0005192722205085543,0.000366
0.0003577949565543285,0.000368
0.0003412822262354283,0.000366
0.0003458205446420181,0.000366
0.00017826553281987306,0.000334
0.00028269694465524886,0.000334
0.0003495998731114345,0.0003
0.00033291895830683284,0.000316
0.0007115963376709288,0.000316
0.0003161971955991131,0.000284
0.0003036669879060379,0.00025
0.0002908213578727097,0.000216
0.00022865877827779192,0.000218
0.00024130999122708597,0.000232
0.00023884221377927202,0.000234
0.00022479345422286376,0.0002
0.00022065878252670905,0.0002
0.0001747708872136409,0.000184
0.0001908843790820514,0.000132
-0.00033518259956692123,0.0001
9.907809059488354e-05,0.0001
4.515541421777423e-05,3.4e-05
-0.00011310794470724437,-6.6e-05
-0.00043711068188042685,-5e-05
-0.0002986154817453502,-1.8e-05
-0.0007730824956893415,-1.6e-05
-3.803014472932367e-05,0.0
-0.00015925498061669915,0.0
1.9037958254183496e-05,1.6e-05
-0.00025004466223062363,0.0
3.820546303932482e-06,1.8e-05
8.282237910129453e-06,-1.8e-05
3.6369501667105606e-06,0.0
-3.1983295473542343e-07,-3.2e-05
-8.469401360240283e-06,-6.8e-05
-3.0120942367921273e-05,-5e-05
0.0004531680450859621,-8.2e-05
-5.8469396993736115e-05,-8.4e-05
-4.661459488175587e-05,-6.6e-05
-7.084458580967154e-05,-1.8e-05
-9.358632203383947e-06,-3.2e-05
-9.570011079621282e-05,-8.4e-05
-0.0001468948311663492,-0.0001
-0.00020107120191712735,-0.000134
-8.841344448219796e-05,-0.000166
-0.00014675875695890762,-0.0002
-0.00020051915365041007,-0.00015
-0.00016310793787527043,-0.000166
-0.00020454684368238692,-0.000168
-0.00015885514059158596,-0.000182
-0.0002041794492394221,-0.0002
-0.00014219387065009657,-0.000184
-0.0001964354284215436,-0.000166
-0.00018330305439230498,-0.00015
-0.0005250345014358991,-0.000184
-0.00021268743038152656,-0.0002
-0.00017546875793339733,-0.000166
-0.00010040010484831632,-0.000134
7.308168426596751e-05,-0.000116
-2.5697534576283527e-05,-0.0001
0.00030442694430736044,-0.0001
-7.945273405751482e-05,-6.8e-05
-9.64354223617333e-05,-3.2e-05
-8.454703562057186e-05,0.0
5.745472080518675e-05,0.0
-4.654684377252818e-05,1.6e-05
5.363695073114593e-05,3.4e-05
1.214834844991362e-05,8.2e-05
7.845824266995698e-05,0.0001
0.00016694248815841856,0.00015
0.00021231257564890895,0.000184
0.00020828222290958254,0.0002
0.00045857061912694464,0.000216
0.00018689206361030737,0.000168
0.00019179496582432643,0.000232
0.00012780944746850463,0.00025
0.00022080572452488846,0.00025
0.00033703802851029494,0.000284
0.0002159911551617213,0.000284
0.00019469773103426773,0.000266
0.00026600092145190817,0.00025
0.00027064466334578244,0.00025
0.00020356457609393936,0.000234
0.00024971471849530194,0.0002
0.00014957455541011411,0.000166
9.113127995763836e-05,0.000134
0.00018257251126718154,0.000116
3.687510873050831e-05,6.6e-05
7.3913527367713825e-06,5e-05
9.064137139095656e-05,5e-05
0.00010690270268854207,6.8e-05
-1.2851648134099416e-05,6.6e-05
5.8282238474564825e-05,0.0001
7.038991888972068e-05,0.0001
2.865877598152748e-05,8.4e-05
6.608722542886918e-05,6.6e-05
2.0165240681684795e-05,5e-05
6.669694842987187e-05,6.6e-05
3.234708181109798e-05,6.8e-05
-2.831346210246327e-05,3.2e-05
-2.177992776945283e-05,3.4e-05
4.957457153953175e-05,6.6e-05
4.957457153953175e-05,1.8e-05
-4.744848232661977e-06,5e-05
0.00023049586883516494,0.0
6.61972026388153e-05,5e-05
2.8965238342367633e-05,3.2e-05
5.7520235733334754e-05,3.4e-05
-0.0002172774644819723,1.6e-05
4.948084300809236e-05,1.8e-05
-3.38028009555252e-05,1.6e-05
3.731258415163169e-05,5e-05
2.4637798845884714e-05,8.4e-05
4.130999883122359e-05,6.6e-05
9.971470447464702e-05,8.4e-05
0.0007366406190229166,8.2e-05
7.880574077189314e-05,6.8e-05
7.479346978784605e-05,3.2e-05
6.59803990892867e-05,6.8e-05
9.089004360270777e-05,6.6e-05
0.0002362693875955784,0.000134
9.496523830617659e-05,0.0001
9.130999693018919e-05,6.6e-05
-0.0001890198673480519,3.4e-05
5.8282238474564825e-05,3.2e-05
5.730999772979863e-05,1.8e-05
9.95113377353546e-05,3.2e-05
9.128223080966073e-05,8.4e-05
4.087314347574688e-05,8.4e-05
5.3756493963792326e-05,0.000132
8.212145737517445e-05,0.00015
6.61972026388153e-05,0.00015
0.00017606727066522994,0.000168
0.0001496801662731009,0.000166
0.00015828223960343555,0.000116
0.00014948083797328867,8.4e-05
0.00013262155136190367,6.6e-05
-0.0005694702350555499,3.4e-05
7.426219556939488e-05,-1.6e-05
4.10569947890898e-05,-8.4e-05
-1.4049182507880615e-06,-0.000116
-4.694903092486059e-05,-0.0002
-0.00010564107227693875,-0.000284
-0.00017292948186230814,-0.000334
-0.0002355595342490179,-0.0003
-0.00028072408045588045,-0.0003
-0.0003049552301545871,-0.000266
-0.0003005983703229302,-0.000234
-0.00027568237229391674,-0.000166
-0.00021445351540957797,-0.000116
-1.776399802826986e-05,-5e-05
-2.135534922068643e-05,-5e-05
6.618010214050369e-05,-5e-05
-5.028528489131025e-05,-3.4e-05
-8.855131501870549e-06,-1.6e-05
-3.7851649649051975e-05,-3.4e-05
0.0002713002810665185,-1.6e-05
-4.1717767585245453e-05,-3.4e-05
-2.6964416216627364e-05,-6.6e-05
0.0003062107609939841,-6.8e-05
-0.00020987050296703181,-0.0001
-0.00020145983884761422,-0.000116
-7.546874201170795e-05,-0.000116
-0.00013355615648879412,-0.00015
-0.00011283737419301279,-0.00015
-0.00014186870477331996,-0.00015
-0.00014570012368799704,-0.00015
-0.0002592010619217413,-0.000184
-0.0001588687302609478,-0.000184
-0.00016285164736193578,-0.00015
-9.220504112918051e-05,-0.000132
-0.00010031982915266662,-0.000134
-0.00013783736584608628,-0.000116
-0.00018004064617634978,-8.4e-05
-0.00011699907729970507,-3.4e-05
-3.40088353331067e-05,-5e-05
3.062224509066203e-06,0.0
3.1948195922785075e-05,0.0
-4.700104887310299e-06,1.8e-05
5.415541436868199e-05,3.2e-05
2.4793466757940917e-05,5e-05
4.52998932116553e-05,3.4e-05
3.820546303932482e-06,3.4e-05
6.231258628295171e-05,3.2e-05
3.731258415163169e-05,3.4e-05
0.00010311067704981986,3.4e-05
3.344383864103286e-05,1.6e-05
3.2531027736843256e-05,0.0
-4.171776265430591e-05,-3.4e-05
-9.220503126730144e-05,-5e-05
-2.5468743912742358e-05,-5e-05
-0.00013408103527866682,-8.2e-05
-0.00012546874504161312,-8.4e-05
-2.974855288320625e-05,-3.4e-05
-6.303014131333671e-05,-3.2e-05
-5.443542494479011e-05,1.6e-05
-5.189309674642558e-08,0.0
-3.3912775700001556e-05,-3.4e-05
5.4126311963539206e-05,0.0
-2.119425542603806e-05,-1.6e-05
-2.1194260356977592e-05,-1.6e-05
-1.6802800122595034e-05,-1.8e-05
-1.8200312213132462e-05,-1.6e-05
-5.0051893661181784e-05,-5e-05
-4.785200922743124e-05,-5e-05
-1.714522428774843e-05,-3.4e-05
-8.030083593398685e-05,-3.2e-05
-0.00012174855826099411,-3.4e-05
-2.5458132530860414e-05,-3.4e-05
3.7148348732131304e-05,-1.6e-05
-4.614599930282444e-06,1.6e-05
3.269694645582782e-05,6.8e-05
7.91554134181648e-05,8.2e-05
3.65196730486537e-05,0.000134
0.00014128224370144494,0.00015
0.0001747708872136409,0.0002
0.00017915541947797505,0.000166
0.00027639881337569765,0.000184
0.0001997147154653968,0.000184
0.00018319720213514644,0.000182
0.00017029988599359954,0.000168
0.00012064465425606704,0.000132
7.453125721612838e-05,8.4e-05
6.214835147981876e-05,8.4e-05
-6.478697589881818e-05,8.2e-05
8.344383673999846e-05,8.4e-05
2.4385901491493093e-05,8.4e-05
7.438589804954009e-05,0.0001
0.00012477088418373576,0.000116
0.00010382054496733346,0.000134
0.00019165253070488312,0.0002
0.0001365554450620225,0.000216
0.00020779494746461308,0.000234
0.0002582822259394877,0.000266
0.00030642793929491747,0.000266
0.0004825753006346317,0.000318
0.0004267132388940007,0.0003
0.0002869416157505776,0.0003
0.00029553060236738314,0.0003
0.0003082822289693928,0.000316
0.0002781944643172082,0.000284
0.0002566327280458307,0.000216
0.0003114331979518294,0.000234
0.0002615146540430627,0.00025
2.237532268042378e-06,0.000266
0.00022932619080589863,0.00025
0.0002161971895393028,0.000234
0.00024971471849530194,0.00025
0.00024971471849530194,0.000232
0.00024128223989937613,0.000268
0.00028273609631516647,0.00025
0.00032353027191604284,0.000232
0.00018731258399583547,0.000218
0.0002042998777975808,0.000216
0.0003022081793061257,0.000216
0.00020593578602187595,0.000234
0.00022463777459982617,0.000234
0.00019520406949148422,0.000232
0.00024128222017561797,0.000234
0.00020828222290958254,0.000216
0.0002499481097254304,0.000268
0.000315831398780558,0.0003
0.00042453127842546434,0.00035
-5.6358806944047e-05,0.00035
0.00029179496202225765,0.000282
0.00024582053858220786,0.000234
0.0002651023662021015,0.0002
0.00019582055527606084,0.0002
0.00022816523067773238,0.000234
0.00023714833742978904,0.000266
0.0001846720954598258,0.000334
0.00025727290206393935,0.000366
0.00029869727146130304,0.000466
0.00035621259833339673,0.000584
0.00043507954428135046,0.000666
0.00033468845554504334,0.000518
0.00027463779735348943,0.000316
0.00038985631989400685,0.000166
0.00041177221596663404,0.000118
0.00032972008031586234,0.000132
0.00014455408973567245,0.000184
0.0002201553927713352,0.000234
5.3213225234919305e-05,0.000366
0.0002268438769483319,0.000584
0.0003381629533323305,0.000766
0.0006765163320422079,0.00065
0.0005878897549840333,0.000434
0.0002831971983330776,0.0003
0.000245820558305966,0.000266
0.00024922284741468476,0.000266
0.00024971471849530194,0.000268
0.00024086533882346762,0.000316
0.0002784674016824172,0.000484
0.00033128843466851126,0.000682
0.00043347403036835653,0.000884
0.0005862223084704644,0.001116
0.0007856793255283562,0.0013
0.0011678706896435453,0.001484
0.0011904899743791354,0.00135
0.001309229128577241,0.001034
0.001287946956853809,0.00075
0.0005348524509898805,0.000516
0.00038731258625357694,0.000416
0.0005681947935260368,0.000534
0.00040366697424209,0.000416
5.0771017174070426e-05,0.00025
0.00017029988599359954,0.000168
0.0003384694210863858,0.000182
0.00021231257564890895,0.0002
0.00013867536444931415,0.000184
0.00019994810669552528,0.0002
0.00014537744815755173,0.0002
0.00020709968499000577,0.0002
-8.025485985375112e-05,0.000234
0.000847027708387053,0.000266
0.00026619719256920795,0.000284
0.0002039745146832227,0.00025
0.00024529989053845725,0.00025
0.0002789652293379942,0.000282
0.0003407450102348359,0.000284
0.0003167136424823788,0.000316
0.0001437353072256828,0.000334
0.00042064463298798155,0.0004
0.00047080573967441414,0.000466
0.0003775319690646899,0.000468
0.00041175316281626606,0.000466
0.0004873125528658709,0.000466
0.0006351809759653521,0.000484
0.00048714841175058916,0.000466
0.0004623126105221928,0.00045
0.0004661972046888285,0.000484
0.0006868921333568751,0.000634
0.0005066780486678152,0.000732
0.0005721714187481765,0.00085
0.0006716720981467908,0.001018
0.0008049513307166937,0.001166
0.0009374156959425987,0.00125
0.0010672246910569737,0.0014
0.0012050708020352602,0.001466
0.0013175571304262733,0.00125
0.0013391581169763592,0.000918
0.0012532531029620488,0.000732
0.001084435090148975,0.000584
0.0004620274838744503,0.000434
0.00036196069316956145,0.00035
0.00035828223199929794,0.00035
0.0002903913207738767,0.0003
0.00018321390815829514,0.000166
8.731258286696473e-05,8.4e-05
8.282237910129453e-06,1.6e-05
-2.9541754209996632e-05,-5e-05
-0.00017119424479199532,-0.000116
-1.8347081628428113e-05,-0.000168
-0.00019237633816660007,-0.000216
-0.0001390299431585588,-0.000184
-0.00017116704572951353,-0.000166
-0.00011285165419390969,-0.00015
-0.00017961005681228873,-0.00015
-0.00019584460324631347,-0.000184
-0.00016285164736193578,-0.000216
-0.0001756823859578646,-0.000216
-0.00023783737190589656,-0.00025
-0.00024584458655246046,-0.000268
-0.0006702926034874531,-0.000282
-8.6126583205968e-05,-0.000284
-0.00032622911789959816,-0.00025
-0.0003724410153877124,-0.000266
-0.00015277270833110728,-0.000368
-0.0003804332005305699,-0.0005
-0.00034847440073324497,-0.000566
-0.00042788236936711294,-0.000566
-0.0005020050019784116,-0.000584
-0.0007870741352421621,-0.000566
-0.0005707001297184326,-0.0006
-0.0005793553487150885,-0.000768
-0.0015017851032256824,-0.000916
-0.001091952548866117,-0.00115
-0.0008635101674462747,-0.001366
-0.00105564544934817,-0.00155
-0.0012513800804264097,-0.001634
-0.0014296127163722341,-0.00155
-0.0015274304069358613,-0.001434
-0.0021049677651988033,-0.001232
-0.001466240524197617,-0.00105
-0.0013212454976321995,-0.000818
-0.0011391343029897316,-0.0006
-0.0009309064068174222,-0.000432
-0.00032953265015128546,-0.000334
-0.0002007771404069452,-0.000216
-0.00039898844434792214,-0.0002
-0.00015820504552313045,-0.00015
-8.783737267806021e-05,-8.4e-05
-2.119425542603806e-05,-1.6e-05
8.731258779790427e-05,6.6e-05
0.00017479345119295864,0.000166
0.0002745418807176309,0.000234
0.00023714833742978904,0.000234
0.00017102780114981568,0.000216
0.0002323470816033697,0.000184
0.00010754895655509885,0.00015
0.00019179496582432643,0.000182
0.0001824188138818375,0.000268
0.0005359512615561322,0.000316
0.00034152025254872076,0.000366
-0.00020599407443626808,0.0004
0.00040404472365808094,0.00045
0.00038178697540928655,0.00055
0.0005448961042173878,0.000634
0.0005274004995826115,0.0007
0.0008397722845059397,0.0007
0.0006288790380004789,0.0007
0.0004985401443997833,0.000734
0.0007912822929520908,0.0008
0.0007324864010824403,0.000766
0.0007490781053289527,0.000716
0.0007532040788477655,0.0007
0.0007445122131084763,0.000684
0.000715736117820443,0.000634
0.0006827361402781658,0.000632
0.0006658313410948614,0.000634
0.0007040446629424793,0.00065
0.000645453148654726,0.00065
0.0006412822444148591,0.000666
0.0006497147032870268,0.0007
0.0006659911824308676,0.000734
0.0006866961580959475,0.0007
0.0006994016902751726,0.000684
0.000640828637425043,0.00065
0.0006912485987133691,0.000632
0.0006617531779657918,0.000634
0.0005904969596781734,0.000616
0.0006326969658645849,0.000618
0.0005412485501761374,0.0006
0.0006166969743624191,0.000616
0.000612312580164392,0.000616
0.000612312580164392,0.000634
0.0006161971743310277,0.000666
0.0006324910103820359,0.000684
0.0005318144399703397,0.000666
0.0006620501783159375,0.000518
0.0006318357082414302,0.000382
0.0005594618629222899,0.0003
0.0003734205911269043,0.000218
0.00019044234007638722,0.000182
0.00023706121759006307,0.000218
0.00027004474551804757,0.00025
0.0002665752772890873,0.000266
1.394989556237466e-05,0.000234
0.00036141884208580507,0.000266
0.00025404473429212367,0.000266
0.0002243175988338602,0.000284
0.0003580366712103941,0.0003
0.0002786446590968653,0.0003
0.00028714834045969416,0.000316
0.0003573695742624177,0.000318
0.0004497147306149225,0.000416
0.00041610414496799576,0.000466
0.0003438806933047102,0.000568
0.0005743779550193614,0.00055
0.0004984638134557626,0.000582
0.0008611914969009622,0.00065
0.0005651023843815324,0.000618
0.0005053784107961323,0.000582
0.0005484427120644528,0.000618
0.0009375405867791721,0.000616
0.0006081165873041647,0.000516
0.0005819760200269678,0.000434
9.593577541133302e-05,0.00045
0.0003706446299580764,0.000366
0.000274770873549693,0.000284
0.0002581448696877667,0.00025
0.00026231257867881413,0.000266
0.0003456369361774473,0.0003
0.00030415540732897975,0.00025
0.00026231259840257224,0.000268
0.0002745418609938727,0.0003
0.0002662360089252371,0.000282
0.00024968016247103213,0.00025
0.0002161971895393028,0.000234
0.00026585476840405457,0.000216
0.0002448961057617151,0.000184
7.83256398439489e-05,0.00015
0.00019520404976772608,0.0001
0.0001614331790002349,6.6e-05
0.00012387530722140897,5e-05
9.054896065310822e-05,6.8e-05
7.054726517032152e-05,0.0
4.531716382738092e-05,-8.4e-05
-0.00023861693372281514,-0.000134
-3.9421793932752536e-05,-0.000182
-0.00010167041349163783,-0.000234
-0.0005849099534838519,-0.000284
-0.00020989277108997737,-0.000382
-0.00033454706063197663,-0.0005
-0.0003525211636393479,-0.000584
-0.0004403279029664721,-0.000666
-0.000535606435801559,-0.00075
-0.0006273070789091634,-0.000868
-0.000719606338076465,-0.000982
-0.0005087216122345228,-0.00095
-0.000889722647545668,-0.00095
-0.0009385477063028821,-0.001034
-0.000979852963924809,-0.001116
-0.0010142091470771288,-0.00125
-0.0010902445503058022,-0.00135
-0.0011905114582608292,-0.001484
-0.0013033434257895733,-0.001434
-0.0013817021299376495,-0.001266
-0.001385559465870529,-0.001134
-0.0013329415284220529,-0.001182
-0.0012568311749124286,-0.0013
-0.0012221340863243326,-0.0014
-0.0012565717680453072,-0.001568
-0.0013660097501675115,-0.0017
-0.0014958088045077815,-0.001816
-0.001624839894600922,-0.001684
-0.0016941791608344387,-0.00145
-0.0007190347435654262,-0.001232
-0.0009707385363910235,-0.001
-0.0013477938338852839,-0.000818
-0.0011309064189370427,-0.0007
-0.0006313781020377845,-0.000616
-0.0005547959562333347,-0.000566
-0.0008738229316299108,-0.000534
-0.0006055544561064596,-0.000516
-0.0004959552519851789,-0.000484
-0.0005853256514105136,-0.000466
-0.0005006608673083537,-0.000518
-0.0003966146111601523,-0.000516
-0.0004136982259347982,-0.000516
-0.0005448188904133244,-0.00055
-0.0007093293133425874,-0.00065
-0.0005593622429289739,-0.00065
-0.0005929817437145821,-0.000668
-0.0005014526973028384,-0.000682
-0.0006628373384888157,-0.0006
-0.0006507708166259687,-0.00055
-0.0006263217588472773,-0.000534
-0.000373053004155432,-0.000534
-0.00055517323227913,-0.000566
-0.0005463330438785913,-0.000534
-0.0005423474640702537,-0.00055
-0.000546333004431075,-0.000516
-0.0005419633241566239,-0.000484
-0.0005216101019942999,-0.000482
-0.0011699884145408778,-0.000518
-0.0005004254445311364,-0.000516
-0.0005004254445311364,-0.00055
-0.0005170987656888523,-0.000566
-0.0005380301700974355,-0.00055
-0.0005459552944626003,-0.00055
-0.000554179470448758,-0.000618
-0.0005716940098913534,-0.000616
-0.0005843324418453696,-0.000634
-0.0005934497490478441,-0.000616
-0.0008767203517013949,-0.000616
-0.0006207000933008214,-0.000634
-0.0006252291020935668,-0.000634
-0.0006252291020935668,-0.000616
-0.0006252291020935668,-0.000566
-0.0006131921264204208,-0.0006
-0.00029196330900709824,-0.00065
-0.0006087514406166482,-0.0007
-0.0006082050530685186,-0.000668
-0.0006553991148172156,-0.000632
-0.0006631249108825682,-0.000634
-0.0006591938869892595,-0.0006
-0.0006340987183412578,-0.0006
-0.0007136765085327533,-0.000616
-0.0006803817791487588,-0.0006
-0.0006041794734786631,-0.0006
-0.0006041794734786631,-0.000568
-0.0005964354132132684,-0.000532
-0.0005086900147739747,-0.000518
-0.00055529465173427,-0.00045
-0.0004949101294885976,-0.000366
-0.0004681321692431905,-0.000234
-0.00013380280208439595,-0.0001
-0.00029079428186185073,-6.6e-05
3.675319371594499e-05,0.0
-5.524875383565271e-05,6.6e-05
0.00019447424113072802,0.0001
2.3420585326754357e-05,0.000118
0.00011619719334137161,0.000116
8.702750059767806e-05,0.000116
0.00011231257945097776,6.8e-05
0.00010397451355435199,1.6e-05
-2.5229115044100577e-05,-1.6e-05
-3.7837374579094613e-05,-5e-05
-6.700884739196074e-05,-5e-05
1.9354244741590266e-05,-8.4e-05
-5.059837489716266e-05,-0.000134
-8.03543267660758e-05,-0.000166
-0.00019186872752698325,-0.000184
-0.00023810794242012814,-0.000216
-0.00017573780971825173,-0.000266
-0.0002089430129640266,-0.000284
-0.0005922584735034091,-0.00035
-0.00046515912828297884,-0.000434
-0.00047563867656548817,-0.0005
-0.0003940323767438236,-0.000566
-0.0008975511649434392,-0.000584
-0.0005224680065785699,-0.000616
-0.0005675517445483129,-0.000684
-0.0006136169367233455,-0.000682
-0.0006425680211936401,-0.00065
-0.0006586899844161739,-0.0006
-0.0007020006748712402,-0.0006
-0.0005882259511506868,-0.0006
0.00021358542865703117,-0.0006
-0.0006000519220591987,-0.000584
-0.0004487477386334271,-0.00065
-0.000609118026385529,-0.000716
-0.0006387767204030297,-0.00075
-0.0006765794330535873,-0.000734
-0.0007022154271499217,-0.000534
-0.000685661513624015,-0.0004
-0.00022612469426416885,-0.000332
-0.0005038042426439045,-0.000318
-0.0003981206384370634,-0.000266
-0.0004668028273917413,-0.0003
-0.0003046146008514249,-0.0003
-0.0003841452118134378,-0.000334
-0.00030059839004668837,-0.00035
-0.0003215417667764655,-0.0004
-0.00034689484328596974,-0.000382
-0.00036714518632580996,-0.000418
-0.0003881248744943319,-0.000482
-0.000575229138511178,-0.00055
-0.0005628373718765217,-0.000568
-0.0005059725937193209,-0.00055
-0.000538316795750797,-0.000582
-0.0005819094964998189,-0.00055
-0.0006110694950163843,-0.000568
-0.0006223817803677708,-0.000616
-0.0005628373324290055,-0.000616
-0.0006338666091554088,-0.0006
-0.0009273203120065513,-0.000618
-0.0006126873954494931,-0.000582
-0.0006043630227719595,-0.000568
-0.0005924693993730106,-0.0006
-0.0011185841982736054,-0.000616
-0.0005919525580145819,-0.000634
-0.0006051038471278815,-0.000582
-0.0006084797655719605,-0.000468
-0.0005766010442327038,-0.000332
-0.00024269460375793113,-0.000234
-0.00020918405701231526,-0.0002
-0.00018785164887688834,-0.000184
-0.00020028528905008614,-0.0002
0.00054743960117272,-0.000216
-0.000196622527991306,-0.000184
-0.00019633302266925534,-0.000132
-0.00012084458883957669,-0.000134
-0.00010834746775078954,-0.000184
-0.0001636381913892376,-0.0002
-0.0001835561496568202,-0.000182
-0.00033025880003114766,-0.000218
-0.00044755453016069396,-0.000282
-0.00014672410231584702,-0.000318
-0.00025131869866423453,-0.000316
-0.0002378516519067935,-0.000266
-0.0001291670285888122,-0.000134
-8.000211961688253e-05,-3.4e-05
-0.00019024761212129673,5e-05
4.469916670983645e-05,6.8e-05
6.214835147981876e-05,8.2e-05
3.7180367788009764e-05,6.8e-05
6.169610296384485e-05,6.6e-05
3.269694645582782e-05,3.4e-05
1.1696101166674597e-05,6.6e-05
9.114486962700019e-05,0.0001
8.344383673999846e-05,0.0001
0.0001621483427468104,0.00015
0.00021452331308057873,0.000184
0.00024566696940129173,0.000216
0.0002786446590968653,0.000284
0.0002072728990340342,0.000332
0.0006681032419005385,0.00035
0.00031608721592369716,0.000334
0.0008162949373960143,0.00035
0.0003412822459591864,0.000416
0.0003617154874083042,0.000418
-0.0006782692068613761,0.00045
-0.00031800588865383146,0.00045
0.0004330872474711353,0.000432
0.00043716264927406463,0.000434
0.0004412822322952385,0.00045
0.0004412822717427548,0.000466
0.0005235394950307171,0.000468
0.0004541554164186952,0.000482
0.0005410367170136613,0.000484
0.0004747934496486313,0.0005
0.0005891622529645089,0.000466
0.0004826969567748694,0.0005
0.0004320777855292799,0.000518
0.00049553065393452,0.0005
0.00049553065393452,0.000466
0.0003567665795284122,0.00045
0.00048283139391038497,0.000416
0.0004572485750660091,0.000418
0.0003494808599547883,0.000366
0.0002706587855566142,0.00025
0.00017880573696982434,0.000184
0.00028105099703805794,0.000216
0.00023731257716386154,0.00025
0.0002575541431313273,0.000284
0.0002616960928942375,0.0003
0.00024971471849530194,0.0003
0.0003164438411947149,0.0003
0.0002499481097254304,0.000282
0.0002786446590968653,0.0003
0.0002910366821403774,0.000284
0.0002708329660647917,0.000266
0.000274770873549693,0.000284
0.0002831972180568358,0.000266
0.00026619719256920795,0.000268
0.00027080572755479364,0.000266
0.00027080574727855175,0.000234
0.00018706123428391608,0.0002
0.00011620291323123363,0.000182
0.00021969916252168582,0.000184
0.00019948085086507288,0.000184
0.00015369916798961493,0.00015
0.00017463780115555826,0.000166
0.00013669609518135372,0.00015
-0.00019353370857078396,0.00015
0.0001538205381353595,8.4e-05
6.572372149719843e-05,8.2e-05
0.00011566755126390693,0.000118
0.0001035645700341291,0.0001
9.563694568261936e-05,0.0001
0.00010358924445556835,0.0001
0.0003890170739849419,0.0001
9.994810556665455e-05,6.6e-05
-1.2687413330966464e-05,5e-05
-2.178620485548244e-05,3.4e-05
6.189206343195385e-05,0.0
3.689206499883849e-05,-3.4e-05
-2.5697534576283527e-05,-6.6e-05
-1.742747619774132e-05,-6.8e-05
-4.269000093360234e-05,0.0
-4.26899960026628e-05,0.0
-0.00030936696148140306,5e-05
-5.54174476752012e-06,0.000168
5.2797371983662246e-05,0.000166
9.41849368483276e-05,0.000184
0.0001406706296851301,0.000116
0.00015786534838940612,6.6e-05
-0.0002570179574752325,-5e-05
-0.00010124925208397004,-6.6e-05
-0.0001359979774708894,-0.000116
-4.3153908656109636e-05,-8.4e-05
-7.961008033811565e-05,-5e-05
-7.961009019999474e-05,-3.4e-05
7.065877836793318e-05,0.0
0.00012436135979337345,6.8e-05
8.7050158264847e-05,8.2e-05
2.7813597266172226e-05,8.4e-05
-0.0002443161530862968,5e-05
0.00011598509390816055,0.0
-3.868944586189331e-05,-1.6e-05
-2.9532602386217403e-05,-1.8e-05
-3.7851649649051975e-05,-1.6e-05
-1.2687413330966464e-05,-1.6e-05
-1.6556159457932744e-05,-1.8e-05
-1.7057512735278117e-05,0.0
-1.2687413330966464e-05,0.0
4.934661173930244e-05,0.0
-4.70010735278007e-06,1.8e-05
4.299892798127695e-06,-1.8e-05
-3.198304892656565e-07,-1.6e-05
-1.6556159457932744e-05,-3.4e-05
-1.2972500531192679e-05,-5e-05
-0.000252042028046682,-3.2e-05
6.14509982868481e-05,1.6e-05
5.3377450176173175e-05,8.4e-05
3.2132271359536997e-06,0.0001
0.00022038992797943609,0.00015
-0.00026112852673893417,0.0002
0.00022064464059211916,0.000266
0.0002993465973031909,0.0003
0.0002619698586572885,0.0003
0.0002654863877731825,0.000334
0.00029940160686465697,0.00035
0.0003204582571374602,0.00035
0.0003334438469585846,0.000366
0.00034971472455511224,0.000416
0.0003373125832236718,0.000384
0.000332696947685154,0.000334
0.00019041069330644374,0.0003
0.00028714834045969416,0.000282
0.00029442114097173315,0.000318
0.00030801465646639926,0.000332
0.00030753059599400743,0.000368
0.000328547266209051,0.000366
0.0003454622231277999,0.0004
0.00036590122391429603,0.000416
0.00041181501652180844,0.00045
0.00036551530886243315,0.0005
0.00044054894241492786,0.000568
0.00048208054988532534,0.000566
0.0005197768725844494,0.000634
0.0010608676449118436,0.0007
0.0009616208497280704,0.000766
0.0007483295492598379,0.00065
0.0006862232612706656,0.000466
0.00029726816684115705,0.000318
0.00022880572027597133,0.000266
0.0005186138020141617,0.0003
0.000694808421478391,0.0003
0.000185215968228792,0.000334
0.0003303322860449215,0.00035
0.00032864466212677046,0.000366
0.0003278094595881252,0.000334
0.00034566699518486015,0.000332
0.00034515540034609805,0.000334
0.00034114486998370724,0.000334
0.0003334438469585846,0.000332
0.0005066705930872364,0.000334
0.0003334438469585846,0.000334
0.00035814487574757696,0.000366
0.0003411448897074654,0.00045
0.00041591893887901526,0.0004
0.00033689205297626464,0.00035
0.00030326176329495115,0.000334
0.00038237158760070106,0.00035
0.000336555447319764,0.00035
0.00036203804974900566,0.000332
0.0003412822262354283,0.000318
0.00023632354903544426,0.00035
0.0002823470846332748,0.00035
0.0003371626234904962,0.000382
-0.0003665482270617968,0.0004
0.0003699652648325339,0.000418
0.0003868751132979233,0.000432
0.0004075305823300596,0.000468
0.00042887906532837456,0.00045
0.00031850939204268014,0.000466
0.0002854835961009912,0.000434
0.0004541554164186952,0.00045
0.0004497147306149225,0.000482
0.0001592934964072821,0.000484
0.00026945044896138393,0.000516
0.00048241881233751017,0.000518
-0.00019691256585482658,0.0005
0.0005041554588961166,0.000482
0.0005036370001895201,0.000468
0.0004915305968877041,0.000432
0.00046987903862173475,0.000418
0.00034971472455511224,0.0004
0.0004288790258808583,0.000366
0.0004033853978708136,0.000384
0.0003915202161311096,0.000466
0.0004030622043698515,0.000484
0.0004237392117458819,0.000482
0.00045298173446652545,0.000468
5.5938592498635724e-05,0.000416
0.00018955561908146748,0.000366
0.00024089003296866502,0.000334
0.000365736096611107,0.00035
0.0003947390151178065,0.00035
0.00044935414086851765,0.0004
0.0003578820369465382,0.000334
0.0003578820369465382,0.000316
0.00034922283375073685,0.000334
0.0003452040588574415,0.000382
0.00034089001930471716,0.00045
0.0003692132373819856,0.000468
0.0011640424659776878,0.00045
0.0004366832041610787,0.0004
0.00044136960854382037,0.000382
0.00042412634967074975,0.000384
0.00040331715366763226,0.000334
0.00037438591129803137,0.0003
0.0003491274102088319,0.000266
0.0003199176683742252,0.000234
0.00028257250746511277,0.000216
0.00025320406827247224,0.000234
0.0002370501525617438,0.000282
0.0004318622443002726,0.000334
0.0002653623253344511,0.000384
0.0003071072255254274,0.0004
0.0003488534077606831,0.0004
0.000778500824304008,0.00055
0.00043182354628679235,0.0005
0.0004608886735266807,0.00045
0.0001433859402976624,0.000432
2.8537948894022305e-05,0.0004
0.00044460079405063223,0.000368
0.00041172176259329936,0.000366
0.00039082866172303354,0.00035
0.0003705472734878733,0.00035
0.00035828223199929794,0.000416
0.0003698267646028405,0.00035
0.0003657894691006471,0.0003
0.000315831398780558,0.000318
0.0003449027192805039,0.000282
0.0003118751284768238,0.000368
0.0002791554058140272,0.000282
0.00031162436061576965,0.00015
4.563695128185841e-05,5e-05
0.00018147042655707778,3.4e-05
1.2312585718516335e-05,0.0
-3.35561602908629e-05,-1.6e-05
1.6347082912522945e-05,3.2e-05
4.520407519458744e-05,8.4e-05
2.4051469454776747e-05,0.000116
5.275123318242182e-05,0.000118
-8.934840978954008e-05,0.000116
0.0003180418009083393,6.6e-05
2.4793466757940917e-05,5e-05
2.4531252953488355e-05,1.8e-05
-0.0001052294078588177,-6.8e-05
-0.00020082027626600808,-0.000116
-0.00012994592965983288,-0.000166
-8.468268576721332e-05,-0.000218
-0.0003356160883234296,-0.000266
-0.00036392595341643393,-0.000316
-0.00032135533781448006,-0.000284
-0.00026268741368767353,-0.00025
-0.0002252291173018421,-0.000216
-0.00026742746669256934,-0.000218
-0.00024269000812228339,-0.000232
-0.00014268167863653596,-0.000234
-0.00022520653359876618,-0.000266
-0.0002961794595481495,-0.000284
-0.0002752065366286713,-0.000266
-0.00025962242056699056,-0.0003
-0.00011786451635958647,-0.00035
-0.000454614570493624,-0.000384
-0.0004958445622544698,-0.000484
-0.0003811701590298955,-0.000582
-0.001274206306832456,-0.00075
-0.0010016623122559374,-0.0009
-0.0006829465777628875,-0.000984
-0.0008077977301349308,-0.001016
-0.0010699138526752798,-0.00105
-0.0009888807647128219,-0.001018
-0.0010175811996646113,-0.0011
-0.0010468439195135952,-0.00115
-0.001080743537112377,-0.001316
-0.0014671684875708175,-0.001484
-0.0012662399598127683,-0.001616
-0.0013958480092791633,-0.001516
-0.0014856788401146322,-0.001384
-0.0015020538197066484,-0.001184
-0.0014290085382127398,-0.001016
-0.0012797265133670146,-0.000866
-0.0011172843237168247,-0.000834
-0.00097844334637771,-0.000766
-0.0008727678683592245,-0.00075
-0.0008051840954956354,-0.000734
-0.000771946012745033,-0.000684
-0.0007342638517042571,-0.000582
-0.0006891272935102021,-0.000468
-0.0006195292910173408,-0.000432
-0.0005439594868234354,-0.000518
-0.0005013979047027119,-0.0007
-0.0005320561198879629,-0.0009
-0.0006419587148570283,-0.001132
-0.0008181697444880343,-0.001334
-0.0010224186485872264,-0.001434
-0.0012050717732084832,-0.001566
-0.0013704288187323572,-0.00155
-0.0014733333454165839,-0.001316
-0.0014689980633763374,-0.001134
-0.0013959284822123944,-0.001034
-0.0012633683384169379,-0.001016
-0.0011279531411824925,-0.000966
-0.0010390141397953027,-0.0009
-0.0009802897268251694,-0.000834
-0.0002569343287406982,-0.000816
-0.0008804681024340214,-0.0008
-0.0008384445055404578,-0.000784
-0.0008089632464512286,-0.0008
-0.0008002852662376733,-0.0008
-0.0007961794109521683,-0.0008
-0.0010096904340861348,-0.000766
-0.0007918687441620867,-0.000784
-0.0007878516457882337,-0.000716
-0.0004711732177214856,-0.000618
-0.0007225995367175006,-0.000466
-0.0006489636470097015,-0.000334
-0.000537110687940237,-0.000216
-0.00013794983071502845,-0.000166
-0.00022587363054674256,-0.00015
-4.5955274025428084e-05,-6.8e-05
-9.117965371969793e-06,-5e-05
-0.00010974648377788552,-6.6e-05
9.019922390462261e-05,-3.4e-05
-5.191538581383571e-07,-1.6e-05
-4.196330865039115e-05,0.0
1.2050161116398599e-05,1.6e-05
-4.844586346661138e-06,1.8e-05
4.155413804246623e-06,1.6e-05
-5.983792636668385e-07,0.0
4.1282236408899776e-05,1.6e-05
-4.358271795099812e-05,0.0
-5.522082646119436e-06,-3.2e-05
-0.00010051915745247886,-5e-05
-0.00014235864292563898,-3.4e-05
-3.330305516446863e-05,-3.4e-05
-2.1167036639798115e-05,-1.6e-05
0.00010700214987710858,6.6e-05
6.61972026388153e-05,6.8e-05
0.00012843927637546626,0.0001
5.3435487334514505e-05,0.0001
0.0001403183239171461,0.0001
0.0001247934580249326,8.2e-05
9.52998913106209e-05,0.0001
2.4637798229517273e-05,8.4e-05
0.00031035564959685786,0.0001
-0.00019077141596635054,0.000134
6.572253807170974e-05,0.000116
0.00010803669057744518,0.000134
0.00012064465425606704,0.000116
0.00012477088418373576,0.000116
0.00022014702989788177,0.000134
0.00012477088418373576,0.000134
0.0003737874530283992,0.000132
0.00022412637699864552,0.000118
0.00014899635344009672,6.6e-05
0.00011181502299707529,5e-05
9.064711593551626e-05,3.4e-05
-5.0777160902867004e-05,1.6e-05
4.1036695343754064e-05,1.6e-05
2.8644653192851264e-05,3.4e-05
2.477088582851851e-05,3.4e-05
2.477088582851851e-05,3.2e-05
1.619719960891017e-05,1.8e-05
-3.3999077003764514e-05,0.0
-4.693777358989939e-05,0.0
1.2162627218075634e-05,5e-05
1.649100964117596e-05,8.2e-05
-0.0007081139353656994,0.0001
0.00014563695364346404,0.00015
9.460079749599396e-05,0.00015
0.0001496801662731009,0.00015
0.00013696064994935108,0.000168
0.00015356456320215516,0.000166
0.00015429988462955472,0.000166
0.00012029988296369441,0.000134
0.00015814487348983548,0.00015
0.00035655028879659533,0.000134
0.00014566698306523962,0.000166
0.00014566698306523962,0.00015
-0.0003252156323110812,0.000134
0.00014566698306523962,0.000166
0.00018319720213514644,0.000166
0.00028612901663876636,0.000184
0.00010730539279670716,0.0002
0.00017864465303705503,0.000166
0.00017864465303705503,0.000184
0.00015366697881632248,0.000166
4.880816546929584e-05,0.00015
0.00015776564479198373,0.00015
0.0001621483427468104,0.000168
0.0003643584315522029,0.000182
4.03913512355417e-05,0.000184
0.0001706587794968039,0.000184
0.00017932620749975164,0.000166
0.00017880573696982434,0.000134
0.00016649101133448205,0.000132
0.00015345315355427374,0.000134
0.0001411448677259658,0.000166
0.0001411448677259658,0.000168
-4.571765698011709e-05,0.000166
0.00015814487348983548,0.0002
0.0001610224021512304,0.0002
7.839468285933507e-05,0.0002
0.00019113128108650909,0.0002
0.0001949817630134332,0.000216
0.0002038205510271437,0.000218
0.0010908704001664237,0.0002
0.0002042998777975808,0.0002
0.00019994810669552528,0.0002
0.00020828222290958254,0.0002
0.00020828222290958254,0.0002
0.00019994810669552528,0.0002
0.00019994810669552528,0.000216
0.0002038205510271437,0.00025
0.0003990666837874089,0.00025
0.00016548638171337218,0.000284
0.00024940162355851,0.000282
0.0002660872326175502,0.000334
0.0002867531946890195,0.000334
0.0003406471212231629,0.00035
0.0004142813541352778,0.000382
0.0003495113528848803,0.000418
0.0003702006087147187,0.000432
0.000394705326938895,0.000434
0.0004159803981093947,0.000366
0.00041181501652180844,0.000268
0.00014566698306523962,0.000132
0.0002971843803165576,6.8e-05
2.4818840140059432e-05,0.0
-7.228685603837927e-05,-8.4e-05
-0.00017135532872476463,-0.000166
-4.7681886882492054e-05,-0.00025
-0.0001273070979195074,-0.000234
-0.00024223434986162017,-0.000284
-0.00023456624578884134,-0.000282
-0.0002087177873697701,-0.00025
-0.00016691278888772635,-0.000234
-0.00020896332843491582,-0.0002
-0.00019246195900070702,-0.000234
-3.545572585215985e-05,-0.000266
-0.000167378447093769,-0.000234
-0.0002340810413384771,-0.000232
-0.00024185512116376838,-0.000218
-0.0002301905497681561,-0.00015
-0.00020935287265827737,-8.2e-05
-0.00034473284326067596,-3.4e-05
-5.944970722105333e-05,0.0
-5.0051893661181784e-05,0.0
-2.983475556817848e-05,3.4e-05
3.7148348732131304e-05,5e-05
7.469530317648416e-06,0.0001
4.510516671116524e-05,0.000132
7.802904876178467e-05,0.000168
0.00011142343243380622,0.000216
4.030539879575093e-05,0.000184
0.00017424816817528506,0.0002
0.00019155340895832599,0.00025
0.00021189206512525996,0.00035
0.00024439261738755055,0.000532
0.00032985171667772133,0.0006
0.0004295355903419853,0.000684
0.0005384503800556384,0.000684
0.0006234194228509413,0.000632
0.0006491099728623045,0.000584
0.0006449667607788731,0.000534
0.0006071183284569357,0.000482
0.0004112819622341847,0.000434
0.000507107237645048,0.000416
0.00046536233745407167,0.0004
0.00043223597006960196,0.000368
0.0004038961248642173,0.000332
0.00037820060446580155,0.000334
0.0003578061202014385,0.000334
0.0003416236444889163,0.000366
0.0003411448897074654,0.0004
0.00035782134694272637,0.000416
0.00037821377993624235,0.000418
0.00039948084326093527,0.000416
0.00041231256804477134,0.000416
0.000416443827530767,0.000468
0.00041657530610256086,0.000416
0.00018628194859961157,0.000416
0.00042843930441677615,0.000484
0.000445241263925113,0.000684
0.0004972769954806683,0.000782
0.0005878385521078892,0.000834
0.0006926838571460563,0.000866
0.0007897902300959464,0.0008
-0.0002793941271679288,0.0007
0.0007984550348390608,0.00065
0.0007519102792084934,0.0006
0.0006856655917328771,0.000584
0.0006323715633027105,0.00065
0.0007469738959150234,0.0008
0.0006474570824822467,0.00095
0.0005363568609186237,0.00105
0.0008587418061393672,0.001234
0.0010045896091119368,0.001166
0.0010973027910676672,0.001034
0.0011189470120956068,0.001032
0.0011143448281601437,0.000834
0.001013560368791395,0.000616
0.0007069375071020737,0.000484
0.0007363133624277766,0.0004
0.00024546221706798967,0.000284
0.00010415541000217783,0.000132
-2.1194260356977592e-05,0.0
-0.00015518407583062685,-0.000116
-0.00024897342547825846,-0.000166
-0.00024235862926169112,-0.000234
-0.00036785567554170514,-0.000284
-0.0003002852753861383,-0.000316
-0.00031750900773864544,-0.000316
-0.0003756824178012433,-0.000334
-0.00028035295822262623,-0.000334
-0.00032522908391413607,-0.000316
-0.00032522908391413607,-0.000366
-0.000337949842834649,-0.000468
4.768382249812557e-05,-0.000566
-0.0005551840408985934,-0.0006
-0.0005022642116079516,-0.0006
-0.0006720610356427237,-0.000584
-0.000587851633668613,-0.000566
-0.0005338027770142416,-0.000534
-0.00047095527019398454,-0.00055
-0.0005589633496442517,-0.000566
-0.0005543330001821578,-0.000634
-0.0005719459611778962,-0.000632
-0.0005964419220534561,-0.000668
-0.0006259175401478559,-0.000682
-0.000654537738851512,-0.000684
-0.0006670195641658578,-0.00075
-0.0006967897368643934,-0.000934
-0.0007650476677813747,-0.001082
-0.0008663776863004111,-0.001084
-0.0009658958803962581,-0.001
-0.0010265511703937435,-0.000934
4.157547198670959e-05,-0.000866
-0.0009729999047098513,-0.000834
-0.0009100875067252974,-0.0008
-0.00048615806683945025,-0.0008
-0.0008256823661753569,-0.000866
-0.00112756647662782,-0.0008
-0.000817210538681932,-0.00085
-0.0008297344150486426,-0.000984
-0.0008766739614222382,-0.001166
-0.0009535137784030929,-0.00115
-0.0010407139332722292,-0.00115
-0.0011143474561290509,-0.001116
-0.001145955330821462,-0.001034
-0.001113676453876962,-0.000934
-0.0010605669214804824,-0.0009
-0.001206870185476134,-0.000816
-0.0009229373773666269,-0.000766
-0.0008556503287205694,-0.000734
-0.0006795417837368843,-0.000684
-0.0007511918854746561,-0.000616
-0.0007014048595851994,-0.000566
-0.0002730561144494086,-0.0005
-0.0005931723541132943,-0.00045
-0.0004927709301277193,-0.0004
-0.0004805239753253629,-0.000384
0.00011673625351335048,-0.000434
-0.0004176529183378808,-0.000482
-0.00042593216305677903,-0.000568
-0.00046868269878053056,-0.000666
-0.0006276995422487303,-0.00075
-0.0006190021538571605,-0.00085
-0.0007110800730105603,-0.000884
-0.0013527435504392597,-0.000866
-0.0008387887245676023,-0.000816
-0.0008546224842361231,-0.000768
-0.0008346240924828256,-0.00075
-0.000801119423417137,-0.000682
-0.000755192889261863,-0.00065
-0.0006599301354332918,-0.000634
-0.0006801043053191765,-0.000584
-0.0006383791683338614,-0.000582
-0.0005211731813038744,-0.00055
-0.000545955255015084,-0.0005
-0.0005548438849656267,-0.000418
-0.000558630412606766,-0.00035
-0.0004437323025173124,-0.0003
-0.0003938631863464567,-0.000216
-0.00013085376493784674,-0.000134
-2.9844587861613708e-05,-3.2e-05
-0.00017296001423991643,6.6e-05
0.00019582055527606084,0.00015
9.863365861646951e-06,0.000234
0.00010205249742534662,0.000282
0.00018095539978439846,0.000368
0.00025654239323352713,0.000416
0.0003232345733339347,0.000466
0.0011488669275659784,0.000484
0.00043237592985739804,0.000484
0.0004618079189987814,0.000532
0.0004908900875657071,0.000634
0.000531980553461436,0.000716
0.0005892676961755514,0.000718
0.0006481125818604338,0.000682
0.0006866543831761966,0.00055
0.0005991274056345994,0.00055
0.0006231130339919187,0.000568
0.0005861339854814916,0.00055
0.0005542998792831586,0.000532
0.0005496801412029467,0.000518
0.0005415306393651255,0.000482
0.0005198790416516399,0.000468
0.0004993541438984228,0.0004
0.0004659383106394187,0.000416
0.0003948603162303975,0.000466
0.0004367531840549768,0.000518
0.0003745312359480429,0.0006
0.0004983113093577863,0.000782
0.0008201553502351644,0.0008
0.00019909020211125522,0.0007
0.00031478227236107325,0.000534
0.000701392527527285,0.00045
0.0006176022554137532,0.00045
0.0005309688035636358,0.00045
0.0008558519599910108,0.000484
0.0004581312921380254,0.000516
0.0005140742607345667,0.000566
0.000502939173626354,0.00045
-3.4832844639004756e-05,0.000384
0.0006437271225794668,0.000316
0.00046911340177806644,0.0003
0.0002824910286202162,0.000268
0.0002664438381648098,0.000266
0.00021231257564890895,0.000184
0.0002534354871267862,0.0
-6.655616741877741e-05,-0.0001
8.390668924144501e-05,-0.0002
-3.251776852674852e-05,-0.0003
-0.0003547381929498659,-0.000368
0.00033166608546571143,-0.0004
-0.0003467448243815197,-0.000432
-0.000200188208712497,-0.00045
-0.0004293553396253732,-0.000468
-0.001017419149267693,-0.0005
-0.00046312485931543145,-0.000532
-0.00042336681217742227,-0.000534
-0.0005091713139202263,-0.00055
-0.0003649928114944909,-0.000566
-0.0005964354132132684,-0.0006
-0.0005883038994428754,-0.000634
-0.0005631079423907533,-0.000634
-0.000545844565284375,-0.0006
-0.0004756975717073088,-0.000582
-0.0006130583993401985,-0.000568
-0.0005966145838322565,-0.00055
0.00027662865432936,-0.000516
-0.0005546146160009505,-0.000516
-0.00042145273979200977,-0.000534
-0.0005293553851326997,-0.000566
-0.0005005983824425507,-0.000484
-0.0005257377717563132,-0.000466
-0.0003963630149012561,-0.00045
-0.00035521684911252605,-0.000434
-0.0007775058245859467,-0.000516
-0.0006847602167718262,-0.000584
-0.0004974732713070421,-0.000584
-0.0005310315495473686,-0.000532
-0.0005547587177779571,-0.0005
-0.0005508900209603862,-0.000468
-0.0004919633211267187,-0.00045
-0.0004878373476079059,-0.00045
-0.00046750897738084455,-0.000482
-0.0002931293184173496,-0.0005
-0.0004672863355989051,-0.0005
-0.00036874221902280155,-0.000468
-0.0005339222635410833,-0.00045
-0.0004800347866758535,-0.00045
-0.00034890315578779853,-0.000482
-0.0004628373263691953,-0.000518
-0.0006174247265757649,-0.000582
-0.0005092168363540247,-0.000618
-0.0005878373536677162,-0.0006
-0.0005804367234791401,-0.000582
-0.00013977350911686294,-0.00055
-0.0005881248866139524,-0.000518
-0.0004966146172199626,-0.000482
-0.0004593908363184738,-0.00045
-0.0005009332129608183,-0.000434
-0.0002771909044881122,-0.00045
-0.00045443539987463584,-0.000434
-0.0005385811335574548,-0.000466
-0.00026903730010859696,-0.00045
-0.00034425367428030405,-0.000466
-0.0004582050439788031,-0.0005
-0.0004629725130075203,-0.000534
-0.0004313861766590034,-0.0006
-0.0005262291300192186,-0.00065
-0.0005724410669548491,-0.000684
-0.0006184011314989695,-0.000632
-0.0005375464646526902,-0.0006
-0.0006422550445993971,-0.0006
-0.0006298529821629893,-0.00055
-0.0005962292999406542,-0.000534
-0.00026586919118033243,-0.0005
-0.00043427748236546257,-0.000466
-0.0005133039146217758,-0.000434
-0.00048442750429981773,-0.000434
-0.00045917864812835115,-0.000466
-0.0004504001161957732,-0.000434
-0.000401767679660602,-0.000416
-0.00028376400467996127,-0.0004
-0.0007733892395760108,-0.0004
-0.0004128516427877033,-0.000466
-0.00042117321469158043,-0.00055
-0.00045552900336873735,-0.000534
-0.0005548445950209199,-0.000516
-0.00047596459194507434,-0.0005
-0.000429194275416362,-0.000468
-0.0005051038410680712,-0.000416
-8.150831454573782e-05,-0.000384
-0.00035433298806253734,-0.000366
-0.0004892988386389259,-0.000366
-0.0003754687700530179,-0.00035
-0.0003167861320026353,-0.000334
-0.000443115580047638,-0.000366
-0.000312851636727893,-0.00035
-0.00041705753697451924,-0.0004
-0.00036310793027113285,-0.000418
-0.0004128516427877033,-0.0004
-0.0004165561590424762,-0.000416
-0.0003379498033871327,-0.000416
-0.00039584455619465957,-0.000418
-0.0003926304120148849,-0.000416
-0.0004423474974579598,-0.000416
-0.0004165561590424762,-0.000418
-0.0004296100916855726,-0.0004
-0.0004967959180048303,-0.000416
-0.00041268742277738896,-0.00045
-0.0005380583750715826,-0.000534
-0.00045128421393085966,-0.000616
-0.0005059255328323872,-0.00065
-0.0005644207951803934,-0.000716
-0.0006306270213276272,-0.000768
-0.0006889579058752538,-0.000782
-0.000730285964161596,-0.000668
-0.00033837915015443064,-0.00045
-0.0002380583963396682,-0.000282
-0.0002417177649120474,-0.000218
-0.0004088180553520411,-0.000266
-0.0002963330287290656,-0.0003
-0.00029703322214320914,-0.000316
-7.743745906906088e-05,-0.000318
-0.00043916873770029704,-0.000316
-0.00026303013370919913,-0.0003
-0.0003041794158517161,-0.0003
-0.000308717734258306,-0.000316
-9.272709942163848e-05,-0.000334
-0.0003669128010073469,-0.000334
-0.00027338621126572147,-0.000332
-0.00029603474633464044,-0.000334
-0.0003376874379562894,-0.000334
-0.0004676529608153022,-0.000332
-0.00015911797939262474,-0.00035
-0.0003129498215959383,-0.000334
-0.000312851636727893,-0.000334
-0.0003000518841560098,-0.000316
-0.0004566804763692359,-0.0003
-0.00020526102124105518,-0.0003
-0.00031285159728037675,-0.0003
-0.0003041794158517161,-0.0003
-0.00036846356176773056,-0.0003
-0.00030417945529923236,-0.0003
-0.00023484012989444123,-0.0003
-0.0003376874379562894,-0.000316
-0.0003000518841560098,-0.0003
-0.0003126874167175787,-0.0003
-0.0003477858837839232,-0.000268
-0.00029643539503383757,-0.000266
-0.00025417945226932723,-0.000266
-0.00025417945226932723,-0.000218
-0.00025502548315119405,-0.000216
-0.00018409876996714419,-0.000216
-0.00026268741368767353,-0.00025
-0.00021285167011559904,-0.000234
-0.00022935534722951076,-0.00025
-0.0002378516519067935,-0.000234
-0.00016207031040678418,-0.000232
-0.0002082050485530356,-0.000234
-0.00026268741368767353,-0.000234
-0.0005029109141900062,-0.00025
-0.0002587177706759171,-0.00025
-0.00042488944685869134,-0.000232
-0.0005502937717516662,-0.000218
-0.00023378609225917842,-0.000232
-0.00020862254134168846,-0.000234
-0.00034248082400320897,-0.00025
-0.0002379498367748387,-0.000234
-0.00033701091305191977,-0.000216
-0.0001835561496568202,-0.000234
-0.00022520653359876618,-0.00025
-0.00023380279828232715,-0.000232
-0.00023768741217272096,-0.000234
-0.0002587177706759171,-0.00025
-0.0002291942632967415,-0.00025
-0.00028810792572627516,-0.000234
-0.0002672863629268008,-0.00025
-0.00018409876996714419,-0.000216
-0.0002252291173018421,-0.000234
-0.00021283739011470213,-0.000232
-0.0002041794492394221,-0.000234
-0.0002378516519067935,-0.000234
-0.00021268743038152656,-0.000216
-0.0002136981940914195,-0.000216
-0.0002295417564677381,-0.000218
-0.00018793878844037244,-0.000232
-0.00020005189781995767,-0.0002
-0.00020031986479811413,-0.000184
-0.00020895257898672685,-0.000166
-0.0001295417602698069,-0.000168
-0.00019662254771506414,-0.000182
-0.00017520653056886102,-0.0002
-0.00017084458200760275,-0.000168
-0.00024211797968856533,-0.000166
-0.00020028528905008614,-0.000184
-0.00017984457229663144,-0.0002
-0.00015436305467408774,-0.0002
-0.00021268743038152656,-0.0002
-0.00014584460021640835,-0.00015
-0.0001461794504584341,-0.00015
-0.00011728637356084351,-0.000132
-0.00016765292291211328,-0.00015
-0.00020031986479811413,-0.000168
-0.00022561410533707214,-0.000166
6.258624702919772e-06,-0.00015
-0.00015871776461610682,-0.000134
-8.856680656365353e-05,-0.0001
-0.00018874154539686938,-6.6e-05
-0.00011750899561902487,-6.6e-05
-4.179454378089921e-06,-5e-05
-4.179454378089921e-06,0.0
-9.930239041771645e-06,-8.4e-05
-4.3184071213252714e-05,-0.0001
-3.198304892656565e-07,1.8e-05
0.00017201861427834506,-3.4e-05
-2.852892578144221e-07,0.0
0.00017138007733216246,1.6e-05
7.880574077189314e-05,6.8e-05
1.158655171573324e-05,8.2e-05
3.6837847469535404e-05,8.4e-05
0.0001082822316425909,0.0001
0.00019520404976772608,0.000116
0.00013694161652274127,0.000118
4.9078093728652816e-05,0.0001
0.0001082822316425909,0.000116
8.731258286696473e-05,0.0001
8.269694239750737e-05,0.0001
3.702749695140548e-05,5e-05
7.880574077189314e-05,5e-05
7.437794444406817e-05,-1.6e-05
2.8699166193296874e-05,-1.8e-05
0.00035300198470632996,-8.2e-05
-1.7658544955348218e-05,-8.4e-05
-9.609567076580853e-05,-8.4e-05
-4.269000093360234e-05,-8.2e-05
-8.305750726734898e-05,-0.000118
-0.00018496673366806814,-0.000132
-0.00013768740611291071,-0.00015
-0.00012112094827682378,-0.000168
5.167366263822239e-05,-0.00015
-0.0002881547104805948,-0.000182
-0.00016283736736103887,-0.000168
-0.00018889187988144971,-0.00015
-0.000162837387084797,-0.000182
-8.11193028638462e-05,-0.000234
0.0004488369050349261,-0.00025
-0.0005634019447296611,-0.000266
-0.00023378386347450804,-0.000268
-0.0002548445965652473,-0.000282
-0.00019210182290073952,-0.000268
-0.00027116703206556564,-0.000266
-0.00027116703206556564,-0.000284
-0.0002752291203317472,-0.000266
-0.0003002852753861383,-0.000266
-0.00027070011153900174,-0.000284
-0.0002752291203317472,-0.000284
-0.0002752065366286713,-0.000266
-0.0002752291203317472,-0.000284
-0.0002797001018280304,-0.000282
-0.00031330390250215533,-0.000284
-0.00021829635438022095,-0.000266
2.082039797594168e-05,-0.00025
-0.00025096363157011027,-0.000234
-0.00025896331174106284,-0.00025
-0.00025028529207999126,-0.000234
7.516001117827112e-05,-0.00025
-0.00024220504035701688,-0.000266
-0.000191963302947288,-0.000234
-0.0002139904410158523,-0.000232
-0.00024584460627621863,-0.000168
-0.00028997696877184286,-0.000166
-0.00015051915062050495,-0.000116
-7.919425420702606e-05,-6.8e-05
-0.0001305220902208823,-6.6e-05
-7.935534800167444e-05,-0.0001
-0.00017173445880382568,-0.000116
-2.6387082091968348e-05,-0.000118
-0.00046846936661243545,-0.000116
-0.00011268741445983719,-0.000134
-0.00018496673366806814,-0.00015
-0.0001298445791286054,-0.00015
-3.261369995542573e-05,-0.000166
0.00020129987445998516,-0.000134
-6.814204633053807e-05,-0.00015
-0.00013768742583666885,-0.00015
-0.00018449340292010712,-0.000166
-0.0001793412219887739,-0.000184
0.00011868305747540443,-0.000182
-0.00017084458200760275,-0.000168
-9.22343506337838e-05,-0.000166
-0.00013401960563392455,-0.0002
7.121098935565514e-05,-0.000184
-0.00017984461174414774,-0.000182
-0.00018330305439230498,-0.0002
-0.00019570012671790216,-0.000168
-0.0001837860892292733,-0.000182
-3.192391575464316e-05,-0.000184
-0.0001837860892292733,-0.000184
-0.000179673803998613,-0.000166
-0.0002924694009173379,-0.000166
1.585795713249252e-05,-0.00015
7.186443253205575e-05,-0.00015
-0.00015417944620951696,-0.00015
-0.00015417944620951696,-0.000168
-0.00016730306289013924,-0.00015
-1.8401193758898614e-05,-0.00015
-0.0003438994750315382,-0.000166
-0.00015820504552313045,-0.00015
-0.00015417944620951696,-0.000166
-0.00011330389038253476,-0.00015
-0.00015934054227953167,-0.00015
-0.00015417944620951696,-0.00015
-0.00026762843206430757,-0.000118
-0.00014234747927852897,-0.000132
-5.875141714957079e-05,-0.000118
2.5498579782666788e-06,-0.000132
-0.00023653467685170115,-0.000134
-7.536219427020927e-05,-0.000116
-9.629467362361138e-05,-0.0001
-0.00012084458883957669,-8.4e-05
-9.617944742852895e-05,-8.4e-05
-0.00012070011231116538,-0.0001
-0.00010493777237088741,-6.6e-05
-8.330304833249469e-05,-8.4e-05
-4.6795920321321364e-05,-8.2e-05
-7.536219427020927e-05,-8.4e-05
-5.871775855629654e-05,-0.0001
-4.6546838841588636e-05,-0.0001
-0.00012161008761693794,-6.6e-05
-2.586157707277456e-05,-8.4e-05
-6.762843966844518e-05,-8.4e-05
-0.00021924441626297125,-8.2e-05
-0.0001259485254584875,-8.4e-05
-0.0001468948311663492,-8.4e-05
-9.646940639701695e-05,-6.6e-05
-8.355615345888897e-05,-6.6e-05
-3.4378448698862816e-05,0.0
-2.0844587710705943e-05,1.6e-05
2.7959362002537367e-05,-1.6e-05
-9.115625641159858e-06,-3.4e-05
-6.691277296603699e-05,-3.4e-05
-8.717762922800714e-06,0.0
8.282237910129453e-06,0.0
-1.742470500972196e-05,3.4e-05
8.687510991131112e-05,3.4e-05
-0.00023350319439610629,6.6e-05
0.00013625845457375586,6.6e-05
4.959989314678514e-05,6.8e-05
7.380739529221099e-05,0.0001
0.00011189206892732876,0.0001
0.000273420585067094,0.000116
0.00014128223383956585,0.000134
7.453125721612838e-05,0.000116
0.00011619719334137161,0.000134
0.00010292936640307298,0.00015
0.00016641882237967176,0.000132
0.00013269693556553343,0.000134
0.00017826553281987306,0.000134
0.00013731258096593034,0.000132
0.0002438390503914561,0.000134
0.00013344383483896406,0.00015
0.0001623125824808829,0.00015
0.0001785632826728283,0.00015
9.582053935437152e-05,0.000116
1.943548628502162e-05,0.000118
0.0004509877019655936,0.0001
6.914357954348473e-05,0.000116
0.00013696985108252569,0.000116
0.00013294247663067914,0.000134
0.0002818264957607986,0.000116
7.880574077189314e-05,0.0001
-0.0002592648288318237,0.000118
0.00011231258931285685,0.000132
0.0001578820346887967,0.000134
0.00012065877646689879,0.000134
0.00024064135582597428,0.00015
0.00013731258096593034,0.000166
0.00014566698306523962,0.000166
0.00011189205906544968,0.000168
0.00016231257261900382,0.000166
0.0002245418579639676,0.0002
0.0003302059159264872,0.0002
0.00022477087051978788,0.000216
0.0001950447212494317,0.0002
0.0001618920620953548,0.000184
0.00017880573696982434,0.000184
0.00011974117792860324,0.000166
0.00018319720213514644,0.000166
0.00031880136283449895,0.000168
0.00013716262123275474,0.000166
0.00017880573696982434,0.000184
0.00017929989600638636,0.000182
0.0001997147154653968,0.000184
0.00017880573696982434,0.000166
0.0001664438321049995,0.000184
0.00011513441808125061,0.000184
-0.00024110611144821626,0.000182
0.00016996945387339821,0.000184
-5.135547628449372e-05,0.0002
0.0005660806827855188,0.0002
0.00019128223686947098,0.0002
0.00019582055527606084,0.0002
0.0002038205510271437,0.0002
0.00019994810669552528,0.000216
0.0001997147154653968,0.0002
0.0002038205510271437,0.0002
0.0001834438378688692,0.0002
0.0002038205510271437,0.000218
0.0002042998777975808,0.000232
0.00023294248269048942,0.000234
0.0002206587628029509,0.000234
0.00022932619080589863,0.000232
0.00021995935833913317,0.000234
-0.0002981229203331979,0.000234
0.00022929987931253335,0.000216
0.00022880573999972946,0.000234
0.0002334438408987743,0.000216
0.00018308722245973053,0.000216
0.00022029986929974653,0.000218
0.0002038205510271437,0.000216
0.00022080572452488846,0.000216
0.00021644383513490462,0.000218
0.00021694247146456555,0.0002
0.00019994810669552528,0.0002
0.00019179496582432643,0.000216
0.00020828222290958254,0.0002
0.00021644383513490462,0.000216
0.00021994602507862722,0.000218
0.00021231257564890895,0.000182
0.0001747708872136409,0.000168
0.00015404472823231336,0.000132
0.000157794954296587,0.000168
0.00017864465303705503,0.00015
5.272011155753895e-05,0.00015
-0.00021366490038767094,0.00015
0.00016619719637127672,0.000166
9.053803369109595e-05,0.000166
0.00016619719637127672,0.00015
-9.317521334481126e-05,0.000168
0.0002982236448569698,0.000132
0.00012032620431893876,0.000134
0.00014563695364346404,0.000116
0.00011180787806568731,0.000118
0.00016231259234276196,0.000132
0.00014899635344009672,0.000134
0.00014064135962804308,0.000134
0.00011231257945097776,0.000116
1.649100964117596e-05,0.000116
0.0002361914393033898,0.000118
0.00014922918254311804,0.0001
0.00011231257945097776,0.000116
0.00012932620446984652,0.000116
0.0001699652329891552,0.000118
0.00010363694636464177,0.0001
1.158655171573324e-05,0.000132
0.0002620274914785879,0.000134
8.283137953302294e-05,0.000116
0.0001201554064352831,0.000118
0.00014940161749869973,0.0001
0.00010786534042856146,8.2e-05
0.00011231258931285685,0.0001
0.0003060359296017878,0.0001
2.0044727286684646e-05,8.4e-05
9.429461573643179e-05,8.4e-05
6.231258628295171e-05,6.6e-05
4.1116566702361786e-05,5e-05
7.064465615710144e-05,3.4e-05
5.803669494394935e-05,3.2e-05
4.515541421777423e-05,-1.6e-05
-0.0003248095990259106,-1.6e-05
8.624613405688925e-05,-5e-05
-7.569752774430959e-05,-6.8e-05
0.0001980259278455152,-0.0001
-8.41452232196442e-05,-0.000116
-0.00011344455036374502,-0.000116
-0.00015837634636261882,-0.000118
-0.00019661459904053176,-0.000132
-0.00015495401791562486,-0.00015
-0.00012934121895886877,-0.00015
-0.00013783736584608628,-0.000134
-0.00027257473640812446,-0.000134
-0.00014220505402096474,-0.000116
-0.00013380280208439595,-0.0001
7.732743523705472e-05,-0.0001
-0.0001460347569686832,-0.000134
-0.00014171775885223712,-0.000116
-0.00027363127896067166,-0.0001
3.991247934427685e-05,-0.000116
-5.4546834592671505e-05,-0.0001
-1.7764116370818727e-05,-0.000118
-2.9844587861613708e-05,-0.000116
-8.38027990544908e-05,-8.4e-05
-5.051915442257372e-05,-6.6e-05
-4.2631702435465594e-05,-3.4e-05
-5.8205039463320174e-05,0.0
2.0299892313070177e-05,-1.6e-05
-0.0001636764554800387,-3.4e-05
-0.0001468754624358509,-5e-05
-0.00010077717379465121,-5e-05
-0.00019679593927291586,-6.6e-05
-5.869000722858669e-05,-0.0001
-0.00018330305439230498,-0.000168
-9.712495508459953e-05,-0.000182
-0.00013018640171913538,-0.000168
0.00012899805044371094,-0.000182
-0.0001751811658158867,-0.000168
-0.0003055417358267835,-0.000182
-0.00019636306195291,-0.000184
-0.0001791670414805964,-0.000166
-0.00021655614692285563,-0.0002
-0.0002503198481042611,-0.000218
-0.0002128516503918409,-0.0002
-0.0002430894339484755,-0.000166
-0.0001837860892292733,-0.000166
2.1948906358285168e-05,-0.000134
-0.00012561409927726186,-0.000166
-0.00014570010396423887,-0.000168
-0.00030665119722243344,-0.000166
-8.824680831151087e-05,-0.00015
-0.00010436305164418257,-0.000184
-0.0002041794492394221,-0.0002
-0.0002041794492394221,-0.0002
-0.00020028528905008614,-0.0002
-0.00020470013673068902,-0.0002
-0.0002082050485530356,-0.0002
-0.00020028528905008614,-0.000216
-0.00021268741065776843,-0.000216
-0.0002041794492394221,-0.0002
-0.0002252291173018421,-0.000218
0.00021263610445375957,-0.0002
-0.0001793412219887739,-0.000216
-0.0002087177873697701,-0.0002
-0.00020005189781995767,-0.0002
-0.0002082050485530356,-0.0002
-0.00019185511813386326,-0.000184
-0.0002041794492394221,-0.000216
-0.00020470011700693085,-0.0002
-0.0002041794492394221,-0.0002
-0.00020005189781995767,-0.0002
-0.0001835561496568202,-0.0002
-0.0002041794492394221,-0.0002
-0.0002041794492394221,-0.0002
-0.00021285167011559904,-0.000216
-0.00020871776764601197,-0.0002
-0.00022084460476126606,-0.0002
-0.00019617945348833924,-0.0002
-0.0002082050485530356,-0.0002
-0.0001917177816059004,-0.0002
-0.00020028528905008614,-0.0002
-0.00024729564371542176,-0.0002
-0.00019219389340375986,-0.0002
-0.00019570012671790216,-0.0002
-0.0002087177873697701,-0.0002
-0.00017536221019189864,-0.0002
-0.00020470013673068902,-0.0002
-0.00021655614692285563,-0.0002
-0.00021738403194722914,-0.000218
-0.00012066587186702585,-0.0002
-0.0002291942632967415,-0.000216
-0.0001969377925414939,-0.0002
-0.00021294983525988614,-0.000216
-0.00021285167011559904,-0.000218
-0.00022916704451050152,-0.000216
8.814476273967432e-05,-0.0002
-0.00021268743038152656,-0.000166
-0.00014570012368799704,-0.000168
0.00010707849068300838,-0.000166
-0.00017536221019189864,-0.000166
-0.00015005189479005255,-0.000184
-0.00017119424479199532,-0.000166
-5.8849720360164916e-05,-0.000168
5.2011653888732725e-05,-0.000116
-8.330305819437377e-05,-8.4e-05
-8.38027990544908e-05,-8.2e-05
0.00023559059445902209,-0.0001
-0.00039221814602214046,-8.4e-05
-0.00017154173796299197,-0.0001
-0.00020989277108997737,-0.0001
-0.00014217138556581142,-0.000116
-0.00013803935685324808,-6.8e-05
-9.643543222361238e-05,-3.2e-05
-9.617944742852895e-05,-3.4e-05
-0.00010479592896418844,-3.4e-05
-4.237635373158233e-05,-1.6e-05
9.85876593486109e-05,0.0
-2.5229115044100577e-05,-1.6e-05
-9.629467362361138e-05,-1.8e-05
2.4531252953488355e-05,0.0
2.4541866492656354e-05,0.0
4.165252654610725e-05,0.0
7.794959999690226e-06,1.8e-05
2.0658775338028045e-05,0.0
-3.0436709873941857e-05,0.0
-0.0001304243491373953,1.6e-05
-8.717762922800714e-06,1.6e-05
-4.70010735278007e-06,1.8e-05
5.429989336256306e-05,3.2e-05
1.1460617985447895e-05,1.8e-05
2.477088582851851e-05,3.2e-05
0.0001277411736796861,1.8e-05
4.1623646033243595e-05,3.2e-05
0.00012267219742208708,3.4e-05
0.00020947992839917272,3.4e-05
3.2991159900584415e-05,5e-05
2.9299892136532734e-05,3.2e-05
3.820546303932482e-06,3.4e-05
-1.7452979017022655e-05,3.4e-05
-4.253046531584742e-05,1.6e-05
3.731258415163169e-05,3.4e-05
3.731258415163169e-05,3.2e-05
7.477088608477016e-05,5e-05
7.826554155288142e-05,3.4e-05
-3.40088353331067e-05,5e-05
6.644383837253806e-05,5e-05
4.582054495361056e-05,6.6e-05
8.257529118820925e-05,6.8e-05
6.608722296339942e-05,6.6e-05
0.00010814486552899082,6.6e-05
5.779495809865583e-05,6.8e-05
6.694248949501758e-05,6.6e-05
0.0001402535215097611,5e-05
0.0001027958513532507,6.6e-05
0.00016583138969084257,8.4e-05
5.3403379521724394e-05,6.6e-05
8.731258286696473e-05,8.4e-05
7.883296448907263e-05,8.4e-05
0.00015404472823231336,6.6e-05
7.016999405546564e-05,8.4e-05
9.054896065310822e-05,6.6e-05
1.2050161116398599e-05,5e-05
3.3197200133656616e-05,5e-05
5.382054686836785e-05,8.4e-05
6.621390373102449e-05,6.6e-05
5.77949605641256e-05,8.4e-05
1.214834844991362e-05,6.6e-05
1.189206533298825e-05,5e-05
-8.248068596040173e-05,3.4e-05
4.1282236408899776e-05,5e-05
5.803669494394935e-05,5e-05
0.00012791765200568747,5e-05
0.0001538268004285705,8.2e-05
5.765252791015206e-05,0.000118
-2.092161391720127e-05,0.0001
3.229107435074325e-05,0.000132
0.00014994810366562015,0.000134
0.00016694248815841856,0.00015
0.00018731259385771455,0.000166
0.00016619719637127672,0.000168
0.00014553058341578866,0.00015
0.00015811656989689755,0.000166
0.0001497147124354917,0.00015
0.0001331971991052413,0.000134
0.0001247934580249326,0.000132
0.00014563695364346404,0.00015
0.00020363694256257295,0.000168
0.00021669693039941983,0.000182
0.00021231257564890895,0.000218
0.00021214833591483648,0.000232
-9.690474572292617e-06,0.000234
8.714834806383178e-05,0.000284
0.00024128223989937613,0.000266
0.00032038993403924636,0.000234
8.299116169775467e-05,8.2e-05
0.0001495998905774512,0.000184
0.0002582822259394877,0.000284
0.0002831971983330776,0.000282
0.00032431762461742865,0.000234
0.00028344384392867947,0.00025
0.00026231259840257224,0.000266
0.00027015541552499853,0.000268
0.00022454183824020943,0.000266
0.000232991160925591,0.00025
0.00024137746620369964,0.000266
0.0003783060082293279,0.000268
0.00027080572755479364,0.000266
0.00027080574727855175,0.000266
0.00025755341335227596,0.000268
0.0005536806321724418,0.00025
0.00026619719256920795,0.000266
0.0003159710035407075,0.00025
0.0005329956169506045,0.000266
0.00022479347394662193,0.000234
0.00023321392105007938,0.00025
0.0002582822259394877,0.00025
0.0002582822259394877,0.000266
0.00029823995640495567,0.000268
0.00024088204484661634,0.00025
0.00027080574727855175,0.00025
0.00022454183824020943,0.000266
0.00034506220558886346,0.000266
0.0002203261807931118,0.000268
0.00020387118191430166,0.00025
0.00022083296303488655,0.000216
0.0002494808341712199,0.000234
0.00023298039175364388,0.000216
0.00029064713791701586,0.00025
0.00021982679496064137,0.000234
0.00022083296303488655,0.000216
0.00018731258399583547,0.000184
0.00018731258399583547,0.000182
0.0001747708872136409,0.000168
0.00025703787376188484,0.00015
0.0002949391657556505,0.000166
0.00019582055527606084,0.000166
8.687510498037159e-05,0.000168
0.00017038991508765188,0.000182
0.00020779494746461308,0.000184
0.00022080572452488846,0.0002
0.00017479346105483772,0.000184
0.00019128223686947098,0.0002
-0.0002687314635148023,0.000216
0.00020779494746461308,0.0002
0.00017080574121874147,0.0002
0.00018269693859543858,0.000184
0.00020415540126916948,0.000182
0.00019128224673135006,0.0002
0.00018714834426176297,0.000184
0.00018731258399583547,0.000184
0.00019103669580432527,0.0002
0.00019179496582432643,0.000182
0.00019103669580432527,0.000184
-4.7988349705607776e-05,0.000166
3.6323549859540005e-05,0.000168
0.00013102328593002805,0.00015
0.00018308721259785148,0.000166
0.00020753058993419716,0.000184
0.0002403913374677297,0.0002
0.0002619698586572885,0.000232
0.00017080574121874147,0.000234
0.0002523178600952643,0.000234
0.00021216261591573338,0.000232
6.149062578243094e-05,0.00025
0.00022479345422286376,0.000234
0.00019500556958951408,0.000216
0.0002326969416253437,0.000218
0.00021231257564890895,0.000216
0.0001834438378688692,0.0002
0.00021231257564890895,0.000216
0.00021231257564890895,0.000218
0.0001997147154653968,0.000216
0.00021231257564890895,0.000216
0.0002573695879263656,0.000234
0.0002286446560669602,0.000234
0.0002538205343332907,0.00025
-3.693373059968658e-05,0.00025
0.00023301086495997774,0.000232
0.00028714834045969416,0.000268
0.00024968016247103213,0.000266
0.0002664438381648098,0.000266
0.00024971471849530194,0.000268
0.00028714834045969416,0.000266
0.0002747934769765271,0.000266
0.00026987906594963046,0.000268
0.0002873125999175248,0.000282
0.00026619719256920795,0.00025
0.00022865877827779192,0.000284
0.00041472072057171334,0.00025
0.0002038205510271437,0.000234
0.00024128222017561797,0.00025
0.00034472009700384036,0.000232
0.0002664438381648098,0.000268
0.00022929987931253335,0.000266
0.00019892878287459747,0.000316
0.00026975650251651815,0.000434
0.0004036369546821935,0.000416
0.00035627382087867845,0.000318
0.00036965067089012293,0.000266
2.2653833474383465e-05,0.000234
0.00022080572452488846,0.000216
0.000307310005482915,0.000234
0.00021621389556245152,0.000216
0.0002494808341712199,0.000234
0.00019948085086507288,0.00025
0.00022463777459982617,0.000232
6.04898580853729e-06,0.0002
0.0002161971895393028,0.000218
0.00025764136158984397,0.0002
0.00021216261591573338,0.0002
2.0044727286684646e-05,0.0002
0.00025705698608352725,0.0002
8.220512555722506e-05,0.0002
-6.492478579697651e-05,0.000182
0.0001497147124354917,0.000184
0.0001497147124354917,0.0002
0.00030679016611324836,0.000216
0.0003510127450786273,0.000168
0.00019994810669552528,0.000182
0.00019104744525251424,0.000184
-8.948382325108381e-05,0.0002
0.00018321390815829514,0.000184
0.0002035892505153786,0.000182
0.00018731259385771455,0.000184
0.00020321027822638274,0.000266
0.0002824910286202162,0.000218
0.00026231259840257224,0.000232
0.00010116957325386978,0.000218
0.0002787499050703264,0.000232
0.00022481883869959624,0.000268
0.0002621626386693967,0.000266
0.0005794370989835252,0.000284
0.0003497147048313541,0.0003
0.00030804743735243605,0.000282
0.0002618920681551651,0.00025
0.00017410482576296708,0.0003
0.00028249100889645806,0.000334
0.0002907450072049308,0.00035
0.0003075489588128403,0.000334
0.0003290447191132232,0.000332
0.0003325752718211582,0.000334
0.0003416525397945985,0.000316
5.1858612318347004e-05,0.000284
0.00024128223989937613,0.00025
3.068438903142579e-05,0.000234
0.00022054726439815786,0.000232
0.00026216261894563853,0.00025
0.00016107406853569094,0.000234
0.00029137744950984666,0.000266
0.0002451553942862878,0.000268
0.00030396523085294674,0.000282
0.00040326176935476146,0.000268
8.951308859909684e-05,0.0003
0.0002788057430296346,0.0003
0.0002871626401843492,0.000366
0.00029582056133587115,0.000384
0.00029553060236738314,0.00035
0.0002999481127553355,0.000316
0.00024055415709121574,0.000284
0.00031216262197554366,0.000282
0.0003202006254085717,0.000234
0.00020415540126916948,0.000166
0.00024030952331894468,0.00015
0.00020779494746461308,0.000218
0.00024128223989937613,0.00025
0.0002740353943322283,0.000216
0.00011032009526506026,0.00025
0.000348587669567197,0.000234
0.00023714833742978904,0.00025
-0.0003993869431574815,0.00025
0.000245820558305966,0.000282
0.00033675319771892464,0.000268
0.0002793261938358038,0.000266
0.00023714833742978904,0.000266
0.00019103669580432527,0.000268
0.00024971471849530194,0.000266
0.00020356457609393936,0.000284
0.0009129881370602852,0.000266
0.00023716263715444408,0.000234
0.0002620501343529382,0.000216
0.00029912740717892675,0.000234
0.0002080474312926258,0.000232
0.0002745418807176309,0.00025
0.00026214835866849976,0.00025
0.00024128223989937613,0.000284
0.00028714834045969416,0.0003
0.0002910366821403774,0.0003
0.0002829911639554961,0.000316
0.0002823470846332748,0.00035
0.00028077437133007587,0.000384
0.0003366960974390952,0.000384
0.00031214834197464673,0.000366
0.0003706446694055927,0.00035
0.0003706446299580764,0.000384
4.2247068417012795e-05,0.000382
0.0002673691782781772,0.0004
0.00034934662005685417,0.00035
0.00024128223989937613,0.000284
4.3575816090247845e-05,0.000316
0.00027811937596995066,0.000318
0.00025353059508856086,0.0003
0.00027477089327345117,0.000316
0.00031231258170871925,0.0003
0.0003082822289693928,0.000316
0.00025404473429212367,0.0003
0.00030779495352442333,0.000334
0.00031214834197464673,0.000334
0.0004788268003991958,0.000382
0.0003367740654550419,0.000368
0.00035397450404917995,0.000366
0.0003620612448885841,0.000366
0.0003703262096065854,0.00035
0.0004262694148882244,0.000334
0.00022793195779015278,0.000316
0.00034103668517028256,0.000318
0.000447478845391618,0.0003
1.3195121344164776e-06,0.0003
0.00033285477719782936,0.000282
0.00023731257716386154,0.000268
0.00027080574727855175,0.000266
0.0003036369486223832,0.0003
0.00036888365338338453,0.000284
0.0003243024767711734,0.0003
0.0002789652293379942,0.000282
0.0002664438381648098,0.000268
0.0002747934572527689,0.000266
0.00028249100889645806,0.0003
0.00027080574727855175,0.0003
0.00028308721865766176,0.0003
0.00015599932307883455,0.000316
0.00032477087657959813,0.0003
0.000303820557086954,0.000284
0.00011947605117161965,0.0003
0.00029971472152520706,0.000316
0.00029971472152520706,0.000334
0.000332696947685154,0.000334
0.000299480837201125,0.00035
0.00033319718163922463,0.000332
0.0003373125832236718,0.000334
0.0007908518416543368,0.000316
0.0003783899130964762,0.000334
0.0003288057263357816,0.000316
0.000303820557086954,0.0003
0.0003161971955991131,0.0003
0.00031214834197464673,0.000334
0.00023321392105007938,0.000366
0.0003162139016222618,0.00035
0.00046162085887653526,0.00035
0.0005318648144486417,0.00035
0.000353820540393101,0.000318
0.0002704582541075551,0.000316
0.0003373125832236718,0.000316
0.0003246378003833946,0.00035
0.00032064464665192946,0.00035
0.0002911448669538021,0.000334
0.00033714834348959934,0.000366
0.00046521563214099,0.000368
0.00035415543008264304,0.000366
0.00033299114726164313,0.000366
0.00032454184430001973,0.00035
0.0003623125650148662,0.000368
0.00040415541338879,0.000382
0.00036621388492840876,0.000384
0.0005029392130738703,0.000384
0.00031872970642115857,0.0004
0.00037714625125040847,0.000416
0.0005891570458923586,0.000416
0.00040366697424209,0.000434
0.0004161972016589233,0.000416
0.000231767341180217,0.000418
0.00042080569719699275,0.000366
0.0004078653339532946,0.000384
0.00040382054342300613,0.0004
0.0003915202161311096,0.0004
0.0003871483662432626,0.000416
0.00039971472758501737,0.0004
0.0004897783776616286,0.000416
0.0001045665221550708,0.0004
0.00012994809456415483,0.0004
0.00039545313350520026,0.0004
0.00020828222290958254,0.000384
0.00029439467168830276,0.0004
0.00032463778065963645,0.0004
0.0003288329648457797,0.000384
0.00039179492863455163,0.000416
0.0004246377867194467,0.000434
0.00040803669396405736,0.000432
-6.719356038698762e-05,0.000434
0.00042880573239559186,0.000334
0.00031620291548897507,0.000282
0.0002786587813076971,0.000284
0.0002246377943235843,0.000266
0.00027032620354677507,0.000268
0.0006218330015358317,0.000266
0.0002747934769765271,0.000266
0.00032880574605953977,0.000284
0.0002240677974369552,0.0003
0.0002785472631791459,0.0003
0.0002747934769765271,0.0003
0.0003859858084906866,0.000384
0.00029907809778356454,0.0004
0.000344849642647336,0.0004
0.00037932616044809777,0.0004
0.0004076525146029113,0.0004
0.00044153063330531524,0.000432
0.00035803669093415223,0.0004
0.0004076525146029113,0.000434
0.00041608722198350747,0.000434
0.0004246377867194467,0.000432
0.00039971472758501737,0.000434
0.0005638084663997114,0.00045
0.000527433911628909,0.000466
0.00044515542612966647,0.000484
0.0005082822608127715,0.0005
0.0004745312420078532,0.000516
0.0002274536369313811,0.0005
0.0004486558803826723,0.000518
0.00019691135799650573,0.0005
-0.0006352401716726187,0.000516
0.0006243175639018269,0.000534
0.0005166969683026089,0.00055
0.0005245312450377584,0.000582
0.0006783285509405602,0.000634
0.0006369698813815771,0.000616
0.0005946991852459743,0.0006
0.000607520219752896,0.000568
0.0006038961369838379,0.000516
0.0005740514873745472,0.000534
0.0005536991725050979,0.000532
0.0005370275081430662,0.000568
0.0005370275081430662,0.00055
0.0005157162636001288,0.000566
0.000553636963771909,0.0006
0.0005831971967887504,0.0006
0.0004620868918339827,0.000616
0.0006166137401030477,0.000618
0.0005831971967887504,0.000616
0.0005863874752211698,0.0006
0.0005456369680208261,0.000566
0.0005994808553805559,0.000584
0.0004960331758445354,0.000584
0.001267055315541646,0.0006
0.0005611516367300787,0.000616
0.0005956669511631115,0.000616
0.0006288057050676961,0.000634
0.0006161971743310277,0.000634
0.000624770894759029,0.000632
0.0006036669863617106,0.000634
0.0006082822668725818,0.000616
0.0007363106011016364,0.000634
0.00048299115635135856,0.0006
0.0006206446451076022,0.0006
0.0006121483601540776,0.000616
0.0006121483601540776,0.000618
0.0006082822668725818,0.0006
0.000469959393212417,0.000582
0.0007016437293110183,0.00055
0.0004656215470836118,0.000534
0.0003550129796392665,0.000516
0.0006143066126653239,0.0005
0.0004700540672515125,0.0005
0.0005162138545706079,0.000484
0.00041679416092293655,0.000484
0.0004917949741418782,0.000466
0.0004911448790734227,0.0005
0.00048319719072894006,0.000516
0.0005484550196895352,0.0005
0.0005285472783286716,0.000534
0.0005041554194486004,0.000516
0.0005161972077187336,0.00055
0.0005245312450377584,0.000568
0.000541520225220825,0.000566
0.0005494808523506508,0.000566
0.0005623126165820032,0.000568
0.0005669424926739015,0.000566
0.0005664438366204824,0.000584
0.000258466860039482,0.000582
0.0010303927817823075,0.0006
0.0005994808159330396,0.000634
0.0007780290320091822,0.000634
0.0007697769271814914,0.00065
0.00035826923404268045,0.000666
0.0005993391204545267,0.00065
0.0006497147032870268,0.00065
0.0005910367200435664,0.00065
0.0006538205191250156,0.000634
0.000645820562821449,0.000632
0.0006787565170447879,0.0006
0.0004736782683631193,0.0006
0.0012827869850380086,0.000618
0.0006082822668725818,0.000582
0.0005538205525127216,0.000584
-0.000187443347359531,0.000616
0.0006658313410948614,0.0006
0.0005487507182716433,0.000634
0.0004072729111536547,0.00065
0.0006245312116500523,0.000666
0.0006368920514319374,0.000634
0.0003464378391006787,0.00065
0.0006497147032870268,0.000666
0.000535924950062767,0.00065
0.0006497147032870268,0.000684
0.0007928621659794964,0.000666
0.0006661972168084491,0.000684
0.0006706446481375073,0.000684
0.0008445580571822153,0.0007
0.0006703980617131799,0.000682
0.0006873126044330078,0.000684
0.0005062586426746223,0.0007
0.0006792999065816797,0.0007
0.0005937702751323828,0.000684
0.00034103668517028256,0.000666
0.0006660009259673911,0.00065
0.0005915202282507302,0.000616
0.0006533774051745325,0.000618
0.0005740514873745472,0.000616
0.0001568032240133039,0.000616
0.0006164438002028714,0.000584
0.0006081448317258282,0.000566
0.0005413695751561145,0.0006
0.0005910367200435664,0.000618
0.0005956369316032149,0.000616
0.000632596926963274,0.000584
0.0005783899252160968,0.000566
0.0005098171242240904,0.00055
0.000478477926565129,0.000566
0.0006035645806094224,0.000618
0.000570644642077697,0.0006
0.0006113351101582476,0.000582
0.0005910146688819604,0.000568
0.00047083295846065407,0.000466
0.0005527081720008662,0.000334
0.00031599118094528973,0.0003
-6.85585036218883e-05,0.0003
0.00032477087657959813,0.00035
0.0004293261634780029,0.000382
0.000399480803813419,0.000368
0.00033158750601326216,0.000366
0.0003162139016222618,0.000366
0.00041608722198350747,0.0004
0.0004954092739268964,0.000434
0.0004910474437081869,0.00045
0.00041169612170771104,0.00045
0.00022761825141685835,0.000434
0.00044179497111197303,0.000432
0.00048290125546173417,0.000434
0.00040382054342300613,0.0004
0.00039971472758501737,0.0004
0.00037045820099609097,0.0004
0.0004494808068433241,0.0004
0.0003034531626439892,0.0004
0.0003867531810250716,0.0004
0.0004246377867194467,0.0004
0.00039994809909138767,0.000416
0.0003992820672263511,0.000418
0.000338417448983674,0.0004
0.00040828225475296123,0.0004
0.00040429990964095945,0.000382
0.00010357204040752648,0.0004
0.0003708057336146039,0.000384
0.0003912822292653334,0.000366
0.00040382054342300613,0.0004
0.0003996801715607475,0.0004
0.0003871483662432626,0.000418
0.0004121626280353539,0.000416
0.00041231256804477134,0.000416
0.00043714836927316776,0.000418
0.0006973104196465864,0.0004
0.0004246377867194467,0.000416
0.0003911313030680087,0.0004
0.00041231256804477134,0.000416
0.00038731258625357694,0.0004
0.00040779495958423364,0.0004
0.00040415545283630633,0.0004
0.00040382054342300613,0.0004
0.00040779495958423364,0.0004
0.00018299115789568586,0.000384
0.00017916998547336507,0.0004
0.0004578213530025366,0.0004
0.00038731258625357694,0.000384
0.00039582054767192324,0.0004
0.00039971472758501737,0.000416
0.00039153059082789384,0.000416
0.00040366697424209,0.000418
0.0003996801715607475,0.000416
0.0004288329906293481,0.000434
0.00042080569719699275,0.000416
0.00041231256804477134,0.000416
0.0004412822322952385,0.000434
0.0004247934466187262,0.000434
0.0004370501844051225,0.000416
0.00045382058590042753,0.000434
0.00037880568991817046,0.0004
0.0004201944973795989,0.0004
0.0003621483450045519,0.0004
0.0004161972016589233,0.0004
0.0003784582361946901,0.000416
0.0004370501844051225,0.000416
0.00044482678887145633,0.000418
0.00041231256804477134,0.000432
0.0004203262126364905,0.000418
0.00043731258928348207,0.000432
0.00040382054342300613,0.000434
0.0004159803981093947,0.000434
0.0004293261634780029,0.000432
0.00041621388795831394,0.00045
0.0003701554018610506,0.000418
0.00042015544433847207,0.00045
0.00045803669699396254,0.00045
0.00043321391344594177,0.000416
0.0004166969622427985,0.00045
0.0004329911927689697,0.000434
0.00040828225475296123,0.000416
0.00040813128910812026,0.0004
0.0004035306041782763,0.0004
0.00041214834803445703,0.0004
0.0003996801715607475,0.000384
0.0005203285066522457,0.000382
0.00041608722198350747,0.000384
0.0004412822322952385,0.000384
0.00038344381054097345,0.000382
0.00042453127842546434,0.0004
0.00047477088566931356,0.0004
0.00040828225475296123,0.0004
0.00042477088263940843,0.000384
0.00037479344358882106,0.0004
0.00042080569719699275,0.000384
0.00039582054767192324,0.0004
0.00038731254680606067,0.000382
0.0003494808599547883,0.000384
0.00038294247205644666,0.000384
0.0003235004693174859,0.000382
0.00037479344358882106,0.000384
0.00038731254680606067,0.0004
0.00027334752826692533,0.0004
0.00040382054342300613,0.000416
0.00039994809909138767,0.0004
0.00042053978148968334,0.0004
0.00040382054342300613,0.0004
0.00040382054342300613,0.000384
0.00044546220946385206,0.0004
0.00040779495958423364,0.0004
0.00040382054342300613,0.000384
0.0006631962864542207,0.000382
0.00043249099826241533,0.000418
0.00041214834803445703,0.0004
0.0003956369589311106,0.0004
0.00039128226871284967,0.0004
0.00035429986716353806,0.0004
0.0005659628925018776,0.000382
0.0004243859143279365,0.0004
0.00043269695374496424,0.000418
0.00039582054767192324,0.0004
0.0003996801715607475,0.0004
0.0003705472734878733,0.000382
0.0004203262126364905,0.000418
0.00035415543008264304,0.0004
0.00037045824044360724,0.000432
0.0002895121342545683,0.000434
0.0004206587551988133,0.00045
0.00048271364307426,0.000484
0.0004865606832053878,0.000482
0.0004286446681865807,0.000484
0.0005360095649852085,0.000466
0.00045382058590042753,0.000468
0.0004331971876990349,0.00045
0.0003829709926107242,0.00045
0.00045828225778286636,0.000482
0.0004325752976047266,0.000468
0.0005080367000238677,0.000466
0.00048299119579887483,0.000466
0.0005288056990078859,0.0005
0.0004870612327395888,0.000484
0.00047864467121648584,0.000484
0.00048716265230396976,0.000482
0.0004873125923133872,0.0005
0.0004873125528658709,0.000518
0.0005161972077187336,0.0005
0.00045828225778286636,0.000482
0.0003731588568563216,0.000484
0.000495636964990921,0.0005
0.00048299115635135856,0.000516
0.0005161971682712174,0.000534
0.0005080367000238677,0.000534
0.0004979429484506724,0.000532
0.0005782655077497189,0.000534
0.0004997146941973113,0.000516
0.00047032617621887936,0.0005
0.0004950447394288626,0.000484
0.00047065879767623474,0.000466
0.00048696987229186165,0.000434
0.00043731258928348207,0.00045
0.00021997452590914659,0.00045
0.0006018793827135231,0.000416
0.00031599116122153157,0.000318
0.00028223976766520847,0.000282
0.00034515540034609805,0.000334
0.0004453774367513453,0.000384
0.0004287564624477459,0.000382
0.0003196008061996275,0.000368
0.0002328547711380191,0.000332
0.00026138747525054445,0.0003
0.0003618920939387335,0.00035
0.0003661971986290182,0.000384
0.00040779495958423364,0.0004
0.00040382054342300613,0.000384
0.0003832138709685203,0.0004
0.00039179492863455163,0.000382
0.0003912822292653334,0.00035
0.00038666679096439703,0.0004
0.0003950447333690522,0.000418
0.00036649100373034447,0.000382
0.0003743779428997408,0.0004
0.0003829189218892217,0.000384
0.00034566697546110204,0.000384
0.00021563076265289791,0.000382
0.00040366697424209,0.0004
0.00039971472758501737,0.0004
0.0003953774337214402,0.0004
0.00044504477584647367,0.000418
0.00040429990964095945,0.0004
0.0005578819898948844,0.0004
0.00023052462607454018,0.000382
0.0003701554018610506,0.000368
0.0003871626462441595,0.000382
0.0004078213499726315,0.00035
0.00034529987687450934,0.000368
0.0002706587855566142,0.000366
0.00035266356446408,0.000384
0.00038299477946304695,0.000316
0.00035429986716353806,0.000366
0.00038651969117615243,0.000434
0.00037395230419897416,0.0004
0.00037791764743145504,0.000384
0.00040366697424209,0.0004
0.0003956369589311106,0.000432
0.00039951137563854356,0.000434
-9.439223825550437e-05,0.000434
0.00028801048565196537,0.000416
0.00040429990964095945,0.0004
0.0003996801715607475,0.000416
0.00040415541338879,0.0004
0.00040429990964095945,0.0004
0.00040382054342300613,0.000418
0.00039128226871284967,0.0004
0.0004169424835841861,0.0004
0.00040779495958423364,0.0004
0.0003208057305846987,0.000366
0.00042865879039741245,0.000384
-0.00025632184687902497,0.000366
0.0001398783854917244,0.0004
0.0003786446651566756,0.0004
0.0003871483662432626,0.000416
0.0003952998799044145,0.000418
0.0003439357817612089,0.000382
0.0003824909952325102,0.000418
0.00044103667150633465,0.0004
0.00039566697849100716,0.000416
0.0004036369546821935,0.000384
0.0003790447418668865,0.0004
0.00040828225475296123,0.000382
0.00038731254680606067,0.000384
0.0004016633559946997,0.000384
0.00040412634056928446,0.000416
0.00039128226871284967,0.0004
0.00038731254680606067,0.000416
0.00036608721895360234,0.0004
0.00040779495958423364,0.0004
0.00040828225475296123,0.0004
0.00022286825763785754,0.000384
0.00039582054767192324,0.000384
0.00041231256804477134,0.000416
0.0004370501844051225,0.000416
0.00039582054767192324,0.0004
0.00040366697424209,0.000368
0.00039971472758501737,0.000382
0.0004161972016589233,0.000384
0.00040429990964095945,0.0004
0.00042454185035983,0.0004
0.00040382054342300613,0.0004
0.0004541554164186952,0.000416
0.0006638066184262561,0.000418
0.00040828225475296123,0.000416
0.00041231256804477134,0.000416
0.00026949305227897687,0.000418
0.00036181501349190326,0.0004
0.00039179492863455163,0.000416
0.0006139113879996166,0.000416
0.0008609040822972749,0.0004
0.0003832138709685203,0.0004
0.00041231256804477134,0.0004
0.00040382054342300613,0.0004
0.00040382054342300613,0.000418
0.00038696986623205134,0.0004
0.00038273608265121855,0.000416
0.00040828225475296123,0.000384
0.00042477088263940843,0.000416
7.000301271901101e-05,0.0004
0.00040366697424209,0.0004
0.00039566697849100716,0.0004
0.00040382054342300613,0.000416
0.0004527389744512782,0.000384
0.0003871483662432626,0.000384
0.00038111893172091923,0.0004
0.00038696067496075585,0.0004
0.00039179492863455163,0.000382
0.0003912822292653334,0.0004
0.0003952998799044145,0.000384
0.0004497147306149225,0.0004
0.0003912822292653334,0.000366
0.0003871483662432626,0.000384
0.00030788203391663306,0.000366
0.0003786446651566756,0.00035
0.0003661971986290182,0.000368
0.00040382054342300613,0.000366
0.0003204582571374602,0.000334
0.0002791554058140272,0.000332
0.00011427763775119482,0.00035
0.00034515540034609805,0.000368
0.0002726987546902655,0.000366
0.0004408286253054224,0.0004
0.0003705472734878733,0.0004
0.0003830872049937139,0.000384
0.0005720185990700699,0.000366
0.00038319718466912976,0.0004
0.00039971472758501737,0.000384
0.0003202006254085717,0.0004
0.0003871483662432626,0.000416
0.0006229243170739883,0.00045
0.00048680790078997583,0.00045
0.00035315606670495783,0.00045
0.0009297307675041222,0.000484
0.00047915543765740586,0.000482
0.00029933910227509586,0.00045
0.00042845823922459526,0.000418
0.00045782861134553395,0.000416
0.0003536369713760465,0.0004
0.00041206120847097293,0.0004
0.000382594702752836,0.0004
0.0003666969592128934,0.000366
0.0003241048052670453,0.000384
0.0003871483662432626,0.000434
0.0003953774337214402,0.000466
0.00037304647088241203,0.0005
0.00044493917484536593,0.000466
0.0003323715648470378,0.00045
0.00047004475763766807,0.00045
0.0004659912097587633,0.000434
0.00023890805168395965,0.000434
0.00014216202193349765,0.00045
0.00044179497111197303,0.000416
0.0004331972271465512,0.000434
0.0004331972271465512,0.000466
0.0005158313714526623,0.000584
0.0004733768104436329,0.000866
0.0009897619188988709,0.001166
0.000763788478628573,0.001368
0.000988624173634041,0.001516
0.0012229587516670547,0.001566
0.0014001438193702877,0.001484
0.0012906594469689267,0.00135
0.0014770155099443046,0.001216
0.0014006982936592568,0.00115
0.0012968166519965326,0.001134
0.000957665368374662,0.001084
0.0011448289220084918,0.00095
0.0010775496839706598,0.0009
0.0010146355502953892,0.0009
0.0009566327112932282,0.001
0.0009364706912423608,0.001
0.0009487591448318541,0.001016
0.000977856342902486,0.000984
0.0009997146061538138,0.00095
0.0009868919542987244,0.000832
0.0009437743988834128,0.000784
0.0008854617390883121,0.000634
0.0007971905052568758,0.000566
0.000701319549622149,0.000516
0.0006224975738427656,0.000484
0.0005485950978198802,0.000416
0.0004941497936267964,0.000384
0.00044869722137974404,0.000266
0.00038554297067281757,0.000134
0.00029724887700569133,-6.6e-05
0.00017535719564825582,-0.00015
4.1942280880604494e-05,-0.000284
-9.526035974649346e-05,-0.000434
-0.00023695798814900673,-0.000566
-0.00036237708613683214,-0.000584
-0.0004699880170945593,-0.000666
-0.0005645640291120416,-0.00075
-0.0006433135003564843,-0.000916
-0.0007320474535539997,-0.00105
-0.0008491808571540136,-0.001218
-0.0009877678713832547,-0.001266
-0.0011159453172238847,-0.001334
-0.0012196005301431056,-0.0014
-0.0013062076310523412,-0.001482
-0.0013724826142204683,-0.001518
-0.001435276432971055,-0.001582
-0.0014971310852538147,-0.00165
-0.001559589126745743,-0.001684
-0.0016100843144476336,-0.0017
-0.0016551250151771043,-0.00175
-0.0016968948856458921,-0.001816
-0.0017387767870609427,-0.001834
-0.0017763254577065942,-0.00185
-0.0018378517488637578,-0.00185
-0.0018134446237948825,-0.00185
-0.0018461794351326598,-0.001834
-0.0018461794351326598,-0.0018
-0.0018340089296168729,-0.00175
-0.0018094511150357707,-0.00175
-0.0017843841119143998,-0.001716
-0.0017547448260749137,-0.00165
-0.0017175136290403625,-0.001584
-0.0016765794147566575,-0.001582
-0.0016343693100060758,-0.001584
-0.0016007178961797892,-0.001566
-0.0015791942267616313,-0.001518
-0.0015631619671911405,-0.001516
-0.001546738072678925,-0.001466
-0.0012305747502798887,-0.001368
-0.0014685093875445396,-0.001316
-0.0014184531718039216,-0.001284
-0.0010620285308540513,-0.00125
-0.0013055788376426824,-0.001232
-0.0012713009183626814,-0.001268
-0.0012589853248819807,-0.00125
-0.0010056810674254745,-0.0012
-0.0009312711385530374,-0.00115
-0.0012181419976758073,-0.001116
-0.0011550849062015025,-0.00105
-0.0011802588909870513,-0.00105
-0.0010925725849271596,-0.001034
-0.0007571876712656043,-0.000982
-0.0010296940329115826,-0.000968
-0.001009352842241727,-0.00095
-0.0009842773973518701,-0.000916
-0.0009546145218976428,-0.0009
-0.0009341686375195542,-0.0009
-0.000917008889038469,-0.000866
-0.00089595527622442,-0.00085
-0.0006722230860396421,-0.000834
-0.0008597270717390526,-0.0008
-0.000838108018226506,-0.0008
-0.0008215417181804842,-0.000716
-0.0007885811092594642,-0.0006
-0.0006215269132422551,-0.000434
-0.0002421346659879559,-0.000284
-0.00030066089463624953,-0.000316
-0.0002584694091133567,-0.00035
-0.0003007771464667555,-0.000384
-0.0003344274952101023,-0.000416
-0.0004722587739222639,-0.000466
-0.0005172837745402513,-0.0005
-0.0003731524513439985,-0.000518
-0.0004050607977679888,-0.0005
-0.00048358119728533685,-0.0005
-0.0004306743462275544,-0.000482
-0.00014485208098279943,-0.00045
-0.00048350896888301034,-0.000434
-0.000881847187603512,-0.000416
-0.00044610384774913743,-0.0004
-0.0004891419953141577,-0.000384
-0.0004089633011070201,-0.00035
-0.00025077714343685033,-0.00035
-0.00037154176980637064,-0.000334
-0.00035495527263200855,-0.000316
-0.00033785161851908747,-0.000316
-0.00030820503488908775,-0.0003
0.0009346295967620844,-0.0003
-0.0003293553335655629,-0.0003
-0.000292178633274766,-0.0003
-0.0003000518841560098,-0.000284
-0.0002717344451398778,-0.000284
-0.000292205043386922,-0.000282
0.00025021769405175477,-0.000268
-0.00027967379033466515,-0.000266
-0.00020468283899479595,-0.000284
-0.00027119425085180563,-0.000266
-0.00025454684671229205,-0.000266
-0.00027070011153900174,-0.000234
-0.00026294983828979127,-0.000216
-0.0002460347630284935,-0.00025
-0.00020484459353534216,-0.0002
-0.00010953045931680364,-0.0002
-0.00016716860603086556,-0.000168
-0.00015470011397702573,-0.00015
-0.00018560641459222315,-0.0001
-0.00015539920286071314,-0.000116
-0.00013416862848858826,-6.6e-05
-5.028528489131025e-05,-8.4e-05
-5.028528982224979e-05,-5e-05
-7.961009019999474e-05,-6.6e-05
-6.368944737684589e-05,-3.4e-05
-2.5229115044100577e-05,-3.4e-05
-6.368944737684589e-05,-1.6e-05
-7.520653437092981e-05,-6.6e-05
-3.305751409932292e-05,-5e-05
-3.330305516446863e-05,-1.8e-05
7.248577382500076e-06,-6.6e-05
-9.609567076580853e-05,-0.0001
-0.00017978620969628071,-0.000116
-0.00010048865466050779,-0.000118
-0.00018803014888809958,-0.000166
-0.0001714527246424841,-0.000166
-0.00021268743038152656,-0.000184
-0.00020885514362149112,-0.000184
-0.00019595527325326443,-0.0002
-0.00022117322229571804,-0.0002
-0.00023355615268672535,-0.000216
-0.00020896330871115768,-0.000234
-0.0002591938627500184,-0.000232
-0.0002208445850375079,-0.0002
-0.00019220503732711173,-0.0002
-0.0003138483571219868,-0.000234
-0.00026268741368767353,-0.00025
-0.0002252291173018421,-0.000234
-0.000254700120036836,-0.000232
-0.00029028339707838185,-0.000234
-0.00043856771534210603,-0.000216
-0.00022536221322180377,-0.000234
-0.00024617943679448623,-0.000216
-0.00030226416004081486,-0.000234
-0.00030759687253044827,-0.000216
-0.00041042416097777934,-0.000218
-0.00023380279828232715,-0.000216
-0.00015935288935213038,-0.0002
-0.0002417177649120474,-0.000216
-0.00035763908440278346,-0.0002
-0.00020005189781995767,-0.0002
-0.0002041794492394221,-0.000218
-0.00017522911427193694,-0.0002
-0.00022935534722951076,-0.0002
-0.00020028528905008614,-0.0002
-0.0001799552817510987,-0.000166
-0.00018812490182222762,-0.000184
-0.00020005189781995767,-0.0002
-0.000187687428866574,-0.000182
-0.00013420030484416893,-0.000168
-0.0001837860892292733,-0.000182
-0.00017536221019189864,-0.000184
-0.0003194633560381898,-0.0002
-0.0002252291173018421,-0.000216
-0.00021680279251845742,-0.0002
-0.00021268743038152656,-0.000218
-0.0002041794492394221,-0.0002
-0.00020436305770399286,-0.0002
-0.00020005189781995767,-0.0002
-0.00015051913089674678,-0.000216
9.704900257771387e-06,-0.0002
-0.000200285269326328,-0.0002
-0.00022536221322180377,-0.0002
-0.0002128516503918409,-0.000216
-0.00023380279828232715,-0.000234
-0.0001881849606657788,-0.0002
-0.00030539921195042854,-0.000216
-0.00021268743038152656,-0.0002
-0.00019633302266925534,-0.0002
-0.0002041794492394221,-0.000218
-0.0001837860892292733,-0.000182
-0.0002041794492394221,-0.000184
-0.0002291942632967415,-0.0002
-0.00014210994605919007,-0.000184
-8.86981963785357e-05,-0.000166
-0.00017067379398582618,-0.000184
-0.0003459631323987215,-0.000166
-0.00015484459050543704,-0.00015
-0.0001168028061824053,-0.0001
-9.246940852147552e-05,-0.000116
-0.0001168028061824053,-0.000118
-0.00015917137160592295,-0.000116
-0.0001168028061824053,-0.0001
-0.00011268742432171627,-0.000116
-6.458149020052921e-07,-8.4e-05
-0.00034233187018169875,-0.0001
-7.11942584559432e-05,-6.6e-05
0.00029417496874632683,-8.4e-05
5.370533300063426e-05,-3.4e-05
-6.359413231561071e-05,-1.6e-05
1.9965238075890975e-05,0.0
-5.945103857472811e-05,0.0
-4.260864536219421e-05,0.0
7.004472600201768e-05,-1.6e-05
-8.38027990544908e-05,-3.4e-05
-3.305751409932292e-05,-5e-05
-3.330305516446863e-05,-3.4e-05
2.8213790700967465e-05,-1.6e-05
2.4793466449757195e-05,1.6e-05
-2.1610081557127657e-05,0.0
-8.96330645341619e-06,1.8e-05
-6.728376699486326e-05,1.6e-05
1.9965238075890975e-05,0.0
8.282237910129453e-06,0.0
8.282237910129453e-06,1.6e-05
3.321390430770301e-05,3.4e-05
1.214834844991362e-05,5e-05
6.649101020561132e-05,5e-05
-0.00045889060236440314,6.6e-05
7.004472846748746e-05,6.8e-05
5.8282238474564825e-05,5e-05
6.231258628295171e-05,8.2e-05
8.29012361534326e-05,8.4e-05
0.0001286446500071499,8.4e-05
4.971471130662095e-05,0.0001
8.731258286696473e-05,8.2e-05
-5.1046824124223914e-05,8.4e-05
9.52998913106209e-05,8.4e-05
6.395327505312722e-05,6.6e-05
0.0001615606635110044,8.4e-05
0.00013621131479178957,0.0001
9.128223574060026e-05,0.0001
8.714834806383178e-05,8.2e-05
-0.00027478758428191573,0.0001
7.065877343699365e-05,8.4e-05
7.463780002668753e-05,0.0001
0.00010415541000217783,0.000116
0.00010779496112856097,0.000118
0.0001415305954021263,0.000116
0.00012065877646689879,0.000116
-0.00021178473314250947,0.0001
7.880574077189314e-05,8.4e-05
1.2061232308392302e-05,8.4e-05
0.00015315607430909544,0.0001
0.0001708057313568624,0.000166
0.00010765945891010559,0.0002
0.00021644383513490462,0.000216
0.00022838992373051895,0.000218
0.0001817457800826595,0.000216
0.00017777685698807533,0.000234
0.00023716263715444408,0.000232
0.0002203261807931118,0.000234
0.0002331971953031725,0.000234
0.0002042998777975808,0.000216
0.00021644383513490462,0.000216
0.00023714833742978904,0.000218
0.0003452040588574415,0.000232
0.0002203261807931118,0.000234
0.00026608721289379203,0.000234
0.00015370532180215615,0.000216
0.00020346222951292555,0.000234
0.00026583139575065285,0.000266
0.0005286393882792082,0.000234
0.0002246377943235843,0.000216
3.100818672657297e-05,0.000216
0.00023249100586655294,0.0002
0.0001952998875085521,0.0002
-0.00018342899058806009,0.0002
0.00019948085086507288,0.0002
0.00026187512544691865,0.000234
0.0002456369301176371,0.000216
0.00026518159653856954,0.000234
0.0001997147154653968,0.000216
0.0002326969416253437,0.000218
0.00017080574121874147,0.0002
0.00020415540126916948,0.000182
0.00021231257564890895,0.0002
0.00019968015944112698,0.000218
0.00023731257716386154,0.000216
0.00024128223989937613,0.00025
0.00032004472882419453,0.000284
0.00024130999122708597,0.000282
0.00028269694465524886,0.000268
0.00026619719256920795,0.00025
0.00023298039175364388,0.000232
0.00023731257716386154,0.000234
0.00019128224673135006,0.00025
0.00015366697881632248,0.00025
0.00041175316281626606,0.00025
0.00019922284438477958,0.000266
0.00024128223989937613,0.00025
0.00024582053858220786,0.00025
0.0001496801662731009,0.000218
0.00024165253373478824,0.00025
0.0002042998777975808,0.000232
0.00017745044851453557,0.000284
0.00024538541275377347,0.000266
0.00023210236893606606,0.000284
0.0002659710005108024,0.00025
0.00023703804217424282,0.000266
0.00022880572027597133,0.00025
0.0002708329660647917,0.000284
0.00025752023799107624,0.000284
0.00022477087051978788,0.000266
0.0002200447424881424,0.00025
0.00020828222290958254,0.000266
0.00026231259840257224,0.00025
0.00021196066435608788,0.00025
0.000253820573780807,0.000268
0.00025828224566324585,0.000282
0.00026621389859235667,0.000284
0.00021694247146456555,0.00025
0.0003198819092007085,0.000266
0.00024128222017561797,0.00025
0.0002534531398903259,0.000268
0.0003987507486294441,0.000266
0.00023731257716386154,0.00025
0.00025762364965502987,0.00025
0.00029582056133587115,0.000266
0.00025779495049451826,0.000268
0.0005637554883853342,0.000282
0.000274770873549693,0.000284
0.00022415645572981647,0.0003
0.00028321390435622634,0.000316
-0.00020442976345403887,0.000334
0.0003080366879042471,0.000316
0.0003201553988311455,0.000284
0.00044885335464921893,0.000284
0.00028705015559164895,0.000282
0.0002911448866775603,0.000268
0.0002793261938358038,0.000282
0.0002788329618158746,0.000268
0.0002331971953031725,0.000282
0.00027453124961199075,0.0003
0.00026621391831611484,0.000284
0.0003161971955991131,0.000284
0.0002873125999175248,0.00025
0.00027380738768807337,0.00025
0.0002494808341712199,0.00025
0.0002788057430296346,0.000266
0.0002538205343332907,0.000266
-4.818403404110275e-05,0.00025
0.0003532040743322825,0.000268
0.00026231257867881413,0.000282
0.0002873125801937667,0.000284
0.0002706587855566142,0.000284
0.0002748188417295014,0.000266
0.00023251530553658744,0.000266
0.000274770873549693,0.000234
0.00025366696515237463,0.00025
0.0002620501343529382,0.00025
0.00024971471849530194,0.000284
0.00025404473429212367,0.0003
0.0003330872216875669,0.000316
0.0002747934769765271,0.000266
0.0001621626326095864,0.000268
0.00017030600035862443,0.000282
0.0003322397509713555,0.000284
0.0002747934769765271,0.000284
0.00023731257716386154,0.000266
0.0002581312800184049,0.00025
0.00027064466334578244,0.000234
0.000258036684874342,0.000216
0.00024103667911047226,0.000234
0.00025828224566324585,0.000282
0.0002788057430296346,0.000268
0.0002664910173942923,0.000232
0.00024968016247103213,0.00025
0.00024933909924519074,0.000234
0.0002621483192209835,0.000266
0.000258047434322531,0.000284
0.0003533774461663761,0.000284
0.0002582822259394877,0.000266
0.0002949652208401599,0.000284
0.00024059670123753425,0.000266
0.0002664438381648098,0.000284
0.000274770873549693,0.000282
0.0002070569830536221,0.000284
0.0002785472631791459,0.000284
0.00028344384392867947,0.000282
0.00028294248572039457,0.000268
0.0002706587855566142,0.000266
0.0002747934769765271,0.000266
0.00030753059599400743,0.000268
0.0002499481097254304,0.00025
-4.8853418945023964e-05,0.000232
0.0002745418609938727,0.00025
0.0003661971986290182,0.00025
0.00024529989053845725,0.000268
0.0002748188417295014,0.0003
0.00028696987989599925,0.000282
0.00026202751120234604,0.0003
0.0002871626401843492,0.000318
0.0003529026953078286,0.000316
0.00022755900124739111,0.0003
0.00036203804974900566,0.0003
0.0003082822289693928,0.00025
0.00021231257564890895,0.000234
0.00017032851502854683,0.000266
0.00024971471849530194,0.00025
0.0002788057430296346,0.00025
0.0002664438381648098,0.000284
0.00026214835866849976,0.00025
0.00033197046250140334,0.000266
0.0002702655529904796,0.000266
0.0002699652390489655,0.000268
9.752114643632145e-05,0.000232
0.00025779495049451826,0.00025
0.00021621389556245152,0.000234
0.00022054726439815786,0.00025
0.000258036684874342,0.000284
0.0002406126774816316,0.0003
0.0002792998823424385,0.000282
0.0002785472631791459,0.00025
0.00027017001110602574,0.000268
0.0002745418609938727,0.000282
0.0002245418579639676,0.000268
0.0002667136394524737,0.000266
0.0002708329660647917,0.000284
0.0003577949565543285,0.0003
0.0002791554058140272,0.000332
0.00029489610879162025,0.000318
0.00030804743735243605,0.000316
0.0003120501571066015,0.000284
0.00031206124185867895,0.000266
0.0003536669712121849,0.000284
0.00025415540429907463,0.000282
0.0002708329660647917,0.0003
0.00028269694465524886,0.000334
0.00035803669093415223,0.00035
0.0003158313790567998,0.000334
0.0003290447191132232,0.000332
0.0003373125832236718,0.000318
0.00024849411372250557,0.0003
0.00030779495352442333,0.0003
0.000332572530218776,0.000282
0.00023269692190158557,0.00025
-3.225477193564459e-05,0.000218
0.00026138305712871996,0.0002
0.0001618920620953548,0.000166
0.00020774502663274837,0.000166
0.0001621483427468104,0.00015
0.00014152023056722115,0.00015
0.00017463780115555826,0.0002
0.00020779494746461308,0.000218
0.00020828222290958254,0.000216
0.00019531716552068703,0.000216
0.00021231257564890895,0.000218
0.00021694247146456555,0.0002
0.00020814486665786156,0.0002
0.00020828222290958254,0.000166
0.00020762364662512474,0.0002
0.00025753802882092294,0.000234
0.00030415540732897975,0.000316
0.00027032620354677507,0.000234
0.00019968015944112698,0.000216
0.0002616960928942375,0.0002
0.00021175320986791993,0.0002
0.00019128224673135006,0.0002
0.00022083294331112842,0.000216
0.0002038205510271437,0.000218
0.00024165253373478824,0.000232
0.00021621389556245152,0.00025
0.0002621626386693967,0.000284
0.00024538541275377347,0.000334
0.0003035470477327588,0.000332
0.00021644383513490462,0.000234
0.00029498174934948534,0.000234
0.000253820573780807,0.00025
0.00021202748844868275,0.000216
0.00019968015944112698,0.000216
0.00019515539125638265,0.000218
6.411375494580334e-05,0.000266
0.0002534622325428307,0.00025
0.00027080574727855175,0.000234
0.00030277056282211086,0.00025
0.00021887837805024444,0.00025
0.000245820558305966,0.000266
0.0002858886431982546,0.0003
0.0003623125650148662,0.00035
0.0007901881766402776,0.000384
0.00032387529961727137,0.000416
0.00036143320098173454,0.0004
0.00043714836927316776,0.000416
0.00040366697424209,0.000434
0.0004161972016589233,0.000416
0.00040779495958423364,0.0004
0.0004161972016589233,0.0004
0.00041214834803445703,0.00035
0.0004792255753413691,0.00035
0.0002827136309546394,0.000318
0.0002581165660948288,0.0003
0.00022880572027597133,0.00025
0.0002037707090903116,0.000266
0.00029137746923360477,0.000266
0.0002873125999175248,0.000284
0.00021951218129447227,0.0003
0.0002747934769765271,0.0003
0.0002708329660647917,0.000266
0.00022479345422286376,0.000268
0.00025828224566324585,0.000282
0.00024971471849530194,0.000268
0.0002116543741158559,0.000266
0.0007243179249892838,0.000284
0.00017350046022777051,0.000266
0.00027080574727855175,0.0003
0.0002243175988338602,0.000284
0.0006055246093513124,0.0003
0.00026621391831611484,0.0003
0.0002912822232055231,0.0003
0.00029582056133587115,0.000316
0.000303820557086954,0.000316
0.0003118751284768238,0.000284
0.00028344384392867947,0.000266
0.000274770873549693,0.000284
0.00028705015559164895,0.000316
2.2058891581008042e-05,0.0003
0.0002786587813076971,0.0003
0.0003329424887502997,0.000334
0.00022584078578035733,0.000366
0.0003243176048936705,0.00035
0.00033689205297626464,0.000334
0.00034566699518486015,0.000316
0.00033689205297626464,0.000368
0.00034152025254872076,0.00035
0.00035366699093594304,0.000316
0.00033694161878048274,0.000334
0.0003415202328249626,0.000332
0.0003164438411947149,0.000318
0.00032479346028267404,0.000332
0.0005595428486732328,0.000384
-0.00026197181601841886,0.000366
0.0002655725214250012,0.00035
0.00027004474551804757,0.000284
0.0002492820581366357,0.000266
0.00024971471849530194,0.000268
0.00030415540732897975,0.000282
0.0003082822289693928,0.0003
0.00031231258170871925,0.000284
0.00024951134682507,0.000284
0.00026694249421822883,0.000282
0.0003575202440508865,0.000284
0.00027064466334578244,0.000266
0.0002203261807931118,0.000268
0.00037415648454329004,0.0003
0.00026619719256920795,0.0003
0.00028705015559164895,0.0003
0.0002916525367646934,0.000332
0.00030765252826685913,0.000334
0.00032880574605953977,0.000334
0.00032463778065963645,0.000316
0.00029421321311336976,0.000334
0.00011644382907509437,0.0003
0.00032064464665192946,0.000316
0.0003161971955991131,0.000316
0.0003161971955991131,0.000334
0.00026231255895505597,0.000334
0.0003169424775243758,0.000316
0.00032477087657959813,0.000334
0.00039506749458595143,0.000316
0.0003292998656485855,0.000316
3.062786782880813e-05,0.0003
0.0002619698783810467,0.000318
0.0002069919143755021,0.000316
0.0002706587855566142,0.0003
0.00035377067873251073,0.0003
0.0003034531626439892,0.000316
0.00030779495352442333,0.000318
0.00025363696531623624,0.000316
0.0002449026934969355,0.000316
0.0003164438411947149,0.000318
0.00031231258170871925,0.000316
0.0002952998935683624,0.0003
0.0005505259748472321,0.000284
0.00029115027126353383,0.000282
0.0002951554170399511,0.0003
0.0003452040588574415,0.0003
0.0002582822259394877,0.0003
0.0003120501571066015,0.0003
0.00031231258170871925,0.0003
0.000258036684874342,0.0003
0.0001614331790002349,0.000284
0.00022431761855761835,0.000284
0.000345105163934103,0.000282
0.0001239868943831137,0.000284
0.000257652525236954,0.000284
0.00025389611577450195,0.000266
0.0001945470316601617,0.00025
0.00026608721289379203,0.00025
0.00026214835866849976,0.000266
0.0003164708627433734,0.00025
0.00029582056133587115,0.000284
0.0002827136506783976,0.000284
0.0002793261938358038,0.000282
0.0002952998935683624,0.000318
0.0002735302688861377,0.0003
0.000328547266209051,0.000316
0.0002951263244966874,0.0003
0.00029179496202225765,0.000316
0.00030779495352442333,0.000334
0.00038257533402233775,0.00035
0.00032453123291813777,0.00035
0.00033714834348959934,0.00035
0.0002952998935683624,0.000334
0.00021591508062655647,0.000332
0.0003412822262354283,0.000318
0.0003293261968657089,0.000316
0.00018237156561920142,0.000316
0.0003203262065766802,0.000334
0.00035828223199929794,0.000334
0.00035828223199929794,0.00035
0.00033319718163922463,0.000316
0.00029563695287130036,0.000316
0.00037479344358882106,0.00035
0.0003203261868529221,0.00035
0.0004322963247695253,0.00035
0.00034113130003810357,0.000368
0.00035429990661105433,0.000366
0.0004033853978708136,0.00035
0.00032477087657959813,0.00035
0.00034114486998370724,0.000334
0.00039582054767192324,0.000332
0.00048087341643934193,0.000334
0.0003373125832236718,0.000366
0.00039582054767192324,0.00035
0.00034515540034609805,0.000368
0.0003495745872534928,0.000366
0.00036231260446238254,0.000366
0.00043234705427547395,0.000384
0.00038731254680606067,0.000366
0.00038294247205644666,0.000368
0.00038299115029154826,0.000366
0.00036657530307265574,0.000366
0.0003664438245008619,0.000368
0.00038344381054097345,0.000382
0.00040382054342300613,0.000384
0.00038213344294485966,0.00035
0.0003708057336146039,0.000366
0.00037880568991817046,0.000384
0.00041205016316641177,0.000384
0.00043716264927406463,0.000382
0.00042045824347351237,0.0004
0.00029922920149471255,0.000384
0.00039563691948359434,0.0004
0.00038731258625357694,0.000384
0.00021694247146456555,0.000382
0.00038731254680606067,0.000368
0.0003832138709685203,0.000366
0.00034515540034609805,0.00035
0.00036621388492840876,0.0004
0.0006846939205116273,0.0004
0.00043677405179109405,0.000416
0.00042865879039741245,0.000418
0.00042915543462750073,0.000432
0.00030908800366088594,0.000434
0.0008086669711710603,0.00045
0.0004247934466187262,0.00045
0.0004412822717427548,0.000466
0.0004324482371547572,0.00045
0.0004911313091278191,0.000434
0.0004577990257083166,0.000416
0.0003993391477824224,0.000384
0.00037479344358882106,0.000384
0.0003781944901007767,0.00045
0.0010878207915770938,0.000432
0.00041177403055238333,0.0004
0.0004158547972175281,0.000418
0.00040828225475296123,0.000432
0.000476887915526037,0.000434
0.0004247934466187262,0.000434
0.00043218161139215464,0.000482
0.0005817237531602947,0.000484
0.00042880573239559186,0.000484
0.0005121626340951642,0.000466
0.0004788056959779807,0.000466
0.000607520219752896,0.000468
0.00046671365157209424,0.000432
0.0004286446681865807,0.000418
0.00039179492863455163,0.000416
0.0004329803841495063,0.000434
0.000490533837046094,0.000416
0.00042080569719699275,0.000466
0.00029422522488208,0.000468
0.00048696987229186165,0.000466
0.0004534531322861883,0.000466
0.00039546220643394694,0.000434
0.00037436133549538286,0.000434
0.00044959985944748667,0.000416
0.0004288329906293481,0.000416
0.00016374736754337462,0.00045
0.00038294247205644666,0.000418
0.00044553065090461485,0.000432
0.0004247934466187262,0.000418
0.0004293261634780029,0.000432
0.0004248188508192168,0.000418
0.0004248188508192168,0.0004
0.0005654873921405206,0.000432
0.00041206120847097293,0.000434
0.00042015544433847207,0.000434
0.00040429990964095945,0.000416
0.00042880573239559186,0.000416
0.0002728682606677627,0.000384
0.00041214834803445703,0.000384
0.00039959985641758154,0.00035
0.00019901489680265803,0.000332
0.00035828223199929794,0.000334
0.00037932619989561404,0.000366
0.00038731254680606067,0.000384
0.0003745312359480429,0.0004
0.0003706446694055927,0.000366
0.00041231256804477134,0.0004
-1.67732144853777e-05,0.000468
0.0004834438166007837,0.0005
0.0004293261634780029,0.000482
8.63830613168706e-05,0.000434
0.0002185572555438875,0.0004
0.00041657530610256086,0.000416
0.0005243024494432777,0.0004
0.00040779495958423364,0.000418
0.00040828225475296123,0.0004
0.00040382054342300613,0.0004
0.00040429990964095945,0.0004
0.0003912822292653334,0.0004
0.00046585480024743324,0.000416
0.00042880573239559186,0.000416
0.0004993541438984228,0.00045
0.00040366697424209,0.00045
0.0004331971876990349,0.00045
0.00044079903966820505,0.00045
0.00042854727226886125,0.00045
0.0004908820402723839,0.00045
0.0004247934466187262,0.000434
0.00039128226871284967,0.000416
0.00041621388795831394,0.000418
0.0003666969592128934,0.000432
0.0004247934466187262,0.00045
0.0004411313060979138,0.00045
0.00043716264927406463,0.000468
0.0004497147306149225,0.00045
0.00045429991267086463,0.000466
0.0004913696115737255,0.000466
0.00030713237331706216,0.000468
0.0004623125710746765,0.000432
0.0003786587873675073,0.000418
0.00041231256804477134,0.0004
0.00041206120847097293,0.0004
0.0004036369546821935,0.0004
0.00039994809909138767,0.000416
0.00039582054767192324,0.000416
0.00040779495958423364,0.0004
0.0004288790258808583,0.0004
0.0003950447333690522,0.0004
0.00040382054342300613,0.000434
0.0004247934466187262,0.00045
0.0004497147306149225,0.000466
0.00047477088566931356,0.000468
0.00046033025448608266,0.0005
0.00049128227477266,0.0005
0.00048308721105352415,0.000532
0.0006070569875691051,0.000518
0.0004163470627733082,0.000466
0.0011254653196873293,0.000466
0.0004947564964273331,0.00045
0.0004743613415551931,0.000468
0.00047932620595542434,0.000466
0.0004951263168925498,0.0005
0.00047880573542549704,0.0005
0.00048308721105352415,0.000516
0.000851770246585475,0.000518
0.0005082822608127715,0.000516
0.0005123126135520979,0.000516
0.0004937833656479807,0.000484
0.0003826159649641162,0.000484
0.0004664910097901547,0.000482
0.0004541554164186952,0.0005
0.0004873125528658709,0.000518
0.000495636964990921,0.000532
0.0005538205525127216,0.00055
0.0005245418564196403,0.000534
0.0007672787948698925,0.000534
0.0005373125953432924,0.00055
0.0005458205173141224,0.00055
0.0005417949377242671,0.00055
0.0005412485501761374,0.00055
0.0005914158106751112,0.000482
0.0005322680469601558,0.000468
0.00043344381357087857,0.00045
0.0004494808462908404,0.000482
0.0005247934132310202,0.000484
0.0005123125741045817,0.000516
0.0004873125528658709,0.000518
0.0004075489648726506,0.0005
0.0004871483328555566,0.000516
0.0005036669803019004,0.0005
0.0004745312420078532,0.000466
0.0004950447394288626,0.000468
0.0005033854039306239,0.000466
0.0004746377897493519,0.000466
0.0004161972016589233,0.000434
0.0004536669772719952,0.00045
0.00042477088263940843,0.00045
0.00043731258928348207,0.000466
0.00043241880930760504,0.000484
0.0002701652379565547,0.0005
0.00031047687181441635,0.0005
0.0007055476922081523,0.000516
0.0004927557184011157,0.000518
0.0004286008025484665,0.000516
0.00044074503601840433,0.000516
0.000495636964990921,0.0005
0.00045779496261413876,0.000484
0.00046621389098821907,0.00045
0.0004411448365960012,0.00045
0.0004203262126364905,0.000434
0.00040429990964095945,0.000432
0.0003832138709685203,0.000384
0.00039582054767192324,0.0004
0.0002161971895393028,0.000416
0.0004033774294725231,0.0004
0.00043731258928348207,0.000434
0.00041214834803445703,0.000434
0.00045828225778286636,0.00045
0.0004247934466187262,0.000432
0.0004121626280353539,0.000418
0.0004456669815209123,0.000416
0.00042865879039741245,0.0004
0.00039515542309976134,0.0004
0.0004456669815209123,0.000416
0.00042453127842546434,0.000418
0.00041621388795831394,0.0004
0.00040828225475296123,0.000432
0.0003948159377745715,0.00045
0.0004277103143157411,0.000484
-0.00016912096223083728,0.000516
0.0006243613111973923,0.000518
0.0004913099669290954,0.000532
0.000511969854083056,0.000534
0.0005246377533317407,0.000516
0.0005247934526785365,0.000518
0.0005247934526785365,0.000532
0.0005247934921260528,0.000534
0.0005778472062869821,0.000484
0.0004412822322952385,0.00045
0.0003487158148238644,0.000432
0.0004661972046888285,0.000484
0.0004952617796634889,0.000484
0.0004619416460790037,0.0005
0.0004743613415551931,0.0005
0.0005162138545706079,0.0005
0.00048714841175058916,0.000466
0.0003907990760858162,0.00045
0.00045828225778286636,0.000466
0.0004580474267183933,0.00045
0.0004119416036015823,0.00045
0.00045382058590042753,0.000468
0.00046214839051187843,0.0005
0.0005206446390477919,0.000532
0.0005161972077187336,0.000518
0.0004915533975521196,0.000482
0.0005075306278373861,0.000468
0.00041169612170771104,0.00045
0.0004788790683582797,0.000482
0.00047017000350188813,0.000468
0.00042064463298798155,0.000416
0.0003453774504152932,0.000366
0.0003826969507150591,0.000418
0.00044179497111197303,0.000466
0.00011044255514844234,0.0005
0.00047915543765740586,0.000516
0.0004739570045132229,0.000534
0.00036862464099142586,0.000516
0.0004948267919013615,0.0005
0.0003978266905603561,0.000534
0.0005537053263176392,0.000516
0.0004867217868619152,0.000518
0.00043285478325763967,0.000516
0.000511310567743305,0.000534
0.000520805703256803,0.000516
0.0005038205494828164,0.0005
0.0006910996843393752,0.0005
0.00047017000350188813,0.0005
0.0005208057427043193,0.0005
0.0005076236450807974,0.000484
0.0004958205931792499,0.000466
0.00046206121150087806,0.00045
0.0004873125923133872,0.000466
0.000864831477019085,0.000434
0.0002700290454065642,0.000416
0.00037854722979143986,0.0004
0.00034971472455511224,0.000384
0.00040803669396405736,0.000384
0.0003156215379938964,0.0004
0.00039179492863455163,0.000432
0.00035849743792441683,0.000434
0.00036196069316956145,0.0004
0.00041608722198350747,0.000416
0.00042015544433847207,0.000418
0.00037479344358882106,0.000366
0.00037854722979143986,0.00035
0.0003412822459591864,0.0004
0.0003481547133521586,0.0004
-0.0001806952777091786,0.00045
0.0004458205901493447,0.00045
0.00032864466212677046,0.000434
0.0005247708492517024,0.000482
0.00047080573967441414,0.000484
0.000520805703256803,0.000516
0.00039844274242225355,0.000534
0.00044968017459065264,0.000466
0.00040356456848980176,0.000434
0.00038731254680606067,0.000434
0.00040689744969360866,0.0004
0.00036150412761602356,0.000416
0.00036231260446238254,0.0004
0.00041214834803445703,0.000416
0.00042880573239559186,0.0004
0.0004081448590537239,0.0004
0.0004286446681865807,0.0004
0.00044968017459065264,0.000418
0.00039994809909138767,0.000382
0.00037479344358882106,0.000384
0.00036671364551228394,0.000366
0.00031996524207887064,0.000384
0.00041231256804477134,0.000416
0.0005847555314722617,0.0004
0.0005666654922145147,0.000418
0.0004331972271465512,0.0004
0.0003082822289693928,0.000416
0.00040828225475296123,0.000416
0.0003916524836532292,0.0004
0.00038319718466912976,0.000384
0.0003870380315402001,0.0004
0.00043731258928348207,0.0004
0.00039582054767192324,0.000416
0.00042477088263940843,0.0004
0.0003956369589311106,0.000384
0.00039994809909138767,0.0004
0.00034053800939310536,0.0004
0.00039089004205838045,0.000384
0.00039179492863455163,0.0004
0.00039971472758501737,0.0004
0.0003786446651566756,0.0004
0.00039582054767192324,0.000416
0.0004664438305606722,0.000484
0.0005208057427043193,0.000516
0.0004528159365555595,0.000516
0.00048198627032139277,0.000518
0.00042454185035983,0.000516
0.0004546167551217041,0.00055
0.0005246377927792571,0.000484
0.0005164188238652496,0.000482
0.0004412822717427548,0.000468
0.0004578286507930502,0.00045
0.0004118920575211223,0.000466
0.00044928203080873996,0.000466
0.00062342060627643,0.000484
0.00042916999076101167,0.00045
0.0006722183279048553,0.00045
0.0008667677189086524,0.000434
0.00042045824347351237,0.000432
0.000416443827530767,0.000418
0.00043321391344594177,0.000432
-0.00013964824352888475,0.000418
0.00046214839051187843,0.00045
0.0004661972046888285,0.00045
0.0004746377897493519,0.000482
0.000449436546730047,0.000484
0.0004660872250134126,0.000484
0.00045828225778286636,0.00045
0.0004539043329775107,0.000482
0.0004746377897493519,0.000484
0.0004746377897493519,0.000484
0.0004036991634153825,0.000482
0.0004119698480232458,0.000468
0.00045828225778286636,0.000482
0.00024360104380192173,0.000518
0.0004956670239983338,0.0005
0.0004915305968877041,0.000482
0.00038684907793717205,0.000468
0.00036594820590619715,0.000482
0.00048271364307426,0.0005
0.00047064463601788673,0.00045
0.0004745418533897351,0.000434
0.0004699652708923442,0.00045
0.0004578820232825903,0.00045
0.00046585480024743324,0.00045
0.0004458205901493447,0.000466
0.00042477088263940843,0.000434
0.0004746377897493519,0.00045
0.00041171545099069303,0.000466
0.0004536669772719952,0.000518
0.0006975657239720138,0.000566
0.0004988668881772115,0.000634
0.0006910996843393752,0.00065
0.000641116564846442,0.00065
0.0007864331675646538,0.000666
0.000580338671968328,0.000616
0.0006450447090710616,0.000618
0.0006369698813815771,0.000566
0.00046621613949664756,0.000566
0.0005236746027740095,0.0006
0.0005869416339300085,0.000568
0.0005746377958091622,0.0005
0.0005575966660095604,0.000466
0.00048271368252177625,0.00045
0.0004948750362137839,0.000434
0.0005596758262506456,0.00045
0.0004497147306149225,0.000432
0.0002634274246604376,0.000468
0.00042064463298798155,0.000482
0.0004910996722197546,0.0005
0.00046987903862173475,0.00045
0.0002550485552391496,0.00045
0.0007518793523557223,0.00045
0.0004619606992293717,0.000468
0.0004542998732233483,0.000516
0.0001626066144054278,0.000516
0.0004497147306149225,0.000434
0.00048263920561102114,0.000434
0.0005482236205589793,0.000432
0.00045311068839727674,0.000384
0.000373270808907552,0.00035
0.000531008172184893,0.000334
0.0002104401795644566,0.000316
0.0003453774504152932,0.00035
0.0006551138848416084,0.0004
0.000349222853474495,0.00045
0.00037774119869109083,0.00045
1.3529037407488347e-05,0.000416
0.0004660872250134126,0.000418
0.0004330872474711353,0.000432
0.00044545313653510544,0.00045
0.0003518221489416191,0.0005
0.0005198790416516399,0.0005
0.0004697499269009183,0.000518
0.0004913695721262092,0.00055
0.0007119698267551603,0.00055
0.000528965264211278,0.00055
0.00013836582965086734,0.00055
0.0002195248833947176,0.000532
0.0005452998495466137,0.000518
0.0004456369619610158,0.000482
0.0008877820419964767,0.0005
0.0005075305883898699,0.000484
0.00025559953842292703,0.000466
0.0004826969567748694,0.000468
0.0004791553982098896,0.000532
0.0005369698753217669,0.000534
0.0004991797464289058,0.000566
0.0005241166121940365,0.00055
0.0008836444709078747,0.000518
0.0005415534005820248,0.000516
0.000872443664237523,0.000534
9.412275770077585e-05,0.000582
0.0005368378444847449,0.00075
0.0005932081874727697,0.001018
0.0007163058977457326,0.0012
0.0008815939101160995,0.001382
0.0011404761252710126,0.001534
0.0012786995122950947,0.001634
0.0014334364185884026,0.001716
0.001563412513381781,0.0015
0.001593891557948044,0.00125
0.0011637058997687035,0.0012
0.0015238075226069762,0.001184
0.0012803419490833357,0.00115
0.0011951051759949741,0.001066
0.0011487158435785885,0.001066
0.001115211884568193,0.001084
0.0010906413678868454,0.000984
0.0010490363091411163,0.001016
0.0010365147207303505,0.001084
0.0010409202193495926,0.001032
0.0010281020645113604,0.001
0.0010322162037752862,0.000768
0.0009679999864823227,0.000416
0.0003373125832236718,0.000316
0.0006182065519157963,0.000318
0.000449901159576908,0.000316
0.0003860526720307978,0.000334
0.0003208057305846987,0.000266
0.00019114487075587092,0.00015
0.00026472073120575607,-5e-05
0.00017138907136587654,-0.000234
2.8260005700632915e-05,-0.0003
-0.00011284247278449325,-0.000366
-0.00024042347217882173,-0.000366
-0.00031785788157271224,-0.00045
-0.00037182074264157196,-0.000534
-0.0004307277581646108,-0.000534
-0.0004727277259959168,-0.000566
-0.0005220680482109079,-0.0006
-0.0005591786541881613,-0.00075
-0.0006145523951246412,-0.000816
-0.0009418687138042858,-0.000868
-0.0007609953033279587,-0.000932
-0.0008431601405327702,-0.001068
-0.0009233385586072939,-0.001216
-0.0010243170208611558,-0.001266
-0.0011237470892056112,-0.001234
-0.0011978860925361701,-0.0012
-0.0012296100218215059,-0.0012
-0.0012256823115195654,-0.0012
-0.0012088687544414393,-0.001234
-0.0012088687544414393,-0.00135
-0.001247528977201104,-0.001432
-0.0013062937844279183,-0.001484
-0.001377340970326717,-0.0015
-0.001442951499530459,-0.001516
-0.0014837839392221365,-0.001518
-0.0015048446525891175,-0.001566
-0.0015256140854958149,-0.001616
-0.0015550181063481488,-0.001734
-0.0016104922017660698,-0.001734
-0.001664327016197053,-0.001766
-0.0017139199603063639,-0.001784
-0.0017550348442146762,-0.001782
-0.0017669991181153,-0.001784
-0.0017791943966713169,-0.001766
-0.0017791943966713169,-0.00175
-0.0017708447775833579,-0.001718
-0.0017551037984731507,-0.001732
-0.0017419526277024,-0.0017
-0.001725458043240993,-0.0015
-0.001664843778660449,-0.001334
-0.001570492578038302,-0.0012
-0.0010964581652817026,-0.001134
-0.0012954730151295024,-0.00105
-0.0011820752913221301,-0.001
-0.001097905021284179,-0.000982
-0.0010429622050156487,-0.000984
-0.001004682887473278,-0.00095
-0.0015066764374555496,-0.00095
-0.0007478423179714586,-0.00095
-0.00095886877873943,-0.000916
-0.0009418687138042858,-0.000934
-0.00034427075505485754,-0.000884
-0.000921610126233541,-0.000816
-0.0008886169336640656,-0.0008
-0.0007296940936271843,-0.000784
-0.0007929430578207224,-0.000782
-0.0007958446593289332,-0.0008
-0.0007917177390697294,-0.000718
-0.000771779938701453,-0.00045
-0.0006909832991516361,8.4e-05
0.0002708329660647917,0.00035
-0.0001939679073825855,3.4e-05
-2.6558655600206005e-06,-0.000334
-0.0005897187635096407,-0.000616
-0.0008725239249184885,-0.00065
-0.000587851633668613,-0.000584
-0.0005490900307920836,-0.000534
-0.0005970608141365265,-0.000716
-0.0006227008713270387,-0.000716
-0.000639495927520025,-0.000334
-0.0005789115641568286,-0.000366
-0.0006422549657043644,-0.0006
-0.000507961892518298,-0.000684
-0.0004997052512262339,-0.000634
-0.0005740272121373448,-0.000582
-0.0006259646010347897,-0.000568
-0.0006181377009851864,-0.000532
-0.000446786763151146,-0.00045
-0.00044293025561610865,-0.0004
-0.000425468773082923,-0.000384
-0.0004671452318331365,-0.0004
-0.00039744628314608967,-0.000416
-0.00040028528144594853,-0.000418
-0.00042561405828541826,-0.00045
-0.00042145273979200977,-0.000482
-0.00044217136429772593,-0.000468
-0.0004550956329547778,-0.000416
-0.000458942988666036,-0.000384
-0.00043848029964600787,-0.0004
-0.0004177838446444466,-0.000382
-0.00041157200480677924,-0.00035
-0.00045028528447585366,-0.000384
-0.0003794527325131875,-0.0004
-0.0003794527325131875,-0.000384
-0.00037995525442320295,-0.000382
-0.00038768740153867823,-0.000318
-0.00030065339960815446,-0.00025
-0.00029284971442188767,-0.000232
-0.00029697259131067176,-0.000284
-0.00025935285596442436,-0.0003
-0.0002671685923669177,-0.000284
-0.0002756386447221095,-0.000282
-0.00017919426026683635,-0.000284
-0.000287687395478868,-0.0003
-0.000287687395478868,-0.0003
-0.0002917177679419525,-0.000284
-0.0003461038416893271,-0.0003
-0.00029617942010063325,-0.000332
-0.0003256386674757728,-0.000334
-0.000308717734258306,-0.000316
-0.0002889259291478181,-0.000318
-0.0002132845474356049,-0.000316
-0.00028380280131223227,-0.0003
-0.0003721905236592723,-0.0003
-0.00031303013673910425,-0.000316
-0.00030820503488908775,-0.000318
-0.000308717734258306,-0.000282
-0.00022070012823285473,-0.000268
-0.0003559883636361215,-0.00025
-0.00019636306195291,-0.000232
-0.0002759485049625657,-0.00025
-0.00023768741217272096,-0.00025
-0.0001339222491637214,-0.000218
0.0001196901920137987,-0.000216
-0.00027640558333381535,-0.0002
-0.00040644390658414097,-0.000216
-0.00021268743038152656,-0.000234
-0.00021146794986294442,-0.000266
-0.00022961005984219386,-0.000284
-0.00036831046595700996,-0.0003
-0.00025896331174106284,-0.000284
-0.0002044694082079101,-0.0003
-0.000292205043386922,-0.00035
-0.00023380279828232715,-0.000232
-0.00011341344599715053,-0.00015
-0.00017520653056886102,-0.000184
-0.00018768740914281584,-0.0002
-0.00023819210369613238,-0.000184
-0.00020470013673068902,-0.000166
-0.00030654445224335335,-0.000166
-5.5815052517629656e-05,-0.000184
-0.00036699950664815183,-0.000184
-0.0004027936701117828,-0.00015
-0.00017169398565211236,-0.000132
-8.946137761431493e-05,-0.0001
-0.00015031984204445084,-0.000118
-0.0002045468239586288,-0.000116
-0.00016268740762786328,-0.00015
-0.000121452731474458,-0.000116
-7.268807672656257e-05,-6.8e-05
-2.1909483274827525e-05,-8.2e-05
0.00010415541000217783,-5e-05
1.156066921410761e-05,-5e-05
1.6713636630296847e-05,-3.4e-05
4.299892798127695e-06,1.6e-05
-4.617945919144242e-05,-1.6e-05
7.520235168899388e-06,-1.6e-05
2.0658775338028045e-05,1.6e-05
2.916999618445373e-05,1.6e-05
0.00011996523982112916,6.8e-05
-7.771652693711758e-07,6.6e-05
4.922283529506419e-05,0.0001
7.453125721612838e-05,0.000116
8.321390209848489e-05,0.0001
0.00018716263412453895,0.000118
0.0001082822316425909,0.000116
0.00011206123960093746,0.000134
0.0001984806985370619,0.000116
0.00012080573818883634,0.00015
0.00013731258096593034,0.000116
0.0001286446500071499,0.00015
-6.559052180564092e-05,0.000168
0.00012929989297648124,0.000166
0.00017080574121874147,0.000166
0.00021231257564890895,0.000184
0.0003112232977176515,0.000184
0.0001955645803428565,0.000182
0.0006059001497063911,0.0002
0.00018705015939371773,0.0002
0.0002452998708146991,0.0002
0.00021634709010120396,0.0002
0.0002769090275513896,0.0002
0.00021644383513490462,0.0002
0.00024846379830623685,0.000218
0.0001279978882538209,0.0002
0.00021650077762466893,0.000232
0.000207432010590989,0.00025
0.000373616448045283,0.000234
0.0002028501815739315,0.000216
0.0002664438381648098,0.000234
0.00026537155605326293,0.000234
0.0002667136394524737,0.00025
4.3919287845712785e-06,0.0002
0.00026206121910501566,0.000232
0.00019994810669552528,0.0002
0.0002159911551617213,0.00025
0.00021996523601906036,0.000268
0.00018290122742042425,0.000232
0.00017479346105483772,0.000218
0.00026694249421822883,0.00025
0.00027032851122647805,0.000266
0.00024971471849530194,0.000266
0.00019115028492748168,0.00025
0.0002534622325428307,0.00025
0.0002868920499463595,0.000268
0.0002792998823424385,0.00025
0.0002582822259394877,0.000282
0.000398147398867792,0.000268
0.00027080574727855175,0.000266
0.000660370660862384,0.00025
0.00027064466334578244,0.000266
0.0002664438381648098,0.000268
0.00026619719256920795,0.00025
0.00041703226613126163,0.000266
0.00020788202785682278,0.000266
0.00019538540972386832,0.000234
0.00030579455024961065,0.00025
0.0002245418579639676,0.00025
0.00027064466334578244,0.000266
0.0002621626386693967,0.00025
0.00031974119991010286,0.000234
0.0002832139240799845,0.000266
0.00041171265021703647,0.000234
0.00026619719256920795,0.00025
0.00025366696515237463,0.000234
0.00026650076093081594,0.000282
0.00022880572027597133,0.00025
0.00025779495049451826,0.00025
0.0003106360425426456,0.000284
0.00025737757604841425,0.000266
0.0002910366821403774,0.000284
0.00028714834045969416,0.000284
0.00021669693039941983,0.000282
0.00023731257716386154,0.000268
0.00021214833591483648,0.000266
0.00026608721289379203,0.000266
0.00027015541552499853,0.000284
0.0003161971955991131,0.000284
-5.068041586916633e-05,0.00025
0.00024566696940129173,0.000282
0.0002873125999175248,0.000284
0.00025789003873253474,0.000266
0.00027032620354677507,0.000284
0.000258036684874342,0.000266
0.00021557251839509606,0.000268
0.00027080572755479364,0.000266
0.00027463779735348943,0.000266
0.0002452617645139632,0.000284
0.00026231255895505597,0.000266
0.00026231255895505597,0.000268
0.0006130992030867263,0.000282
0.00027453124961199075,0.000284
0.00029971472152520706,0.000284
0.00026231259840257224,0.000266
0.00029971472152520706,0.000284
0.00022929985958877521,0.00025
0.00022025144747350083,0.00025
0.00026231259840257224,0.000266
0.0002499481097254304,0.000266
0.00022479345422286376,0.000268
0.0002542999005512441,0.000266
0.0002542998808274859,0.00025
0.00028294248572039457,0.000284
0.00026231257867881413,0.000266
0.00029128224292928126,0.000284
0.0002499481097254304,0.000232
0.00026231255895505597,0.000268
0.00026231259840257224,0.000266
0.0002702998920534098,0.000284
0.00027064466334578244,0.00025
0.0002706587855566142,0.000266
0.0002743176215875235,0.0003
0.0006149773387847989,0.000384
0.000457530624807481,0.0005
0.0006187745567028528,0.0007
0.00046727842166281497,0.000816
0.000965736172417485,0.00095
0.0007374052696786776,0.001016
0.0013073914265833654,0.00115
0.0012281469679045185,0.001334
0.0011088599666001808,0.001466
0.0012372376480334975,0.001534
0.001367367982615569,0.00155
0.0007664137108376577,0.001434
0.0014948159649849683,0.001382
0.0014732708361179488,0.0015
0.0014649167989081652,0.001584
0.0014731256692580024,0.001684
0.001534749159095304,0.0018
0.00163922022554643,0.001682
0.0016856022996198186,0.001568
0.0016814653596914772,0.0015
0.0016444711633347947,0.001566
0.0015945954594287187,0.0016
0.0015575965293700817,0.00165
0.001577646912949849,0.00165
0.0016156159363290843,0.001566
0.0016156159363290843,0.001518
0.0017734833186201164,0.0016
0.0015823036133528244,0.001732
0.00160202973834869,0.001818
0.0016641261250112734,0.0019
0.0017597461155473646,0.00195
0.0018479453971090886,0.0018
0.0018654873920230216,0.001666
0.001826309065584407,0.00175
0.0017889385399223203,0.001784
0.0017487156432523523,0.001516
0.0016764345390440094,0.0012
0.0015567140095356469,0.001184
0.0014148531670344845,0.001382
0.0013171008015578332,0.001568
0.0013296280704109449,0.001666
0.0014454283057504294,0.001784
0.0015963477181023106,0.001866
0.0017181879993460206,0.001866
0.0017934682193228425,0.001784
0.0018239821354935058,0.001766
0.0018193596755346696,0.00185
0.0018154482176094408,0.001968
0.0018400360123029232,0.001882
0.001864706331200484,0.001968
0.001915703606889711,0.001916
0.0019325926665140158,0.001966
0.001932103990682218,0.00195
0.0019494807793979294,0.001968
0.0019494809371879945,0.00195
0.001958282309232504,0.001832
0.001923655279433339,0.001818
0.0018903257573399767,0.001816
0.0018526161408278631,0.0017
0.0017901803477351223,0.0015
0.0017052883459391334,0.0015
0.0015016435411044028,0.001566
0.0015644745983103671,0.001618
0.001544770721713689,0.001632
0.0015777141315176067,0.001668
0.0016200905469968662,0.0017
0.0015771675467318956,0.0017
0.0016743024796835794,0.001682
0.001687162685574177,0.001634
0.0016783284931961141,0.001666
0.0016698961921140115,0.001718
0.0016742481999011648,0.001682
0.0013880836091100471,0.001684
0.0016870274594883354,0.001716
0.0015892785653931175,0.00165
0.0016824188850552335,0.001418
0.0016140926310400383,0.00135
0.0015297008237506037,0.00135
0.0014389432918624552,0.001416
0.001382667465123461,0.001484
0.0013986235120924798,0.001532
0.001443792496144925,0.00155
0.0014942132069360606,0.001618
0.0015448071712187408,0.001566
0.0015657029939676306,0.0016
0.001459419393038022,0.001684
0.0016159335677302495,0.0017
0.0016361081320912972,0.001732
0.0016777893245434655,0.001718
0.0017080474630185056,0.00175
0.0017245418896898474,0.001566
0.0011865554002093606,0.001284
0.0015749318192986564,0.000982
0.0013882904718854707,0.000718
0.0006074273997470661,0.000566
0.0008074274513142029,0.00065
0.0007251396167535999,0.0008
0.0006813631300261838,0.00095
0.0007378624663924761,0.001016
-8.526408298605019e-05,0.00105
0.0009516213777188077,0.00095
0.000990427477393712,0.0008
0.0009516213777188077,0.000834
0.0009060490822598158,0.000816
0.0006245312510975686,0.000634
0.0007690155901170987,0.00055
0.0007055142407143385,0.000684
0.0007231004168465161,0.000682
0.0006361516609986945,0.000718
0.0006569059460591367,0.00075
0.0007078061414107745,0.00075
0.0007243025404579308,0.000616
0.00031543307748482194,0.00045
0.0006384408792640228,0.000284
0.0005206584851260096,0.000132
0.00015764136539191278,0.0001
0.00020302116683328954,0.00015
-2.6439290879777864e-05,0.000168
0.00013687510801027673,0.000182
0.00014922918254311804,0.00015
0.0001162139092263994,0.000118
0.000153904324659959,6.6e-05
0.0001279365670897484,3.4e-05
-0.00012669434978709925,-0.0001
2.750197868349579e-05,-0.000168
-4.4374991730041044e-05,-0.000216
-0.00011483356644546154,-0.000216
-0.0002285537539747444,-0.000234
0.00034840542204193827,-0.000216
-0.00022070012823285473,-0.00025
-0.00022935534722951076,-0.000318
-0.0002554581237861022,-0.000282
-0.00026743866978719565,-0.000268
-0.00028012092793180975,-0.0002
-0.0001503198223206927,-0.000182
-0.00023406169233173695,-0.0001
-0.00018898464071600513,-0.000134
-0.00015497883040337113,-0.000184
-0.00015087256091894506,-0.0002
-0.0005590950649011433,-0.000182
-0.00017561410230716699,-0.000268
-0.00020937072265939848,-0.000382
-0.00030961800547507125,-0.00045
-0.00032305615692683004,-0.000434
-0.00038526784867952857,-0.000516
-0.0001902834107423297,-0.000584
-0.0004974732713070421,-0.0006
-0.0004457001024199116,-0.000534
-0.0008520354372228069,-0.000616
-0.0005842639215095743,-0.000634
-0.0005969377773332186,-0.00085
-0.0006892241766102099,-0.00085
-0.0007402945090996054,-0.00085
-0.0007983198331860515,-0.000916
-0.0008672105022643208,-0.000934
-0.0008884445480178793,-0.000682
-0.0006427145292691404,-0.0008
-0.0010134445753164003,-0.000934
-0.0008401072972471044,-0.001034
-0.0009738320106184677,-0.00105
-0.0015217916211673357,-0.0011
-0.0010309954064739821,-0.00095
-0.0010796100521793066,-0.000966
-0.0010180226962669264,-0.000784
-0.0005799552665428235,-0.000566
-0.0004952156505022619,-0.0004
-0.00026341344522498686,-0.000366
-3.135667033227526e-05,-0.000268
-0.00010028528299027585,-0.000166
-0.0005579446175360683,-0.000234
-0.0002885985936576455,-0.000166
-6.268742129181113e-05,-5e-05
-0.00015564105558308575,0.000116
2.416230033363008e-05,0.000118
6.202749908272549e-05,0.000116
3.072543293939042e-05,0.000116
0.00013714834123185784,0.00015
0.00036181501349190326,0.000334
0.00040755338299447506,0.0004
0.0002470263505363956,0.0005
0.0005449566956024089,0.000566
0.00044778468198541265,0.000718
0.000543134180902305,0.000832
0.0009995112936548563,0.00095
0.0007629817769204472,0.001034
0.0013679642712718053,0.0011
0.0011189872485622223,0.001234
0.00048670553448520385,0.001332
0.0011721282600767008,0.001434
0.0012719416793844605,0.00145
0.001360344431235207,0.001484
0.0014235944210641686,0.001416
0.0014453774973494482,0.001416
0.0014407990608187916,0.0012
0.0013763460795330569,0.001018
0.0012583726805211685,0.000966
0.0011456245784120566,0.000916
0.0010223394135416846,0.000868
0.0009406127593478198,0.0007
0.000860019511191993,0.0006
0.0007678457345740091,0.000532
0.00048283139391038497,0.00045
0.0003781249835770741,0.0003
0.0004677260720776713,0.000168
0.00035903435806863696,6.6e-05
-0.00019844389871343754,-1.6e-05
-0.0009157198231011516,-5e-05
-0.000187687428866574,-0.000168
-4.4085535717385745e-05,-0.000232
-0.00011866633643757155,-0.0003
0.00036139300396263523,-0.000434
-0.0010958952492242475,-0.000534
-0.0003779036679960043,-0.000616
-0.00047392389303237164,-0.000616
-0.0005518572346122952,-0.000618
-0.00047646971739116495,-0.00055
-0.0006396113509526889,-0.000466
-0.00010104635378393357,-0.000466
-0.0005265805679418443,-0.000618
-0.0009388370143873513,-0.000782
-0.000586238190804845,-0.000934
-0.0007043476443004168,-0.001016
-0.000841269657762099,-0.001134
-0.000969675820302177,-0.001266
-0.001090604863919593,-0.001418
-0.0012122155606184965,-0.001482
-0.001328355991338464,-0.001584
-0.001440361060030742,-0.0017
-0.001548649225948132,-0.00175
-0.0017593707574151832,-0.0018
-0.0017104869218586972,-0.001834
-0.0017722588921473138,-0.00165
-0.0017602215614465212,-0.00135
-0.0016632385803275855,-0.001116
-0.0014943288914866543,-0.001
-0.0006261203003815855,-0.00075
-0.0004550347654371427,-0.0005
-0.0008473870207982523,-0.000284
-0.0006401520186109565,-0.0002
-0.0004387815997754292,-0.000182
-0.00020499441520221073,-0.000268
-0.00023803013219424657,-0.000232
-0.00023330305742221013,-0.000234
-0.0002297623864263468,-0.000284
-0.00026268741368767353,-0.000266
-0.0002175470290845385,-0.000284
-0.0006697603775976715,-0.0005
-0.0007587177615274521,-0.0007
-0.00044189736184957717,-0.000932
-0.0008853534406414124,-0.001118
-0.0013649423003767101,-0.0013
-0.001018015832399092,-0.001466
-0.001208947649474019,-0.001466
-0.0013410637720261177,-0.00135
-0.0013973029914699953,-0.00125
-0.0013852377319276696,-0.0011
-0.0012948333342053472,-0.001
-0.001178338585894065,-0.001
-0.0010900375297403135,-0.00085
-0.0009897140540469271,-0.000518
-0.0005598705241763677,-0.000466
-0.0005914944145603924,-0.000366
-0.0003129498215959383,-0.000284
-0.00017985297461760118,-0.00035
-0.0004763254183765769,-0.000466
-0.0003977053744330809,-0.000484
-0.00039804927788009517,-0.000534
-0.00046017237051120685,-0.00055
-0.0005093586107275702,-0.000616
-0.0007805452557160739,-0.000666
-0.0012789057683430896,-0.000734
-0.0006431724360382321,-0.000834
-0.0007145263658237003,-0.000932
-0.0007939986733566368,-0.001068
-0.0008950600542897398,-0.001066
-0.0009774382236626465,-0.000934
-0.0005533486268606627,-0.0009
-0.0009938842087839845,-0.000882
-0.00088068735172956,-0.00085
-0.0008922550203014065,-0.000768
-0.0008512561909860187,-0.000816
-0.0008300488906485048,-0.0009
-0.0014345487051905413,-0.000934
-0.0008561340341653146,-0.001016
-0.0009182792568530649,-0.001
-0.0009636764842347626,-0.000984
-0.0009842638274062665,-0.000966
-0.0009919633514257702,-0.000934
-0.0007380600439868874,-0.000966
-0.000962949860984705,-0.001034
-0.0009759061610249843,-0.0011
0.00022100414553182602,-0.0009
-0.0010018526070745193,-0.00075
-0.0009493268979191287,-0.000732
-0.0008741623380600681,-0.000834
-0.000805674112542987,-0.000866
-0.0007968901763006775,-0.0007
-0.00048350900833052656,-0.000518
-0.0006271908665261736,-0.00035
-0.0007328992043257286,-0.00035
-0.0004830859337183187,-0.000516
-0.0004355711636621858,-0.000784
-0.0005043995451122336,-0.000982
-0.0013208445530766301,-0.001134
-0.0008597344878721151,-0.001266
-0.0010459497232143385,-0.001284
-0.0011695068392620122,-0.00135
-0.0012604443307194745,-0.001366
-0.0013175516322068248,-0.001334
-0.0013077353544632118,-0.001166
-0.0005286380714964864,-0.0011
-0.0012442665887089069,-0.00105
-0.0007041646078248322,-0.001
-0.0010805239722367081,-0.001018
-0.0010429430335227319,-0.000916
-0.0009972294370603901,-0.0009
-0.0009597708645419445,-0.000916
-0.0009386648654262627,-0.000918
-0.000912687413628924,-0.0009
-0.0009087177311696513,-0.000716
-0.0008646049938133811,-0.0005
-0.0005594510392881423,-0.0005
-0.0006581455297963424,-0.000584
-0.0005771909029437848,-0.000616
-0.0005512721884982015,-0.000716
-0.0006059175310463907,-0.000718
-0.0006599784191932306,-0.000716
-0.0006925822647769259,-0.000666
0.0001872129001221712,-0.000634
-0.0006843784437091737,-0.000666
-0.0006712293242092701,-0.000618
-0.000646517979894768,-0.00045
-0.0005940781479823402,-0.000332
-0.0005198065615495313,-0.000218
-0.0006946736931955773,-0.00015
-0.00029033095105926915,-6.6e-05
-2.1250093385346234e-05,0.0
-0.00011054876736418699,-8.4e-05
-7.63254335848521e-05,-8.2e-05
-5.8849720360164916e-05,-0.00015
-8.031984963683853e-05,-0.00025
-0.00014319573894506617,-0.000268
-0.0001893777943871072,-0.000166
-0.00020977089798840013,-0.000116
-0.00020153620923915122,-0.000218
-0.000193409291104406,-0.000316
-0.0002058365999512393,-0.0004
-0.0002651366310790732,-0.000416
-0.00033945350326058265,-0.00035
-0.00037148780560408625,-0.000268
-0.00028854762746659913,-0.0003
-0.0003348865459571664,-0.00035
-0.00031786652057877966,-0.000382
-0.00032609251115068666,-0.000418
-5.2042035650819605e-05,-0.000266
-0.0002554419503044234,-0.0002
-0.00031867341952448704,-0.000134
9.128223080966073e-05,0.0
-0.00015243985018865413,8.4e-05
-6.525567156361515e-05,6.6e-05
1.8770657951259418e-06,1.8e-05
4.115027583776628e-05,0.0
4.115027583776628e-05,-0.0001
-5.499745490020348e-06,-0.000168
-6.437778681234433e-05,-0.0002
-0.00011889996435279775,-0.0003
-0.00019378739554804352,-0.0003
-0.00024346615772904284,-0.000366
-0.00029297133111460904,-0.000384
-0.0003384445541364391,-0.000366
-0.00035479590466619784,-0.00035
-0.000366802821331931,-0.000316
-0.0003546225722796206,-0.0003
-0.0003336529037802363,-0.0003
-0.00031700881323209107,-0.0003
-0.0003041794158517161,-0.000284
-0.0001642180698786973,-0.000316
-0.0003002852753861383,-0.000234
-0.0002842639033301435,-0.000184
-0.0001464694094269221,-0.000182
-0.00023034932602122242,-0.00025
-0.00021324679616251558,-0.000268
-0.00022195690637808884,-0.000316
-0.00025519287868656975,-0.000334
0.0006820980767021786,-0.00035
-0.0003177640359314588,-0.0004
-0.00035077714949666064,-0.000466
-0.0003887767052535041,-0.0005
-0.0004304410141687004,-0.000484
-0.00046344458143496005,-0.000382
-0.0004591292992854726,-0.000318
-0.0004228537577805575,-0.000232
-0.0003562820503948989,-3.4e-05
-0.00024475086471581015,0.000284
0.00042856328796047493,0.00045
0.00011040003565682149,0.00055
0.00030700840949712154,0.0007
0.0007535121639499887,0.000682
-0.00046119319333775367,0.000584
0.0006274252392351355,0.00055
0.0006274252392351355,0.000634
0.0006112584636340965,0.000716
0.0006194504504469618,0.00075
0.0006605791804334917,0.00075
0.0007113235186482687,0.000866
0.000769089278077528,0.000918
0.0008191806810026765,0.000916
0.0008608079092525604,0.000916
0.0009034531990028509,0.00085
0.0008992820975254025,0.00075
0.0008563149949372201,0.00075
0.0008147517505587582,0.0008
0.0007864708004951943,0.000784
0.0007704581857878158,0.000816
0.0007868920210741365,0.000834
0.0008080367576508148,0.000816
0.0008120501479581367,0.000668
0.0007818357173311456,0.000482
0.000696493856059388,0.00035
0.0003041168079342902,0.00025
0.00023461888379025604,0.000284
0.00033929933765784823,0.000434
0.0003277577438942693,0.000682
0.001089708434126592,0.000934
0.000577368155649159,0.001066
0.0006423252761930771,0.001184
0.0009618741027826508,0.00125
0.0011055143438486123,0.001284
0.00119393579382208,0.001316
0.0012572855069722224,0.00135
0.0012990780992103929,0.00135
0.0013243177246630477,0.001266
0.0013196456397287191,0.001234
0.0012987278052657397,0.00105
0.0012222829368179781,0.001066
0.00115159851027898,0.001018
0.0005090799684871834,0.001066
0.0010495114150273104,0.001216
0.0010896518663882327,0.001368
0.0011635996281598186,0.001432
0.001402875165398192,0.001284
0.0013229674361804487,0.001284
0.0013404554668920974,0.0013
0.0012363234912909982,0.0013
0.0012917949042778115,0.001366
0.001311715426633953,0.001366
0.0013321801669248282,0.001184
0.001302156031116419,0.000884
0.0006570461819795469,0.0007
0.00048555875573914377,0.00075
0.0008748323691389342,0.000882
0.0008019919780446347,0.0011
0.0013440047177227536,0.0013
0.001002796088336306,0.001468
0.0011820628014741507,0.001582
0.0013579932014742711,0.0016
0.0014845364156100482,0.001684
0.001581590086678175,0.001684
0.0016363350342049959,0.0017
0.0016660259173957891,0.001516
0.001644131125744377,0.0012
0.0015200158273412031,0.000866
0.00043629058303144657,0.000734
0.0005370612357694939,0.000584
0.0008403604469738202,0.000482
0.000557530591419775,0.000584
0.0006619698631727715,0.000684
0.0005817283685197005,0.000832
0.0006422958088984086,0.000968
0.0010397872077867177,0.000966
0.0008596016830994517,0.0008
0.0008896062529397811,0.000616
0.00048553082689761063,0.00045
0.0002822714045732729,0.00025
5.77949605641256e-05,0.0001
-0.000320213332217891,-0.0001
0.0001700020276599745,-0.000216
0.00017477709033557746,-0.0004
-0.00015850107940912708,-0.000534
-0.0003166343379599522,-0.000732
-0.00047517469487888786,-0.000934
-0.000655010793466859,-0.001084
-0.0008261454011215663,-0.001232
-0.0010000888297261707,-0.001318
-0.0011456298888120713,-0.001432
-0.0012696500398059543,-0.001468
-0.001364819066335821,-0.0015
-0.0014312048181296894,-0.001582
-0.001496875465348257,-0.001568
-0.0015306701525537082,-0.0015
-0.0013182765197661658,-0.00145
-0.0015263217739380536,-0.00145
-0.001493201008100897,-0.001332
-0.00143453276839396,-0.001084
-0.001332705474484575,-0.000784
-0.0011688317344682288,-0.000532
-0.000940490417585121,-0.000334
-0.00016429680712121172,-0.000184
-0.0004640751105353358,-0.000266
-0.0003988130212429815,-0.0005
-0.0012506690783928027,-0.0007
-0.00041752080860582634,-0.000984
-0.000619041561925934,-0.001116
-0.0008309616272804177,-0.001066
-0.0009704904115135609,-0.001034
-0.0010511918247590544,-0.000884
-0.0010271452499890676,-0.00085
-0.0009608060462644209,-0.000782
-0.0008897870258922529,-0.00075
-0.0008178184249079574,-0.0007
-0.0005278194171909247,-0.00065
-0.0007217435256140124,-0.000534
-0.0006604868976782057,-0.000466
-0.0005897928853927493,-0.0004
-0.0005147929005716497,-0.000334
-0.0004353470623221436,-0.000266
-0.00036834711269964317,-0.0003
-0.00032622911789959816,-0.000234
-0.000284427472456439,-0.000184
-0.0002470608323747068,-0.000132
-0.00021403994764879596,-0.0001
-0.00016376606051329092,-0.000118
-0.00013427745432415268,-0.000182
-0.00013375753605945342,-0.000284
-0.00017278618875938553,-0.0004
-0.0005672774659675501,-0.00045
-0.0003315808440920832,-0.000434
-0.00039361044610958815,-0.0005
-0.0004468948098982637,-0.000532
-0.0004799709605944966,-0.000568
-0.0005097230268830551,-0.000582
-0.0005462946614452413,-0.000568
-0.0005629619471329649,-0.000666
-0.0005970133982219462,-0.000784
-0.0006521322293081615,-0.000882
-0.0007279411248982992,-0.0009
-0.0008103093534971009,-0.0009
-0.000867696101189848,-0.000818
-0.0008758376740768949,-0.0007
-0.0008315318805759026,-0.000582
-0.0007529823293440165,-0.00055
-0.0006651223753174173,-0.00055
-0.0005970315440794394,-0.0005
-0.0005462292969107491,-0.0006
-0.0005508781867054992,-0.00065
-0.0005763871203518644,-0.000634
-0.0005974462952657102,-0.000684
-0.000642751373249355,-0.0007
-0.0009192337289572123,-0.000716
-0.0005522836622633877,-0.0006
-0.00016352450364729047,-0.000434
-0.00032569752317007715,-0.00035
-0.00025065339657824934,-0.000266
-0.00039800801577805604,-0.000234
-0.00016268740762786328,-0.000166
-0.000255641061642896,-0.000184
-0.00019662254771506414,-0.0002
-8.469614723214721e-05,-0.0002
-0.00019636306195291,-0.0002
-0.00023380279828232715,-0.000232
-0.00020834747381059983,-0.000334
-0.00024286424780173532,-0.000366
-0.00029260865064984084,-0.000318
-0.0002773511994705557,-0.000382
-0.0006002852935655691,-0.0006
-0.0004191915687107635,-0.000784
-0.0005255713426850866,-0.000884
-0.0017427778697431822,-0.0009
-0.000794961823914368,-0.000932
-0.0008757686409233878,-0.000884
-0.0009004887425865062,-0.00085
-0.0008922343498028706,-0.00085
-0.0008798348120075053,-0.000816
-0.0008505983642043704,-0.0008
-0.0008295417533790834,-0.000834
-0.0008254687184271315,-0.000884
-0.0008342837393122774,-0.00085
-0.0008427514642640082,-0.0009
-0.000867652945607027,-0.000882
-0.0008134445631967797,-0.000918
-0.0008881249442408995,-0.00095
-0.0009131248865845776,-0.000916
-0.0009170987504805771,-0.000934
-0.000929844558573934,-0.000916
-0.0009293553304769082,-0.000816
-0.0008966537339478468,-0.0006
-0.0006262044419338315,-0.0005
-0.0007121094953956582,-0.0003
-0.000558609032052937,-5e-05
-0.00036771433509083886,0.000166
0.0003034343659024771,0.0004
4.757693205632912e-05,0.000534
0.00025696104972391053,0.000582
0.00041649850178834466,0.000568
0.0005192137987369292,0.000366
0.0005103579496724233,0.00035
0.0007507879973700493,0.00045
0.0004313559354286933,0.00055
0.0004270276355988302,0.0006
0.0004851187186949313,0.000666
0.0005645442809210647,0.000734
0.0006357819194285105,0.000784
0.0006942766689588049,0.000816
0.0007485951099395007,0.000834
0.0007101079039862829,0.00085
0.0008203899051670233,0.000866
0.0008410367351930921,0.000866
0.00085366696206372,0.000818
0.0008495113240126573,0.000832
0.0008449744651641702,0.0008
0.0008283979876589457,0.000684
0.0007820471560184588,0.000534
0.0007096022657224806,0.000416
0.00035803669093415223,0.000334
0.0004887342808004708,0.000266
0.00038502305240811833,0.000284
0.000268310908834563,0.0004
0.0005829911624111689,0.000516
0.00036400817705506595,0.000784
0.0004914024319072787,0.001032
0.0006769263889740402,0.0012
0.0008765914127853279,0.001284
0.001070265226717557,0.0013
0.0012013632877692494,0.001384
0.0012903800796585626,0.0014
0.0013407434337610127,0.001382
0.0013655309906769866,0.001384
0.001299066817220734,0.001366
0.0013826969718656456,0.00135
0.0013701555019066697,0.00135
0.0013621482872601058,0.001284
0.0013367154478726637,0.001216
0.0012986233482426043,0.001218
0.001265630707938357,0.001166
0.0012199593203184452,0.001184
0.0011954531819836824,0.00115
0.0011788711818261773,0.000982
0.0011184943123986654,0.000768
0.0010169114353002114,0.000532
0.0003481262914166718,0.00035
0.0006520823432147392,0.000184
6.214835147981876e-05,0.0001
4.563695128185841e-05,5e-05
1.1323550193689765e-05,-5e-05
-0.00013378608619936814,-0.000184
-0.00022135535147842792,-0.000216
-0.00023145255470929856,-0.0002
-2.408919177107066e-06,-0.000184
-0.00019633302266925534,-0.000182
-0.00019584460324631347,-0.000168
-0.0002011465861207571,-0.0001
-0.00015935286962837222,-8.2e-05
-0.00013406169613380575,-3.4e-05
-9.719286398389238e-05,-1.6e-05
-5.8849720360164916e-05,3.2e-05
-2.6013099913783125e-05,8.4e-05
1.5362339770562657e-05,0.000116
5.275123318242182e-05,0.000168
9.877409324153591e-05,0.000132
-7.234934090418227e-05,3.4e-05
-0.0003192107341438701,-0.0001
5.592518527403673e-05,-0.000266
-5.37059516116805e-05,-0.000334
-0.000170063087262386,-0.0004
-0.00027776750883371984,-0.00045
-0.0003642180622745597,-0.000534
-0.0004313114630631506,-0.0006
-0.000497904945477801,-0.000616
-0.0005516226402329199,-0.000666
-0.0006051709868006066,-0.000684
-0.000642358633777174,-0.0007
-0.0006672837836299668,-0.000666
-0.0006793553547748988,-0.000468
-0.0006318317090276006,-0.000482
-0.0005815993206792324,-0.0004
-0.0005064438731964348,-0.00035
-0.00042632170728014056,-0.000334
-0.00039293021313868725,-0.0002
-0.00032283509304554213,-0.000234
-0.0002810852027437552,-0.00015
-8.830390859134032e-05,-1.6e-05
-0.00015205705149057814,8.4e-05
-8.202721703689261e-05,-3.4e-05
-3.106047372527394e-05,-0.000216
-4.818378256318641e-05,-0.000384
-0.0001419132804667274,-0.00055
-0.00030075858641034117,-0.00065
-0.00045409555952179945,-0.000684
-0.000569890903369264,-0.000732
-0.0006556556025681317,-0.000668
-0.0006842574976242293,-0.000616
-0.0006760281934609539,-0.000584
-0.000651390379316816,-0.000616
-0.000621748529388771,-0.000584
-0.0006004001252854885,-0.000532
-0.0005797485615574651,-0.000534
-0.0005673784910567682,-0.00055
-0.000550519174859746,-0.0006
-0.0005546828602041318,-0.0006
-0.0005717344830430668,-0.000566
-0.000579541777677074,-0.000534
-0.0005756824299208638,-0.000466
-0.0005427271069670265,-0.000318
-0.0004733668152073274,-0.000316
-0.0004108464860871777,-0.000384
-0.0003725206993706177,-0.000416
-0.00035956794960680463,-0.00045
-0.00039272705842979485,-0.000466
-0.00028938955580677184,-0.000368
-0.0004259322025042953,-0.000282
-0.00044808730831570365,-0.000184
2.770586555666121e-06,-0.0001
-6.293876114185145e-05,-0.0001
-0.0001683600196416075,-0.000184
1.277710857573078e-05,-0.000266
-0.00016420911529249955,-0.000334
-0.00022317654468673615,-0.000432
-0.0003062571165346986,-0.00055
-0.0003981524725827092,-0.0006
-0.0007337838543260431,-0.000668
-0.0005646380721001174,-0.000716
-0.0006350734664687782,-0.0006
-0.0006472169109883902,-0.0005
-0.0006230118755454674,-0.000434
-0.0005651417379881053,-0.000332
-0.0004689202517236276,-0.00015
-1.3192114716256935e-05,-5e-05
-0.00024522569446939015,0.0
-0.00014235864292563898,-5e-05
-0.00011268742432171627,-8.4e-05
-0.00015153618648548793,-8.4e-05
-0.00028980336025265154,-0.000166
-0.0001793412219887739,-0.000184
-0.00020470013673068902,-0.000182
-0.00015501823847214463,-6.8e-05
-3.822593261454891e-05,1.8e-05
5.320407587660984e-05,5e-05
1.9822439299656874e-05,0.00015
0.00041621388795831394,0.000366
0.0006866960792009149,0.0006
0.0011656159485074543,0.00085
0.00048502601703165034,0.00105
0.0010601373924902873,0.001184
0.0009155406280493315,0.001282
0.0010874843831581746,0.001334
0.001209817127195246,0.001434
0.0013062607818714678,0.001466
0.0013771591717388217,0.001484
0.001428061615598888,0.00145
0.0014580366786970328,0.001416
0.0014533774536530147,0.001516
0.0014655725744189664,0.001518
0.0014038960671197713,0.001466
0.0014779594101140864,0.00145
0.0014867532082354683,0.0014
0.001457454748936726,0.00135
0.0014153715073985322,0.00135
0.001386470836854056,0.001316
0.0013532552391877387,0.001284
0.0013243176457680152,0.001284
0.0010805813833875942,0.001266
0.0012870501570184773,0.001284
0.001279299903493025,0.001232
0.0012659710611089051,0.001218
0.0012493466154238724,0.0012
0.0009201279797186695,0.001166
0.0012033853674542634,0.001116
0.0011740353896992463,0.001034
0.0008602873598276006,0.000966
0.0010686010937953567,0.000834
0.000984937724341729,0.000766
0.0008973805694501702,0.000584
0.00035782134694272637,0.0004
0.0006418118273210494,0.000234
0.0004910638538749635,8.2e-05
0.00011993195597925966,0.0
0.0001752124134015933,-3.2e-05
-8.305750726734898e-05,-0.000134
-0.000267196540932209,-0.0003
-0.00011939981369358457,-0.000634
-0.0002806604121645887,-0.000832
-0.00048178665087428237,-0.000884
-0.0008028738122566084,-0.000934
-0.00109244658956013,-0.001082
-0.0008895113666484199,-0.001184
-0.000981504789221927,-0.00125
-0.0014267202666878025,-0.001234
-0.0011891273238092536,-0.00115
-0.0012054878656103077,-0.001132
-0.001192770933098875,-0.001168
-0.0011719569244987701,-0.001216
-0.0011672774234313791,-0.001184
-0.0011757519333559117,-0.001066
-0.001159892848381933,-0.000984
-0.0011148033116272955,-0.000966
-0.0010521345415033473,-0.000934
-0.0009887094835970916,-0.000966
-0.000962949860984705,-0.000834
-0.0009263435126081838,-0.000616
-0.0008408934073517271,-0.000434
-0.0002735515752540082,-0.000316
-0.0004938529754995479,-0.000234
-0.00010539919983080797,-0.000166
-0.00017520653056886102,-0.000166
-0.00022203152135515097,-0.00025
-0.00020495400122177185,-0.00025
-0.00020904269683769084,-0.000368
-0.00026028411320523523,-0.0005
-0.0003445584457911589,-0.000632
-0.00044104458544242476,-0.00075
-0.0005660445732934295,-0.0009
-0.0006991580868473989,-0.000984
-0.0008198613328815724,-0.00105
-0.0009237807652649023,-0.001034
-0.000993449733839569,-0.000966
-0.0010093586804741379,-0.000884
0.0004144416688414794,-0.000716
-0.0009029453761109684,-0.0005
-0.0007709215607469875,-0.000316
-0.0006093284394374188,-0.000234
-0.00044609883791456865,-0.00035
-0.0003523889355647446,-0.0004
-0.0003264995700712809,-0.000384
-0.00034361044307968297,-0.000482
-0.00040520415004218586,-0.000584
-0.00046446919122307076,-0.0007
-0.0005404135495841474,-0.00075
-0.0006315808228239977,-0.000716
-0.0006890487140577529,-0.000568
-0.0006852137054190934,-0.00035
-0.0002379498367748387,-0.000232
-0.00047115751761000227,-0.00025
-0.00035331429540187015,-0.0003
-0.00028414204995232437,-0.00025
-0.0002586304141510934,-0.000218
-0.00025522930846786333,-0.000182
-0.00023857659863740885,-0.000134
-0.00019707061232884156,-0.000166
-0.00020896330871115768,-0.0002
-0.0005836207297564694,-0.000218
-0.00017522911427193694,-0.000232
-0.00020461459479161463,-0.000318
-0.00024312497616065258,-0.0006
-0.000345813862997081,-0.000766
-9.359420513908313e-05,-0.00075
-0.00034476941110827663,-0.00075
-0.0007181764445059932,-0.000934
-0.0008019258095451325,-0.000982
-0.0008566133214882354,-0.001
-0.0009189580697133794,-0.00095
-0.0009671451832371553,-0.000868
-0.000951256197045829,-0.00085
-0.0009185126283594352,-0.000782
-0.0008639847210672407,-0.000734
-0.0008098313284947014,-0.000566
-0.0007356005702412524,-0.000418
-0.0006285691232978222,-0.000282
-7.173446260589446e-05,-0.0001
-0.00034576116111531785,0.000116
0.0003765518166274378,0.000366
1.899695132826539e-05,0.000684
0.000259258196940013,0.0009
0.0010899219240847525,0.001066
0.0007475088831309454,0.001134
0.0009416959881451371,0.001134
0.0012484637800093071,0.00105
0.0008483152753187513,0.0011
0.0011036456361069329,0.001232
0.0011273490174851988,0.001184
0.0011397419280978274,0.001184
0.0011738203218404346,0.001182
0.0011949745258210225,0.00115
0.0011746377532729912,0.001134
0.0011619698145767902,0.001116
0.0011448961405762495,0.001134
0.001133197269565223,0.001016
0.001098782625193762,0.000968
0.0010567901129430346,0.000932
0.0010106095367828545,0.000918
0.0009575593334508751,0.000882
0.0009242343872694027,0.0008
0.0008817275583012893,0.00075
0.0008358579863595377,0.000734
0.0007900698340914083,0.000666
0.0007363106011016364,0.000634
0.0006948159165064861,0.0008
0.000706912497376746,0.001084
0.0007915970841320832,0.00125
0.000936053336520015,0.001316
0.0011075594608831393,0.00135
0.0012474612608303188,0.001384
0.0013237709031922388,0.001432
0.0013694355058393487,0.00145
0.001403021278998529,0.001434
0.0020463850232743507,0.0014
0.0009177126082962465,0.00115
0.0013554813414270034,0.000866
0.0002910644531918454,0.00065
0.0005452998495466137,0.000518
0.00019324352793188235,0.00045
0.0006170650985844353,0.000382
0.0004975433056631407,0.000418
0.00034935419397998183,0.00045
0.00042430244338346736,0.000666
0.0009807358538015745,0.000934
0.0006118823261042194,0.001066
0.0007730877572236923,0.001016
0.0009982149693745417,0.00105
0.0010152358625982868,0.001134
0.001026882978467941,0.0012
0.0010982149754343521,0.00125
0.0011566410073912696,0.001234
0.0013148143446186451,0.0011
0.0011945537786122757,0.00085
0.0005623126165820032,0.0006
0.0009399822302474441,0.000316
4.1794960432815675e-05,6.6e-05
-0.00010048865466050779,-0.000166
0.00019692871490367323,-0.00045
-6.551976282329613e-05,-0.000666
-0.00031088407351039155,-0.000834
-0.0005351966550023408,-0.00095
-0.0009963037616431342,-0.000966
-0.0011812756112719038,-0.000934
-0.0009222777359992292,-0.00095
-0.0009502853147749051,-0.000966
-0.0009543330244213988,-0.000968
-0.0009548446587076772,-0.000982
-0.0009667860530488531,-0.000968
-0.0009711670153129631,-0.00095
-0.0009672864053454726,-0.000966
-0.0009667860530488531,-0.000984
-0.000967303052197347,-0.000932
-0.0009584797473337801,-0.000884
-0.0009424458309676053,-0.00085
-0.0009137539166793343,-0.000834
-0.0008759322692209578,-0.000632
-0.0010380049934335777,-0.000468
-0.0003349085971187724,-0.0003
-0.00020499441520221073,-0.000266
-0.0002719862978076299,-0.000184
-0.000307064015480406,-0.000182
-0.00023427628682035333,-0.000368
-0.00025188749240161683,-0.000616
-0.00032490379969481056,-0.0008
-0.0004973378874311356,-0.000984
-0.000697650166089706,-0.001066
-0.0008708089835953068,-0.0011
-0.0009903810326523546,-0.0011
-0.0010636764113995405,-0.0011
-0.0010918687623415176,-0.001134
-0.001108868748381629,-0.001132
-0.0011169128070084077,-0.00105
-0.0011048439182945833,-0.00095
-0.0010683682989870464,-0.00065
-0.00036294978517832714,-0.00035
-0.00026294983828979127,-0.0002
-0.00014570010396423887,-0.00015
-0.0001759060928227439,-0.0001
-0.00020231999194031278,-8.4e-05
-0.00012970010260019408,-0.000116
-6.705751576518325e-05,-0.0001
-0.00018452387612644098,-0.0001
-7.919425420702606e-05,-0.0001
-0.0001041794530414909,-0.000118
-0.0001047001010852415,-0.000182
-0.00025586881187819507,-0.0002
-0.00012649953822790218,-0.000284
-0.00019746993953624297,-0.000334
-0.00028979292638459293,-0.000482
-0.0005583020120336536,-0.0006
-0.0004282667854133568,-0.000534
-0.0008216715005090776,-0.0004
-0.00021680279251845742,-0.00025
-0.00012522911124203178,-0.00015
-0.00037270085617751317,-0.000166
-0.00018796198357995083,-0.000168
1.8377535332869366e-05,-0.000182
-7.973446821885639e-05,-0.000168
-7.174855523108898e-05,-0.000132
-0.00044932690706759356,-0.00015
-0.00020104680362830211,-0.000134
-4.617319689823142e-05,-8.4e-05
-0.00012561408941538278,-0.0001
-0.000264023737749506,-1.6e-05
5.2464200726548573e-05,-1.6e-05
0.00012453125038415443,6.6e-05
4.4458254564180364e-05,8.4e-05
-1.3618070464228742e-06,0.0001
8.251529151593249e-05,0.0001
9.828025471604375e-05,0.00015
-6.048183176101718e-05,8.2e-05
0.00019515541098014079,0.00015
0.00010725350945090704,0.00015
0.0004636351674008401,0.000134
-0.00011889380067837747,0.000134
0.00011634708404139369,0.000116
0.00013672174592882115,0.0001
6.644384083800784e-05,5e-05
9.922282846309026e-05,5e-05
-3.072776844194643e-05,6.6e-05
4.545315913978992e-05,0.000134
0.0001739074797008484,0.0001
-0.00024421678479276285,6.6e-05
8.24910066387166e-05,6.8e-05
7.064465615710144e-05,6.6e-05
-0.00016269367978295337,6.6e-05
0.00014794294696509453,5e-05
8.642342598791411e-05,1.8e-05
-4.33301862806648e-06,-1.8e-05
-0.00010056345701327228,-3.2e-05
8.131279661697785e-06,-1.8e-05
-5.530083441903429e-05,-3.2e-05
4.299892798127695e-06,0.0
-9.370717936187229e-06,0.0
0.00010360079764690172,3.2e-05
-8.96330645341619e-06,1.8e-05
1.2162627218075634e-05,3.2e-05
4.968016760969995e-05,5e-05
3.2713636145239326e-05,0.000118
5.3547022721354076e-05,0.000166
9.01686077010422e-05,0.0002
0.00013210237273813486,0.000184
0.000211074061703717,0.000132
0.00016987119011032038,0.000134
0.00016175318711425665,0.00015
8.15988024390326e-05,0.0002
0.00015331715824186474,0.000216
0.00017415644283803227,0.000268
0.00020745471263661377,0.000266
0.00023675319165911436,0.0002
0.00023675319165911436,0.000166
-0.00013927199311851286,0.00015
0.00019439466562849245,0.000234
0.00018669608834937976,0.000284
0.00020716491145819093,0.000366
0.00010579970082368456,0.000434
0.00032760105835956627,0.000482
0.00038965190286459323,0.000584
0.0006104542471194969,0.000616
0.0005271676014464366,0.000668
0.0005858158412626145,0.000732
0.0006486095811181687,0.000834
0.0007104836810264593,0.000916
0.0007851460740031511,0.000968
0.0011274503976020634,0.000966
0.0009196506647715633,0.000934
0.0009454532062816731,0.000866
0.0009324760779527929,0.000766
0.0008811000272121516,0.000718
0.0008189090454055051,0.000782
0.000781675008149781,0.000884
0.0007859992448854663,0.00095
0.0008312775774530666,0.000884
0.0008735094572326403,0.00065
0.0008391708676725857,0.0005
0.0007415228014290044,0.0005
0.0006296053062228899,0.000532
0.0005439684958718338,0.000618
0.0005363017921858832,0.000832
0.0006172883320791191,0.000984
0.0007370964745211613,0.001066
0.0009865765319584713,0.00115
0.0009442480846590204,0.000984
0.00035206737442663446,0.000784
0.000992633776979799,0.0007
0.0009001529408950156,0.00075
0.00039610007277235263,0.000682
0.000449222820086789,0.00055
0.0004867531870848819,0.0004
0.0002352264741599093,0.0003
7.706348697462029e-05,0.000234
0.0002912822232055231,0.000316
0.0003018230137570723,0.0004
0.00031103284510900446,0.000468
0.0003976003012643691,0.000582
0.0004390853606655446,0.000668
0.000526943855134041,0.000616
0.0005575593486591503,0.000516
0.0003492820444726878,0.000368
0.0007056856007251013,0.000366
0.00031920134092591914,0.000384
0.0004069505066030184,0.000416
0.0003830008938280718,0.000434
0.0003993391477824224,0.000516
0.0006868920544618425,0.000734
0.0005218650268592487,0.000582
0.0005637719379996271,0.00075
0.0006430337535856415,0.000868
0.0007309795059601709,0.001016
0.0008000549472047415,0.001116
0.001194131295712812,0.001084
0.0010186330827011624,0.000966
0.0010440509320324145,0.001034
0.0010485951281189315,0.001184
0.0010650285689300892,0.001382
0.0011255699345005298,0.0015
0.001270556598192494,0.001584
0.0014087758826748817,0.001684
0.001534749159095304,0.001682
0.0016106024725887841,0.001718
0.0016657587788154746,0.001732
0.001703462241515047,0.001818
0.0017362608000391487,0.001832
0.001773746828028932,0.001718
0.0017737469858189973,0.00145
0.0017006968128330687,0.001332
0.0009392907941819169,0.00145
0.0014839903041945325,0.001434
0.0014152784112600883,0.001366
0.00139429974872699,0.001318
0.0013906822536931525,0.001332
0.0013613874235659086,0.0014
0.0013532102690191684,0.00145
0.001373678322901412,0.0014
0.001394458327742475,0.001318
0.0013493466214836826,0.001366
0.0013823037590232692,0.001434
0.0013784355355758937,0.001466
0.0014811275190423508,0.0014
0.0013615606770574532,0.001284
0.0013942945416548398,0.001266
0.0012571323717139853,0.00125
0.0012985368003918646,0.001216
0.0012533775204284267,0.001268
0.00124948081587429,0.001382
0.001277453680835631,0.00145
0.0013267153447031404,0.001418
0.0009138378365611669,0.001466
0.0014282006286462931,0.001466
0.0014495112814764863,0.0015
0.0014617739363903262,0.001384
0.0014529392706420679,0.001466
0.0014529391128520028,0.00145
0.0014489531780160186,0.001418
0.0014287186534302106,0.001482
0.0014534109051468284,0.001534
0.0014699364164610066,0.001416
0.00146128194696716,0.00135
0.0014437833443211457,0.001368
0.0014152208178863054,0.001432
0.0013906653701561804,0.001384
0.0013827425731944766,0.001234
0.0013526781220244194,0.0012
0.0013100759089619174,0.001016
0.001205252891770454,0.000766
0.0005077949656440439,0.000518
0.00023515617868588093,0.000366
0.00025779495049451826,0.00025
0.00027320486632426334,0.000266
0.0002659804087434375,0.0003
0.00034064136188578456,0.000318
0.00027463779735348943,0.000282
0.0002499481097254304,0.000234
0.00024566696940129173,0.000284
0.00027453124961199075,0.000282
0.000349282064196446,0.0003
0.00028269694465524886,0.0003
0.00038257533402233775,0.0004
0.00045653990043586324,0.00055
0.0003849624610230972,0.000684
0.00047987941792387216,0.00075
0.0005828547923473551,0.000584
0.0004118920575211223,0.000466
0.0006183403578910512,0.000616
0.0006014920475510738,0.000868
0.0006298680661288962,0.001066
0.0014562918361565034,0.001284
0.0009523882374354809,0.001432
0.0012358078333580584,0.0016
0.001340631955079978,0.00155
0.001463480751525152,0.0016
0.0015437974725917877,0.001684
0.0016073052913872193,0.0018
0.0016561514151181324,0.001784
0.0017149941706371351,0.001632
0.0012854466943763305,0.0015
0.0016759649558100958,0.001384
0.0015713002809490196,0.00135
0.001463758304249767,0.0013
0.0013816743344533494,0.001266
0.0013238753602153742,0.001334
0.0013116961762460035,0.00135
0.001311696097350971,0.00135
0.001324138475149027,0.001266
0.001213398172724032,0.001334
0.0013241383962539943,0.001366
0.0010610365591765965,0.001284
0.0013115147176710705,0.00125
0.0008674746184005652,0.00115
0.001260579137897321,0.0011
0.0005471159737490787,0.001034
0.0011315442608426163,0.001132
0.001261941576214937,0.001218
0.0011193572662650203,0.001116
0.0011233798083961214,0.001066
0.0011316406705724287,0.0012
0.0011484638528445293,0.001368
0.0011846557656149102,0.001482
0.0012750646603540896,0.0014
0.0013599550053543944,0.00115
0.000715820929980466,0.0009
0.0008732937582135678,0.000768
0.0008161971864506482,0.0008
0.0009007835488904239,0.000832
0.0008237874408500292,0.000784
0.0007954109489020114,0.0006
0.00029082861621570696,0.00035
0.00027080574727855175,0.00025
0.00013669609518135372,0.000216
0.00019103669580432527,0.000218
0.00035809219358957196,0.0002
0.00021214833591483648,0.0002
0.00031132355358030195,0.000182
0.00019103669580432527,0.000168
0.00014951134076525975,0.000132
8.642342598791411e-05,0.0001
5.3377450176173175e-05,0.0001
0.00011147072507489813,0.000168
0.00012430246465155282,0.00015
7.860079613194916e-05,0.000132
0.00013687510801027673,0.000184
0.00021205015104679124,0.000184
0.000191623655122959,0.000182
0.00016994604177248023,0.000184
0.00018308722245973053,0.0002
0.00022463777459982617,0.0002
0.0001411448677259658,0.000184
0.00012430246465155282,0.00015
-3.3652920117382184e-05,3.2e-05
-1.700883943111607e-05,-5e-05
-0.00019661459904053176,-0.000166
-0.000580781376428964,-0.00035
-0.0006041794734786631,-0.000584
-0.0002925054559472268,-0.000866
-0.0009314392638674645,-0.001134
-0.0007408072479163399,-0.001332
-0.0009859851592270872,-0.001418
-0.0011927635958608452,-0.001432
-0.001331949028912202,-0.001384
-0.0013924567851987637,-0.0013
-0.0013847724090255153,-0.001184
-0.001327334300666559,-0.001166
-0.001260703737586596,-0.001234
-0.0012806537666849222,-0.0012
-0.0011966225096943762,-0.0013
-0.0013845661774103525,-0.001416
-0.0012964877630385406,-0.00135
-0.0013184556114901214,-0.0013
-0.0014297343725124718,-0.001434
-0.0016177639569189273,-0.001466
-0.0013891356199072949,-0.0014
-0.0014015448617916676,-0.001316
-0.0014053872076683568,-0.001384
-0.0013928234893101936,-0.001434
-0.001226229211885407,-0.001416
-0.0013886169639631169,-0.00135
-0.0012970231447296254,-0.001366
-0.0013923586397782347,-0.001168
-0.0013273276734838222,-0.000982
-0.0012203718868766358,-0.001084
-0.0013508678999347135,-0.001284
-0.00113224992244684,-0.001382
-0.0011869209453281339,-0.001418
-0.0012345516910821587,-0.001282
-0.0013429854972296905,-0.001284
-0.0013429854972296905,-0.001284
-0.0009771348722623782,-0.001266
-0.001279194287477233,-0.0012
-0.0012593585772811145,-0.00125
-0.0012507771645874368,-0.001266
-0.0012461731660662245,-0.001218
-0.0012341452238743087,-0.0011
-0.0012101120612598604,-0.001082
-0.001168426056210705,-0.001168
-0.0011433486389450336,-0.00125
-0.00115163853449333,-0.001232
-0.0011846322793280335,-0.0013
-0.0012895448423814748,-0.00135
-0.0012841420316553945,-0.0014
-0.0013220415485109271,-0.001368
-0.0013553991572358875,-0.001366
-0.001458469363488531,-0.0013
-0.000818007457406018,-0.001216
-0.0013140398565166438,-0.001184
-0.0012682706390563334,-0.001234
-0.001295216764063684,-0.001282
-0.0012298806317832538,-0.001168
-0.0010878516639676644,-0.001132
-0.0009430278396229446,-0.0011
-0.0011722047337961025,-0.001018
-0.0011058754708455608,-0.000966
-0.0009884446329727222,-0.000934
-0.0008599998118666801,-0.001016
-0.000984378382993572,-0.00115
-0.0010185445869074403,-0.001116
-0.001056108405399347,-0.00105
-0.0009185964937790673,-0.00105
-0.0008487909579030054,-0.001118
-0.0010843323932493885,-0.001182
-0.0011013618071366521,-0.001134
-0.001122173369990747,-0.000966
-0.0010911273068253348,-0.001
-0.0010727307209185,-0.000934
-0.0009419632300533161,-0.00095
-0.0009631079666299945,-0.000866
-0.000938689401781395,-0.000918
-0.0009177838749434979,-0.001082
-0.0009559781436407476,-0.000968
-0.000949485398039581,-0.000716
-0.0009242844311528901,-0.000716
-0.00034374093546356955,-0.000934
-0.0008364291319332131,-0.001016
-0.0010925725849271596,-0.001118
-0.0009496681978300677,-0.00115
-0.0010566175150445827,-0.0011
-0.0010972294431202004,-0.001016
-0.0010972294431202004,-0.001116
-0.0010967240415414958,-0.001234
-0.0011184284594792935,-0.001334
-0.0011779739330534823,-0.001366
-0.0012649204403928753,-0.0012
-0.0012851996984621558,-0.001034
-0.0012367470242587173,-0.000882
-0.0011249867668525339,-0.0009
-0.0010071616116068625,-0.001084
-0.0013184469330365376,-0.001266
-0.0005737425194122814,-0.00135
-0.0011543006106826293,-0.00115
-0.001009079786533969,-0.000968
-0.0008197728126550181,-0.00105
-0.001034081070093201,-0.000932
-0.0004937322660997012,-0.000668
-0.0006517850122697788,-0.000566
-0.0008088344897580587,-0.00055
-0.000665534680757678,-0.000466
-0.0004583475284076418,-0.000418
-0.0007062255827609078,-0.000582
-0.0005056192228683971,-0.000818
-0.0005748328882100471,-0.00095
-0.0006971062637351025,-0.0011
-0.0008672167349718946,-0.001216
-0.00102473035193684,-0.001284
-0.0011406415136921313,-0.001282
-0.0011973586792433759,-0.001284
-0.0012672251220845893,-0.001116
-0.0012432975210237324,-0.0011
-0.0011976748905339547,-0.0012
-0.0014047958105041405,-0.00135
-0.001279627026730932,-0.001434
-0.001335592559306791,-0.00135
-0.001274211750589704,-0.00135
-0.0013802588242116391,-0.001316
-0.0013635812032746478,-0.0012
-0.001305528975982092,-0.001268
-0.0017549142926048947,-0.0014
-0.001297806414613075,-0.00145
-0.0013319815336656248,-0.00155
-0.0010037308611151406,-0.00165
-0.0015148813630537579,-0.001716
-0.0015940007731059661,-0.001734
-0.0016642881998410238,-0.001632
-0.0017142181835295147,-0.001534
-0.0008172910905101957,-0.00155
-0.0014770567175841432,-0.0016
-0.0015799708694623443,-0.00165
-0.0015846285166057107,-0.001466
-0.0009569717476810547,-0.0011
-0.0014593354731561893,-0.001018
-0.0011012841744245938,-0.001116
-0.0008835226814104039,-0.001284
-0.001379609991463705,-0.0014
-0.0012081603559439076,-0.001416
-0.001555541811574412,-0.00145
-0.0013890486775813922,-0.001516
-0.0014466052862792832,-0.001634
-0.0015060642120027323,-0.001684
-0.0015732999788776129,-0.001682
-0.0016306928014878687,-0.0017
-0.0016756140551380141,-0.001718
-0.001696363133126306,-0.00175
-0.0017145162489626002,-0.001816
-0.0017470973727769126,-0.00185
-0.001784794839454009,-0.001566
-0.001748220522460715,-0.001218
-0.0016187682906836649,-0.000932
-0.0014001066053477423,-0.000818
-0.0011406687324783714,-0.0009
-0.0015510411655458788,-0.001
-0.0009979379144529545,-0.001166
-0.0009742170183774559,-0.001366
-0.0011123809974420056,-0.001384
-0.001232905230647256,-0.001316
-0.0014128517822808385,-0.001384
-0.0013631920929739654,-0.0015
-0.001397640977789566,-0.001516
-0.0014310530240870063,-0.001484
-0.0014722777298806695,-0.001284
-0.0014483365588742088,-0.001032
-0.0013337894922322178,-0.00115
-0.0007058155652765919,-0.00125
-0.0011814336380221607,-0.001218
-0.0011645722705542914,-0.001132
-0.0011886981348320207,-0.000984
-0.0011485546854598605,-0.001016
-0.0010898145723782437,-0.001018
-0.0010388945349259122,-0.000866
-0.0009725408145152708,-0.000766
-0.0008405921072223058,-0.000868
-0.0008817315274857504,-0.001082
-0.0008983594445522167,-0.0013
-0.0010090945399050615,-0.001484
-0.0008905590926810764,-0.0016
-0.0013713605690671218,-0.001566
-0.0015756975989177056,-0.0015
-0.0015106309720685671,-0.001568
-0.0015594034078390507,-0.001532
-0.001542194034382473,-0.001484
-0.0012940723916161176,-0.001466
-0.0015134958084915958,-0.001568
-0.0016007707558516175,-0.001616
-0.0015350194779097538,-0.001466
-0.0015306187129924661,-0.001168
-0.0014588160282616857,-0.000982
-0.0013141455758603003,-0.00105
-0.0011710944440026104,-0.00105
-0.001064160590214481,-0.00095
-0.0012150469455477115,-0.000968
-0.0010056403575886635,-0.000982
-0.0008383038356973685,-0.00085
-0.000730692983634674,-0.000734
-0.0008859898868692316,-0.000634
-0.0008032223705105449,-0.000682
-0.0006608182568150398,-0.00075
-0.0007011331450929955,-0.000718
-0.0006970706031803766,-0.000532
-0.0004219459520881808,-0.0005
-0.0007305198879331944,-0.000568
-0.0005815711157050853,-0.00065
-0.0009654767899831954,-0.000716
-0.0006508725123229638,-0.0007
-0.0005298055207410824,-0.000634
-0.0005880301336798243,-0.000566
-0.0004468948098982637,-0.00055
-0.0006139775659172665,-0.000616
-0.00038978699559320156,-0.0007
-0.0006094497405500098,-0.000734
-0.0009080482279231811,-0.000566
-0.0006556503954959815,-0.000484
-0.000623504890604057,-0.000484
-0.0005695312998107665,-0.000432
-0.0007221120443111916,-0.000368
-0.0004342774429179463,-0.0004
-0.0004220634662392081,-0.000366
-0.0003921714007153371,-0.000284
-0.0002340196215556139,-0.000216
-0.0003182792599417196,-0.000234
-0.00022935534722951076,-0.00025
-0.00020042542635170557,-0.000216
-0.0002463630649828151,-0.000216
-0.0002628373734208491,-0.000218
-0.00022116704875941868,-0.000232
-0.00022145274739614738,-0.0002
-0.00021268743038152656,-0.000218
-0.00022604299845793274,-0.000216
-0.0001708446017313609,-0.0002
-0.0002087177873697701,-0.000216
-0.00021268743038152656,-0.000218
-0.0002043330184203382,-0.000216
-0.00021268743038152656,-0.000216
-0.0003225692562332653,-0.0002
-0.00022070012823285473,-0.000218
-0.00023856683537712713,-0.0002
-0.0002291942632967415,-0.0002
-0.00022135535147842792,-0.000266
-0.0002307653395280144,-0.000316
-0.00013048428963839762,-0.0003
-0.0003129725039178049,-0.00035
-0.0006415212419013746,-0.00035
-0.0003340088387197189,-0.000334
-0.0003340087992722026,-0.0003
-0.0003295417625275484,-0.000334
-0.00032995525139329783,-0.000282
-0.00043885970585768295,-0.00025
-0.0002840137074580756,-0.000234
-0.0001960347797223465,-0.00025
-0.000254873689108511,-0.00025
-0.00024617943679448623,-0.00025
-0.00022518116884579187,-0.000234
-0.0002461794565182444,-0.000232
-8.64745512142349e-06,-0.000184
-0.00018768740914281584,-0.0002
-0.0003104600916053091,-0.000216
-0.0002463330059754023,-0.00025
-0.00021678610621906686,-0.000218
0.00028606357320924166,-0.0002
-0.000180564509192678,-0.000182
-0.00017145274436624223,-0.0002
-0.00020031986479811413,-0.000218
0.00032374654292410154,-0.000216
-0.0005165861846621829,-0.000216
0.00013383185047106936,-0.000218
-0.0002173030659200444,-0.000216
-0.0002005983839868781,-0.000216
-0.00011533095031648025,-0.000234
-0.0002252291173018421,-0.000216
-0.0003259061216362175,-0.0002
-0.00023350899318100088,-0.000218
-0.00024263042264892766,-0.000232
-0.00017067379398582618,-0.000218
-0.0002211942675456586,-0.000232
-0.00022945274314723022,-0.000234
-0.00011765291988220812,-0.000216
-0.00022945274314723022,-0.000234
-0.00023796196688609785,-0.000216
-0.00021373908144205385,-0.000234
-0.00023330305742221013,-0.000234
-0.0002378516519067935,-0.000232
-0.0002252291173018421,-0.000234
-0.00019220505705086987,-0.000216
-0.0002208300091802388,-0.000234
-0.00022584353209181347,-0.000216
-0.00023391277795774306,-0.000234
-0.00020497883343327628,-0.000234
-0.00028616284759305885,-0.000232
-0.0002555710225777235,-0.000218
-0.0002211942675456586,-0.000216
-0.00038859414214811503,-0.000216
-0.0002211942675456586,-0.000234
-0.0002965179389616739,-0.000216
-0.00022070012823285473,-0.0002
-0.00010137662811406972,-0.000184
-0.0002087177873697701,-0.0002
-0.0002252291173018421,-0.0002
-0.00019617945348833924,-0.000216
-0.00013565316673100046,-0.0002
-0.0001793412219887739,-0.000184
-0.0002962946660194738,-0.000184
-0.00018768740914281584,-0.0002
-0.0001714527246424841,-0.000166
-0.00018380279525242202,-0.000166
-5.137663001510412e-05,-0.000184
-8.022314405065414e-05,-0.000184
-0.00017561410230716699,-0.000166
-3.0566122382070005e-05,-0.00015
-0.00018401959880195063,-0.000166
-0.00018822592691144572,-0.000168
-0.00018768740914281584,-0.000166
-0.00034572494829536384,-0.000166
-0.00016327825252685155,-0.00015
-0.00016268740762786328,-0.000118
3.666982053955919e-06,1.8e-05
-4.220503809927537e-05,0.0
4.299892798127695e-06,-1.8e-05
-3.080668812922366e-05,3.4e-05
3.283137989313873e-05,-3.4e-05
-5.1288130979382824e-06,-5e-05
-3.768741484591903e-05,-5e-05
-0.0002702444730020967,-5e-05
1.921322665089618e-05,-8.2e-05
-8.810793333041271e-05,-0.000118
-5.510387297019944e-05,-0.0001
-4.617945426050289e-05,-8.2e-05
-9.587367986788781e-05,-8.4e-05
2.708160861137553e-06,-0.0001
-0.00013380280208439595,-0.000134
-0.00044236883856427255,-0.00015
-0.00015886871053718966,-0.000132
-9.171776568421105e-05,-0.000134
-0.00013768742583666885,-0.000184
-0.00019636306195291,-0.000166
-0.00020436305770399286,-0.000184
-0.0002087177873697701,-0.000216
-0.0005259718138704605,-0.000216
-0.00035233110550586376,-0.000218
-0.00020885512389773295,-0.000216
-0.0002631079439350807,-0.00025
-0.00020028528905008614,-0.0002
-0.00022145274739614738,-0.0002
-0.0002925963824722747,-0.000216
-0.00019220503732711173,-0.0002
-0.0002041794492394221,-0.0002
-0.00020062940945844,-0.000218
-0.00019617945348833924,-0.0002
-0.0002082050485530356,-0.0002
-0.00016730306289013924,-0.0002
-0.0003523889355647446,-0.000182
-0.0005128479802284986,-0.0002
-0.00025028527235623315,-0.000218
-0.0001793412219887739,-0.0002
-0.00019570012671790216,-0.0002
-0.0002041794492394221,-0.000216
-0.00022546876096330245,-0.0002
-0.00020005189781995767,-0.000216
-0.0002087177873697701,-0.0002
-0.00020470011700693085,-0.0002
-0.0002082050485530356,-0.0002
-0.0002082050485530356,-0.000218
-0.00017546875793339733,-0.0002
-0.0001835561496568202,-0.0002
-0.00019617945348833924,-0.000216
-0.00019171776188214228,-0.0002
-0.00023355615268672535,-0.000216
-0.00018783738859974957,-0.0002
-0.00019617945348833924,-0.0002
-0.0002041794492394221,-0.000218
-0.00012522911124203178,-0.000216
-0.00020871776764601197,-0.000216
-0.00020028528905008614,-0.000218
-0.0002252291173018421,-0.000216
-0.00021294983525988614,-0.0002
0.00017417107786657577,-0.000216
-0.00025245591138759436,-0.0002
-0.0002082050485530356,-0.000218
-0.00019220503732711173,-0.0002
-0.000187687428866574,-0.000216
-0.0002291942632967415,-0.000216
-0.00020470013673068902,-0.0002
-0.00020479593502399873,-0.000234
-0.00020028528905008614,-0.0002
-0.0002128516503918409,-0.000216
-0.0002082050485530356,-0.000218
-0.0002252291173018421,-0.000216
-0.00015910993209930163,-0.000184
-0.00024284973111574065,-0.0002
-0.00020484459353534216,-0.000132
-0.00020051915365041007,-0.000168
-0.00033712057714720535,-0.000166
-9.220503126730144e-05,-6.6e-05
-0.00013768742583666885,-0.000134
-0.00012518116278598156,-0.00015
-0.00016728637659074868,-0.000166
0.0001784820405130295,-0.00015
0.00014369650073153272,-0.0001
-0.00014317238601542262,-5e-05
-8.96330645341619e-06,-3.4e-05
0.0003394043074986953,-3.4e-05
-5.517320198007872e-05,0.0
-0.00013114345763559976,-1.6e-05
-0.00011762843283647123,-3.4e-05
-6.328453834588947e-05,-5e-05
-3.7851649649051975e-05,-3.2e-05
4.1263113991038405e-06,-1.8e-05
3.820546303932482e-06,0.0
-2.5458132530860414e-05,0.0
-1.2837373064142047e-05,3.4e-05
3.3197200133656616e-05,5e-05
0.0005353143419581175,1.6e-05
8.675319736221757e-05,1.8e-05
4.165252654610725e-05,1.6e-05
-1.3699804250906353e-05,0.0
0.0002855464754419571,0.0
8.282237910129453e-06,1.6e-05
7.794959999690226e-06,1.8e-05
7.394411545273182e-05,3.2e-05
4.153059797146021e-05,5e-05
2.865877598152748e-05,6.8e-05
2.9299892136532734e-05,5e-05
-8.446427114546042e-07,3.2e-05
3.269694645582782e-05,1.8e-05
0.00017361291523483358,1.6e-05
-9.200943222485336e-06,3.4e-05
2.4793466757940917e-05,3.2e-05
4.52998932116553e-05,5e-05
1.6213905632058893e-05,5e-05
8.319720100627571e-05,5e-05
6.61972026388153e-05,5e-05
-0.00011750899561902487,1.8e-05
6.612146340753894e-05,1.6e-05
3.3087223848261653e-05,3.4e-05
2.915541373975762e-05,1.6e-05
2.080573829270049e-05,1.6e-05
2.0299892313070177e-05,1.8e-05
0.00032446237727845395,0.0
5.360079708246635e-05,-1.8e-05
-4.662255341816733e-05,-3.2e-05
2.8512176182847287e-05,-6.8e-05
0.00014134884097082115,-0.0001
4.8455021441590686e-05,-0.0001
-7.522910821212664e-05,-8.2e-05
-2.5229115044100577e-05,-8.4e-05
-9.171775582233197e-05,-5e-05
-4.617945426050289e-05,-5e-05
-2.5229115044100577e-05,-3.4e-05
-0.00017289573451212224,1.8e-05
9.934660983826804e-05,5e-05
9.155341769133433e-05,0.0001
8.687510498037159e-05,0.000132
0.00023321390132632121,0.0002
0.00027412636030479254,0.000218
0.00016130178918535273,0.00025
0.0002793261938358038,0.000316
0.00031231258170871925,0.000316
0.0003533171703614853,0.000234
0.0003032040515786192,0.000184
-5.084893219489147e-06,0.000182
0.0002276506575514904,0.000184
0.0001323470854054385,0.000184
0.00019943655130427946,0.0002
0.0002034531565841789,0.0002
0.00019165253070488312,0.000182
0.00020736958489646042,0.0002
0.00022477087051978788,0.000218
0.00022065878252670905,0.000216
0.0002582822259394877,0.000234
0.00019957457816377738,0.0002
0.00021669693039941983,0.000232
0.00014934660793723364,0.000234
0.00019179496582432643,0.000216
0.0002201553927713352,0.000218
0.00017864465303705503,0.0002
0.0002042998777975808,0.000182
0.00014128224370144494,0.000168
0.0001834438378688692,0.000182
0.00014515540795023566,0.000168
0.00019103669580432527,0.00015
0.0004429957140603175,0.000132
9.971470447464702e-05,0.000118
9.128223574060026e-05,0.000116
0.0001162139092263994,0.000134
0.00011231258931285685,0.000132
0.00018319720213514644,0.00015
0.00014152023056722115,0.00015
0.00022064464059211916,0.000184
0.00015353058902875058,0.000166
0.00019504474097318983,0.000184
0.00017064465728597217,0.000166
0.00019113128108650909,0.000168
0.00017064465728597217,0.000182
0.00017479346105483772,0.0002
0.00022932619080589863,0.0002
0.00018716262426265987,0.000218
0.0002415305817381784,0.000216
0.00020828222290958254,0.000216
0.00022015541249509335,0.000218
0.00022932619080589863,0.000216
0.0001623125824808829,0.000184
0.0001397872913147322,0.0002
0.00016669694709327284,0.000166
0.0002033774568004188,0.000184
0.0002042998777975808,0.0002
0.0002245418579639676,0.0002
0.00025515129629532634,0.000216
0.00021231257564890895,0.000216
0.000232991160925591,0.000234
0.00022032620051686994,0.000234
0.00022929985958877521,0.000232
0.00024529989053845725,0.000218
0.00028955562514127776,0.00025
0.00031214834197464673,0.000366
0.0003698224648235649,0.0004
0.0004036369546821935,0.000334
0.00031231258170871925,0.00025
0.0002370501525617438,0.000216
0.00017880573696982434,0.0002
0.00017463779129367918,0.000184
0.00018731258399583547,0.000182
0.00024128222017561797,0.000218
0.0002614906305056422,0.000216
0.0002286446560669602,0.000234
0.00019968015944112698,0.000216
0.00024103667911047226,0.00025
0.0002286446560669602,0.00025
0.000253820573780807,0.000234
4.508557732112272e-05,0.000266
0.0002245312268583275,0.00025
0.00020813127698849973,0.00025
0.00024128223989937613,0.00025
0.00027799789734353627,0.000234
0.00017329371579489578,0.000216
0.0002331971953031725,0.000216
0.00018319720213514644,0.0002
0.00030287503956900435,0.0002
0.00017463779129367918,0.000184
0.000179155409616096,0.000166
0.0001621626326095864,0.000184
5.755935780761514e-05,0.000184
4.3391823012393254e-05,0.000182
0.00023731257716386154,0.0002
0.00017880573696982434,0.000184
0.00022865877827779192,0.0002
0.00017463780115555826,0.0002
0.0002161971895393028,0.0002
0.00019179496582432643,0.000166
0.0002034531565841789,0.000168
-0.00014090441023761638,0.000166
0.00022854726014924072,0.000184
0.00021644383513490462,0.0002
0.00024128222017561797,0.000216
0.00037332386581696175,0.0002
0.0002080474312926258,0.000216
0.0002286446560669602,0.000218
0.000245820558305966,0.000232
0.00025731000245300987,0.000218
0.00019179496582432643,0.0002
0.00018731258399583547,0.000182
-0.0002410478474666563,0.000184
0.00016669693723139376,0.000166
0.0002038205510271437,0.000184
0.0001706587794968039,0.000184
0.00022054726439815786,0.0002
0.0006314640731904642,0.0002
0.00017929989600638636,0.000182
0.00022479347394662193,0.0002
0.00017880573696982434,0.000184
0.00021214833591483648,0.0002
0.00022915540278412204,0.000216
0.00022477087051978788,0.000218
0.00024971471849530194,0.00025
0.00022904473277717108,0.000232
0.00022865877827779192,0.000234
0.00019582055527606084,0.0002
0.00022479347394662193,0.000234
0.00020779494746461308,0.00025
0.00017038991508765188,0.000232
0.00026214835866849976,0.000268
0.00029155342488001534,0.000266
0.00024968016247103213,0.000266
0.0002452998708146991,0.000268
0.00026694249421822883,0.000232
0.00025762364965502987,0.000268
0.0002952998935683624,0.0003
0.00029582056133587115,0.000282
0.00017032619748696482,0.000268
0.00019165253070488312,0.00025
0.00019515541098014079,0.0002
0.00019128224673135006,0.0002
0.00020828222290958254,0.0002
0.0002370501525617438,0.000216
0.00019128223686947098,0.000216
0.00019968015944112698,0.000218
0.00022463777459982617,0.00025
0.00022463777459982617,0.000216
0.00024103667911047226,0.000216
0.0002161971895393028,0.000234
0.000274770873549693,0.000234
0.00021231257564890895,0.000232
0.00022880572027597133,0.000218
0.00021231257564890895,0.000216
0.0001621483427468104,0.0002
0.00017065876963492485,0.000166
0.00018269693859543858,0.000168
0.00018319720213514644,0.000166
0.00017479346105483772,0.000184
0.00024111656033095905,0.000216
0.00015803669853828984,0.000216
0.00019496521478034963,0.000218
0.00020814486665786156,0.000232
0.00022854726014924072,0.000268
0.00017453125341405958,0.000232
0.00026621389859235667,0.000234
0.00019179496582432643,0.000216
0.00025366696515237463,0.000234
0.00021216261591573338,0.000234
8.097485614293767e-05,0.000232
0.00021231257564890895,0.00025
0.00033888182514543724,0.000234
0.0002331971953031725,0.00025
0.00017874989901051617,0.000216
0.0002575305929641023,0.000234
0.00024128223989937613,0.00025
0.0002311777980492663,0.000266
2.312578171017202e-05,0.00025
0.0002451263017430241,0.000234
0.00024971471849530194,0.000234
0.0001834438378688692,0.000216
0.0002331971953031725,0.000216
0.00017810757510276974,0.00025
0.00023731257716386154,0.00025
0.00024556458337276165,0.00025
0.0002246377943235843,0.000234
0.0002456369301176371,0.00025
0.00026231259840257224,0.00025
0.00023294248269048942,0.00025
0.00026694249421822883,0.000266
0.00022479345422286376,0.000234
0.0002334438408987743,0.000216
0.000179155409616096,0.0002
0.00020828222290958254,0.0002
0.0001567581355021847,0.000234
0.00021214833591483648,0.000234
0.00023731257716386154,0.00025
0.00022080572452488846,0.000232
0.00019994810669552528,0.000234
0.0002286446560669602,0.00025
0.00028240112773059183,0.00025
0.0002330872156277566,0.00025
0.00028714834045969416,0.000266
0.00024971471849530194,0.000268
0.00034410988337435386,0.00025
0.00024128223989937613,0.000216
0.0002499481097254304,0.000216
0.00022880572027597133,0.000234
0.00024128223989937613,0.00025
0.0002286446560669602,0.000266
0.00024103667911047226,0.00025
0.000278458249858638,0.000268
0.0002542998808274859,0.000282
0.00026621391831611484,0.000268
0.0004379808302094309,0.000266
0.0002667136394524737,0.000266
-0.00020371187782883938,0.000234
0.00023731257716386154,0.000234
0.0002331971953031725,0.000216
0.0003361191972371154,0.000216
0.00021231257564890895,0.000218
0.0002490363395576667,0.0002
0.00022080572452488846,0.000232
0.00022883295878596942,0.000218
0.0002499481097254304,0.000216
0.0001950447212494317,0.0002
0.00023716261743068594,0.000216
0.00021231257564890895,0.000218
0.00019179496582432643,0.000232
0.0002036669818462276,0.000218
0.00021231257564890895,0.000216
0.00022080572452488846,0.000234
0.0002038205510271437,0.000216
0.0002494808341712199,0.0002
0.00025753802882092294,0.000216
0.0001997147154653968,0.000218
0.00022883295878596942,0.000216
0.0002161971895393028,0.0002
0.00020828222290958254,0.0002
0.00020828222290958254,0.000216
0.00018731259385771455,0.000218
0.0002785472631791459,0.000216
0.0002449391627257454,0.000216
0.00022080572452488846,0.0002
0.00011901700042455552,0.000218
0.00022453124658208562,0.000216
0.0003067722766646109,0.000216
0.00022477087051978788,0.000218
0.00021694247146456555,0.000182
0.00018269693859543858,0.0002
0.00017880573696982434,0.0002
0.00020668223164886922,0.000218
0.00022080572452488846,0.000216
0.0002287499020404213,0.0002
0.00024113127425453516,0.000184
0.00021669693039941983,0.000182
0.0003114234346915477,0.0002
0.0002492291984648074,0.0002
0.00019128223686947098,0.0002
0.00018319720213514644,0.0002
0.000365452942339179,0.00025
0.0003361191972371154,0.00025
0.0002161971895393028,0.000234
0.0003117532159277302,0.000234
0.00021694247146456555,0.000216
0.00019545316083309603,0.000216
0.00020736958489646042,0.000218
0.00021142342863173742,0.00025
0.0002582822259394877,0.000266
0.00025366696515237463,0.00025
0.00022080572452488846,0.000234
0.00027064466334578244,0.000266
0.0002698711961701307,0.00025
0.00024971471849530194,0.000266
0.00012796944659457596,0.000284
0.00026619719256920795,0.0003
0.0002786587813076971,0.0003
0.0003206587885865193,0.0003
0.0003332139073861315,0.0003
0.00034582056436577627,0.000316
0.000303820557086954,0.000318
0.0003082822289693928,0.000316
0.0002908159141154617,0.000316
0.000332696947685154,0.000318
0.00034470532390898985,0.0003
0.0002786446590968653,0.00025
0.00027015541552499853,0.00025
0.0002417949589923525,0.000232
0.00021644383513490462,0.000234
0.00023731257716386154,0.000216
0.0002532617799888042,0.000218
0.00022479347394662193,0.000216
0.0002499481097254304,0.000216
3.530597197323557e-06,0.0002
0.0002908820478765215,0.000234
0.00029520405582753636,0.000234
0.0001323715625892963,0.000266
0.00023291893252326443,0.000284
0.00028269694465524886,0.00025
0.0002539652278230416,0.00025
0.00022846739865251206,0.00025
0.000258036684874342,0.00025
0.0002499481097254304,0.00025
0.00026694249421822883,0.00025
0.00019128223686947098,0.000216
0.00026572254032945124,0.000216
0.0001621483427468104,0.000218
0.00020828222290958254,0.000216
0.00022880573999972946,0.000216
0.0001952998875085521,0.000218
0.00022479347394662193,0.000216
0.00023696985714233596,0.000234
0.0002706587855566142,0.000232
0.00026231259840257224,0.000234
0.0002706587855566142,0.00025
0.00022080572452488846,0.000234
0.00022064464059211916,0.000216
0.00019582055527606084,0.0002
0.000253530614812319,0.000216
0.00022479347394662193,0.000218
0.00024971471849530194,0.00025
0.0002582822259394877,0.00025
0.0002330872156277566,0.000232
0.0002452998708146991,0.000234
0.0002456369301176371,0.00025
0.00025363692586871997,0.00025
0.00026621389859235667,0.000266
0.0002788057430296346,0.000268
-0.00012356635898290143,0.000282
0.0002791554058140272,0.0003
0.00034103668517028256,0.000368
0.0002740353943322283,0.000332
0.0003196862100723949,0.000284
-0.00012495093721903537,0.000234
0.00017915541947797505,0.000232
0.00023696985714233596,0.00025
0.0002832139240799845,0.000284
0.0003082822289693928,0.000316
0.00028714834045969416,0.0003
0.00029971472152520706,0.000268
0.00025363696531623624,0.000266
0.0002869698601722411,0.000266
0.00026231257867881413,0.00025
0.00026599115819162645,0.000268
0.00024968016247103213,0.00025
0.00024130999122708597,0.000182
0.0002366832117652163,0.0001
1.2611044394029897e-05,0.00015
0.00019027384001055544,0.00025
0.00016914980351805017,0.000268
0.00016914980351805017,0.00025
0.0002747934769765271,0.0003
0.00025828224566324585,0.000266
0.000270547267428063,0.000366
-9.542264682850959e-05,0.0004
0.00033168949756662937,0.000418
0.0004246377867194467,0.000432
0.0004458205901493447,0.00045
0.00042454185035983,0.000418
0.0002542998808274859,0.000382
0.00026978950036389457,0.0004
0.00041187509508911776,0.000384
0.0003956369589311106,0.000384
-0.0003020716956088371,0.000366
0.0004699462571894925,0.00035
3.158008895905726e-05,0.000334
0.0004385220501329266,0.00035
0.0002410474482824194,0.00035
0.0002273572272015689,0.000366
0.00036231260446238254,0.000366
0.0002884025150688532,0.000368
0.00034971472455511224,0.000366
0.00042854727226886125,0.000384
0.00052002906055609,0.000416
0.0003830008938280718,0.000434
0.0005729169768060533,0.00045
0.0004203899203752985,0.000432
0.00035828223199929794,0.0004
0.0003664438245008619,0.000384
0.0004158547972175281,0.0004
0.00040356456848980176,0.000434
0.0005027389774811833,0.00045
9.165571989389233e-05,0.00045
0.0005485876422393014,0.00045
0.0004499481021212928,0.00045
0.0004033853978708136,0.00045
0.00019136960325617376,0.000432
1.95668132304247e-05,0.000384
0.000303530598118466,0.00035
0.000511969854083056,0.00035
0.00037816522004368967,0.00035
0.00036231260446238254,0.000366
0.00041214834803445703,0.000384
0.00039179492863455163,0.0004
0.0004778094884015987,0.0004
0.00037481884778931164,0.000384
0.00039179492863455163,0.000366
0.0003871483662432626,0.000366
0.0003158547714339597,0.00035
0.0003325752718211582,0.00035
0.0003577949565543285,0.000368
0.00043269695374496424,0.0004
0.00036649100373034447,0.000432
0.0003867217413545887,0.000468
0.0004910366745362398,0.00045
0.0002743859052382211,0.000416
0.00044101465979224497,0.000416
0.00043694162484029305,0.000418
0.0003610421183052377,0.000432
0.0004203262126364905,0.000418
0.00045363695771209864,0.000416
0.0003746377836895416,0.000434
0.0004247934466187262,0.000432
0.0004247934466187262,0.000468
0.0004370275020832559,0.000466
0.0004495745341420286,0.00045
0.0003907990760858162,0.000416
3.0955401018837716e-05,0.0004
0.00032463778065963645,0.000384
0.0005440950435040914,0.000384
0.0003786446651566756,0.0004
0.00038731254680606067,0.0004
0.0004247934466187262,0.000416
0.00033193831277562717,0.000434
0.0003494808599547883,0.000416
0.0004288329906293481,0.000434
0.00044546220946385206,0.000416
0.00042929985198463764,0.0004
0.00040813128910812026,0.0004
0.0004203899203752985,0.000384
0.00037080569416708757,0.0004
0.00039582054767192324,0.000382
0.0003912822292653334,0.000384
0.00029910997137672665,0.000384
3.212153385666933e-05,0.000382
0.0003659911642514367,0.000418
0.0004247934466187262,0.0004
0.000369813628579916,0.0004
0.00035828223199929794,0.000366
0.0003412822459591864,0.000366
0.00013926082476232887,0.00035
0.00025759670700140395,0.00035
0.00037029989811322006,0.000368
0.0003708057336146039,0.000366
0.00035828223199929794,0.000366
0.0004118920575211223,0.000384
0.00037479344358882106,0.0004
0.0003453774504152932,0.000384
0.0004494808068433241,0.0004
0.00029912182535537173,0.000382
0.00037481884778931164,0.000368
0.0003443830771484187,0.000416
0.00040828225475296123,0.000416
0.0003949745167900564,0.000418
0.00040397450707908513,0.000432
0.0002771592234234575,0.000434
0.0004247934466187262,0.000434
0.00034831130026807084,0.00045
0.0005243859203877469,0.0005
0.00043731258928348207,0.0005
0.0004618920999985438,0.000516
0.00044497451981996154,0.000484
4.343015736908273e-05,0.000466
0.0004160777545795979,0.00045
0.0004997147336448277,0.000466
0.00039103670792394585,0.000484
0.0004661972046888285,0.0005
0.0004745312420078532,0.000516
0.0005068030183994212,0.000518
0.0005121483540942673,0.000516
0.0003993466033630012,0.0005
0.0005123125741045817,0.000534
0.0005166969683026089,0.00055
0.0003345993238819866,0.000532
0.00043134074813492174,0.000534
0.0005373125953432924,0.000534
0.0005373125953432924,0.000532
0.000491056990007129,0.00055
0.0005075305883898699,0.00055
0.0005412822383550488,0.000568
0.0005538205525127216,0.00055
0.0005542998792831586,0.000516
0.0003348253975978433,0.000516
0.0005369416309001033,0.000484
0.0005159189449388256,0.000484
0.0004497147306149225,0.00045
0.0007724395556360187,0.000416
0.00038731254680606067,0.000416
0.0004747934496486313,0.00045
0.00046216267051277536,0.000468
0.0004452040649172518,0.0005
0.0004577449826109996,0.000516
0.0005616208649363456,0.0005
0.0004955646182460455,0.000484
0.0004788056959779807,0.000466
0.0007867769132216029,0.000434
0.00040828225475296123,0.000416
8.946231964563191e-05,0.000416
0.0003534622188788828,0.000418
0.00040828225475296123,0.0004
-5.189309674642558e-08,0.0004
0.00040828225475296123,0.0004
0.00046671365157209424,0.000416
0.0003745312359480429,0.0004
0.0005107937658323927,0.000416
0.00040779495958423364,0.000418
0.0003996801715607475,0.0004
0.00041231256804477134,0.0004
0.0003956369589311106,0.0004
0.00041214834803445703,0.000416
0.00038731258625357694,0.0004
0.00039971472758501737,0.000434
0.00042463782616696303,0.000432
0.000976912127152574,0.00045
0.00042865879039741245,0.00045
0.0004952998859642248,0.000468
0.0004069505066030184,0.0005
0.0005121483540942673,0.000516
0.00044179497111197303,0.000466
0.0003907656640395188,0.000434
0.0004704582465034175,0.000434
0.00046166677578549656,0.000416
0.00039971472758501737,0.000416
-9.406549447807615e-05,0.0004
0.0003871483662432626,0.0004
0.00043731258928348207,0.0004
0.00040779495958423364,0.0004
0.00040382054342300613,0.000418
0.00045404472668798606,0.000432
0.0004997147336448277,0.0004
0.00043731258928348207,0.000418
0.00042477088263940843,0.0004
0.00040382054342300613,0.000416
0.0002776470314098969,0.000416
0.00041231256804477134,0.000434
0.0004161972016589233,0.00045
0.00047038992340520363,0.000484
0.0004453774367513453,0.0005
0.0004663471052507296,0.0005
0.0004869606415730498,0.000516
0.0004782655411374248,0.000516
0.0005077949656440439,0.000518
0.0004830008998878821,0.0005
0.00047065879767623474,0.000516
0.0005488805006002367,0.0005
0.00044504473639895735,0.0005
0.00046621389098821907,0.000484
0.0004161972016589233,0.00045
0.000564688224908006,0.000466
0.0004913696115737255,0.000466
0.0004412822717427548,0.000484
0.0004997147336448277,0.0005
0.00047864463176896957,0.000534
0.0004953774003337342,0.000532
0.0006713923363612638,0.000534
0.0005202580533881521,0.000516
0.0004788056959779807,0.000468
0.00046214839051187843,0.000466
0.0006591273934914791,0.000484
0.0005123125741045817,0.0005
0.0005247934132310202,0.000516
0.0004995745766194501,0.0005
0.0004956669845508175,0.000516
0.00046216267051277536,0.000484
0.00047932620595542434,0.0005
0.0004747934496486313,0.0005
0.00044968017459065264,0.0005
0.0004958205142842172,0.000466
0.0007191092749383817,0.00045
0.0004664438305606722,0.00045
0.0004659912097587633,0.000468
0.0004996801776205579,0.000482
0.0005077949656440439,0.000484
0.0005201554503982824,0.000484
0.0004958205142842172,0.000466
0.00043714836927316776,0.000466
0.0005118150225816187,0.000484
0.0001834440548302088,0.000484
0.0004830008998878821,0.000482
0.0005166969683026089,0.0005
0.00048241881233751017,0.000518
0.00048716265230396976,0.0005
0.0004996801776205579,0.000466
0.0004955306144870037,0.000484
0.000495636964990921,0.000482
0.0004826969962223857,0.0005
0.0004826969962223857,0.000518
0.0007092057392887358,0.000482
0.00047054727954768354,0.0005
0.0004996801776205579,0.000534
0.00047054727954768354,0.0005
0.0006611191774839825,0.000516
0.0004399210562981435,0.000534
0.0005206446390477919,0.000516
0.0005161972077187336,0.000518
0.0003030055714004072,0.0005
0.0004873125528658709,0.0005
0.00045382058590042753,0.00045
0.0002559192210949394,0.000466
0.0004499481021212928,0.00045
0.0004497147306149225,0.00045
0.00044545313653510544,0.000466
0.0004499481021212928,0.00045
0.0004248188508192168,0.000434
0.0003745312359480429,0.000434
0.0004119698480232458,0.000416
0.0004331972271465512,0.000434
0.0005440744913481043,0.000432
0.00042880573239559186,0.000434
0.00043294247508635184,0.000434
0.0004497147306149225,0.00045
0.0004911313091278191,0.00045
0.0004167136485421891,0.000432
0.00047821378599605265,0.000434
0.0004202999011431252,0.000434
0.0004048092954188094,0.000466
0.000470644675465403,0.00045
0.00039124854108642194,0.00045
0.0004458205507018284,0.000466
0.0003952998799044145,0.000434
0.00041231256804477134,0.000434
0.0004456669815209123,0.00045
0.0004497147306149225,0.000416
0.00042477088263940843,0.000416
0.0004036369546821935,0.000418
0.0004161972016589233,0.0004
0.0003996801715607475,0.000416
0.0003832138709685203,0.000416
0.00041231256804477134,0.000418
0.0003619606537220451,0.0004
0.00037481884778931164,0.000382
0.0006168983539330784,0.000418
0.0003827162405505248,0.000432
0.0004206587551988133,0.000434
0.00045302114253529895,0.000416
0.00040326176935476146,0.000434
0.0005161972077187336,0.000484
0.00048621129655360926,0.000516
0.0005332138406107195,0.000534
0.0005373125558957761,0.00055
0.00034798643024766643,0.00055
0.0005371483358854618,0.000532
0.0004945580754203956,0.000534
0.00042388907286026675,0.000534
0.0005623125771344868,0.00055
0.0005373125558957761,0.000566
0.0005289745343776062,0.000566
0.0005536669833318055,0.000568
0.0005623126165820032,0.000566
0.0005373125953432924,0.00055
0.000670054079371133,0.00055
0.000474156451155584,0.00055
0.0005329424811461622,0.00055
0.0005659911763710574,0.000566
0.0005954531456248209,0.00055
0.0006333647728678544,0.000534
0.0005497146972272166,0.00055
0.0005458205173141224,0.00055
0.0004873125528658709,0.00055
0.0005458205173141224,0.000566
0.0005956369316032149,0.000584
0.0005747708917291239,0.000584
0.0005743613476150034,0.0006
0.0005540447327477964,0.0006
0.0006745312541274738,0.000632
0.0005698961649036148,0.000618
0.0005660009199075809,0.0006
0.0006332139255655623,0.0006
0.00038993162520260403,0.000582
0.0005996801442328518,0.000584
0.0005200431038718892,0.000566
0.0005996801442328518,0.000584
0.000591282241384954,0.000566
0.0005826969628346797,0.000584
0.0005996801442328518,0.000584
0.0005792998610743531,0.0006
0.0005831971967887504,0.000616
0.0005956669511631115,0.0006
0.0005997147397046379,0.000616
0.0006077949322563379,0.000618
0.000802971617664175,0.000632
0.000470644675465403,0.000634
6.046448247212453e-05,0.00065
0.0006610740889728632,0.000684
0.000649480858410461,0.000682
0.0007197172400594398,0.000634
0.0006912822868922805,0.000684
0.0006621483631839828,0.000666
0.0006827136551938805,0.00065
0.0006580366696660668,0.000666
0.0006661971773609328,0.00065
0.0006577949747337594,0.000634
0.0005995745826792604,0.0006
0.0006745312541274738,0.000616
0.0006245312116500523,0.0006
0.000616087234103128,0.000618
0.0006082822668725818,0.0006
0.0006121626401549746,0.000582
0.0005621483571241725,0.000584
0.0005747708917291239,0.000584
0.000582831360522679,0.000582
0.0005829424841760673,0.000534
0.000570467404387007,0.000566
0.00044685711308737485,0.0006
0.0005661972107486389,0.000618
0.0007694761004222655,0.000632
0.0006033854099904342,0.000668
0.0006444710238416594,0.0007
0.0005407831878264669,0.0007
0.000674302458532993,0.000716
0.0006955646303656661,0.00075
0.00037679232813425656,0.000734
0.0007245313360524115,0.00075
0.0007371483874525986,0.000766
0.0005449463998006572,0.0008
0.0008456368678577081,0.000784
0.0009534354112029093,0.000782
0.0007826970144018166,0.0008
0.0007081312678400348,0.0008
0.0007912822929520908,0.000818
0.0007996801957999886,0.000816
0.0008247934314104511,0.000834
0.0008166969864820397,0.000832
0.0008082822789922024,0.000834
0.0008288057171873168,0.000834
0.0008648202739244587,0.000816
0.0008288057960823493,0.000816
0.0008247709463261658,0.000784
0.0008120501479581367,0.0008
0.0008036669984813312,0.000784
0.0007956670421777645,0.000782
0.0007873125315977855,0.00075
0.0007785472934781972,0.00075
0.0007660871642978109,0.00075
0.0007581312314224238,0.000784
0.0007613235611256901,0.000784
0.0007665752878643806,0.0008
0.0007790446477635788,0.0008
0.001137343124632246,0.000816
0.0009649265515931536,0.000834
0.0007942153735783008,0.000816
0.0010083648153159013,0.0008
0.0008161971864506482,0.000816
0.00104849690380337,0.0008
0.00022249413739336532,0.0008
0.0007576524963647309,0.000784
0.0008161971864506482,0.0008
0.0007958205719111644,0.0008
0.0007958205719111644,0.000784
0.0007917949528737927,0.000766
0.0009355162191382134,0.00075
0.0007745312996348003,0.000766
0.000786475534197149,0.000768
0.0008025846375293724,0.00075
0.000758282236514781,0.00075
0.000758282236514781,0.000732
0.0007496801533225673,0.000734
0.0006519004112696108,0.00075
0.0007412822504746694,0.00075
0.0007412822504746694,0.000734
0.0007417949892914039,0.000732
0.00031455799350720774,0.000718
0.0007332139710728889,0.0007
0.0007206587733782441,0.0007
0.0007121627251098174,0.0007
0.0007042999672679066,0.000666
0.0006911312817999233,0.000684
0.0006871483844226935,0.000682
0.0005366960701111995,0.0007
0.0006496801867102732,0.0007
0.0006202005844167281,0.0007
0.0006952999375313617,0.000718
0.0006360526871803235,0.000716
0.0007042998883728741,0.000716
0.0009596319059567399,0.000734
0.0007208057548239399,0.000734
0.0007247709402663556,0.00075
0.0007201193680404978,0.00075
0.0007417949892914039,0.000782
0.0007535645502516215,0.00075
0.0007576524963647309,0.000718
0.0007494365254619616,0.000732
0.0007449043214203966,0.000768
0.0008485473056095678,0.000732
0.0008443596361752776,0.000818
0.000942996572757211,0.001
0.0008269438733134719,0.001116
0.0009127696767150724,0.001366
0.0007240354807726491,0.00075
0.001052504613668346,0.000718
0.0011318622867189446,0.0011
0.0009768823837252914,0.001382
0.0009807396407631383,0.001384
0.0011392360531489272,0.001316
0.0012926197518434307,0.001318
0.001349179758489777,0.00135
0.001341310057884999,0.001332
0.001328658844935705,0.001334
0.001333213928536718,0.00135
0.001341282286833531,0.000966
0.0012414946662014249,0.000418
0.0010076169693020796,0.00065
0.0008373211736337581,0.001
0.0007525657391391643,0.001032
0.000768681154073994,0.000984
0.0009126604859899823,0.000966
0.0009948960920390178,0.00095
0.0009822360428460748,0.000934
0.0009580367272930139,0.000884
0.0008276136921400723,0.0009
0.0009163470930723597,0.000882
0.0008994808341124704,0.000984
0.0009114605714394799,0.001066
0.000956182220657199,0.000668
0.0008963060191064366,5e-05
-0.00029284973414564583,-0.00035
0.0003449557170186392,-0.000168
4.048140991523126e-05,-0.000116
-0.00014953789365279677,-0.000166
-0.00020220920359081295,-0.000134
-0.00014654684490139893,-0.000116
-0.00013350898712119062,-0.000184
-0.0001506608855465341,-0.00025
-0.00017228970231936242,-0.000366
-0.00023128675679833264,-0.000418
-0.0003067918276180065,-0.00035
-0.0003475099878549925,-0.0003
-0.000359545267284938,-0.0003
-0.000343201096203144,-0.000282
-0.0003086303974572404,-0.000284
-0.0002917177679419525,-0.000316
-0.00029584460930612375,-0.000368
-0.00031336362604181804,-0.000432
-0.0003513904005849015,-0.000534
-0.00041451640687016443,-0.00065
-0.0004986490834250915,-0.0008
-0.0006073960634044478,-0.000916
-0.0007285980838345891,-0.00105
-0.0008576528424375036,-0.001168
-0.0009869337930988238,-0.001366
-0.0011290978292101891,-0.001566
-0.001292372045873963,-0.001268
-0.0013456466266785988,-0.001116
-0.0013330486678762958,-0.00125
-0.001304077149592563,-0.001166
-0.0012015361712184632,-0.00105
-0.0010801043295584176,-0.0012
-0.001168325622834231,-0.001434
-0.0012159581831740053,-0.001284
-0.0012454463850261016,-0.001382
-0.0013272334728149223,-0.00165
-0.0014408227537613975,-0.00175
-0.0015212130049983973,-0.001834
-0.001658215964763506,-0.001916
-0.0017899484207721706,-0.00195
-0.001864420755615378,-0.002
-0.0019264993120005985,-0.002
-0.001967383980203844,-0.002
-0.001988039173103366,-0.00195
-0.001988039330893431,-0.001918
-0.0019678665022231003,-0.001916
-0.0018300823238453887,-0.0019
-0.00192145255455655,-0.001884
-0.0019048445190382934,-0.001832
-0.0018837838056713124,-0.001734
-0.0018391082311526197,-0.0017
-0.0017893316194074636,-0.00165
-0.0017306509142853792,-0.00165
-0.0016843840269595571,-0.00165
-0.0016630392914752895,-0.001666
-0.001654179537106671,-0.00165
-0.0016541793793166059,-0.001218
-0.0015506987611044836,-0.00115
-0.0014269086680256025,-0.001
-0.0012604904054185008,-0.000816
-0.0010498299387066662,-0.0006
-0.0010820625042670421,-0.0008
-0.0008075111833766019,-0.001
-0.0008075112622716344,-0.001166
-0.0008967670272146311,-0.001268
-0.001062895666157133,-0.00125
-0.0011736280001838377,-0.001232
-0.0012299569232797581,-0.001184
-0.001234277451948912,-0.001166
-0.0012088496618435551,-0.00115
-0.0011477054593291743,-0.001134
-0.0011589633071080808,-0.000866
-0.0008966009531710511,-0.0008
-0.000991377161333704,-0.000784
-0.0008994917460597985,-0.000716
-0.0007928235318463644,-0.00035
-0.0009234331537513567,-0.000484
-0.0005878338428387664,-0.0007
-0.0005662971162927166,-0.000666
-0.0005535138330588843,-0.000718
-0.000750645852954173,-0.000666
-0.0006880584236088143,-0.000666
-0.0007180734864884768,-0.000634
-0.0007151423782380814,-0.000616
-0.0006460347478202183,-0.000568
-0.0006218806391208255,-0.000532
-0.00044636301793116124,-0.00055
-0.0005672774659675501,-0.00055
-0.0005503198465599338,-0.000484
-0.0005296714780807296,-0.000366
-0.0004893639664883203,-0.000418
-0.0004629725130075203,-0.0004
-0.0004175090137984557,-0.000432
-0.0005335090113604316,-0.000484
-0.0005468948554055902,-0.000466
-0.00038010424769222944,-0.000468
-0.00022165375221540193,-0.0004
-0.00045530083893451724,-0.000382
5.9205722089196853e-05,-0.00035
-0.00030443543023243673,-0.000334
-0.0003002852753861383,-0.000316
-0.00020495526354229312,-0.0003
-0.0003046146008514249,-0.0003
-0.0002917177679419525,-0.000318
8.124645229259277e-05,-0.00035
-0.00031750900773864544,-0.000366
-0.0008611798448689725,-0.00035
-0.0003013766106480531,-0.00035
-0.0003541794188816212,-0.000316
-0.00034595524289546357,-0.0003
-0.0003295417625275484,-0.000268
-0.00030923433893163685,-0.00025
-0.00016134567925629912,-0.00025
-0.00023044098232532172,-0.000216
-0.0002464694154867324,-0.000216
-0.00023342471356244777,-0.000218
-0.00020539920589061826,-0.000166
-0.00016705752182499353,-0.000166
-0.00015820504552313045,-0.000168
-0.0001461794504584341,-0.000132
-0.00020208021021254539,-0.000118
-0.00014653777197265228,-0.000166
-0.00014653777197265228,-0.000166
4.6651372516152336e-05,-0.000168
-0.0001503198223206927,-0.000182
-0.00017067379398582618,-0.000168
-2.93553449717693e-05,-0.000166
-0.00012536219730011443,-0.000116
0.00030830455626361283,-0.0001
-6.655616741877741e-05,-8.4e-05
-0.00011726389833843742,-0.0001
6.609942703875156e-05,-0.000134
-0.0001880393401593951,-0.000132
-0.00011303014434324185,-0.00015
-0.00016655614389295047,-0.000168
-0.00015898535684285854,-0.000166
-0.0002041794492394221,-0.0002
-0.00015885512086782783,-0.000166
-0.0003540830880468416,-0.00015
-0.00012989792203250823,-0.000134
-0.00016310793787527043,-0.000134
-9.798142969640406e-05,-0.00015
-0.00027672919103369854,-0.000132
-0.00013768742583666885,-0.000118
-0.0001047001010852415,-0.0001
-0.00010885512769980174,-0.000116
-9.633301660944505e-05,-0.0001
-0.00011680279632052624,-8.4e-05
-0.0001168028061824053,-6.6e-05
-3.768741484591903e-05,-6.6e-05
-4.235862700394962e-05,-5e-05
-2.067379968892936e-05,-5e-05
-2.5362201102183214e-05,-1.8e-05
-9.117965371969793e-06,-3.2e-05
1.2148349682648505e-05,-1.8e-05
-9.171372378086612e-06,-5e-05
-4.617945426050289e-05,-5e-05
-2.119425542603806e-05,-6.6e-05
-3.8030139798384146e-05,-5e-05
-5.446940898007375e-05,-5e-05
4.545315913978992e-05,-3.4e-05
-1.2851648134099416e-05,-1.6e-05
-1.700883943111607e-05,-1.6e-05
-2.9355349902708834e-05,-3.4e-05
3.820546303932482e-06,-1.6e-05
-5.028528982224979e-05,-3.4e-05
-6.283737116310765e-05,-3.4e-05
0.0001021312050822238,-3.2e-05
4.466785770925121e-05,-1.8e-05
-5.189309674642558e-08,0.0
-2.1341222078915154e-05,-1.6e-05
-5.051915935351326e-05,-1.6e-05
-5.47959259342833e-05,1.6e-05
-5.189309674642558e-08,0.0
-2.5229115044100577e-05,-3.4e-05
4.1263113991038405e-06,0.0
-4.955273611900483e-06,3.4e-05
-5.983792636668385e-07,5e-05
4.423753091772046e-05,0.0
3.820546303932482e-06,1.6e-05
2.4531252953488355e-05,0.0
-8.717762922800714e-06,1.8e-05
1.2050161116398599e-05,1.6e-05
1.231258448578145e-05,0.0
-1.3107933716494549e-05,-1.6e-05
7.821705562442175e-05,-1.8e-05
-2.9955272661383282e-05,-3.2e-05
2.4317613834407116e-05,0.0
-8.96330645341619e-06,0.0
-5.051915442257372e-05,-1.8e-05
-1.742470500972196e-05,1.8e-05
2.0547266454988477e-05,0.0
-5.446940898007375e-05,-1.8e-05
-0.0001352058713437907,-3.2e-05
1.151967338280346e-05,-5e-05
-4.185512876790599e-05,-3.4e-05
-7.520653437092981e-05,-5e-05
-8.810793333041271e-05,-5e-05
-5.493777920286134e-05,-5e-05
-2.983000214246556e-05,-5e-05
4.1263113991038405e-06,-3.4e-05
-4.617945919144242e-05,-6.6e-05
-0.00012973446138688248,-6.6e-05
-4.570010776630768e-05,-0.0001
-0.00011678610015925657,-0.0001
-1.3803388497743768e-05,-0.000118
-5.0921908632952796e-05,-0.000116
-0.00015064581659531142,-0.000134
-0.00012192953360385253,-0.000116
-0.00012119426148584832,-0.000116
2.8054064933856675e-05,-0.000134
-0.00015484459050543704,-0.0001
2.0147027023772873e-05,-6.6e-05
-0.00010462255713009488,-5e-05
-9.171775582233197e-05,-1.8e-05
0.00011071935837024768,1.8e-05
2.045824203986664e-05,1.6e-05
-9.193889513478772e-06,-1.6e-05
-4.254265594338491e-07,-3.4e-05
-5.189309674642558e-08,-3.4e-05
7.309999630833026e-06,-3.2e-05
-2.919425610806046e-05,-1.8e-05
-1.700883943111607e-05,-1.6e-05
-4.171776265430591e-05,0.0
0.00011312951778958089,0.0
1.1753194050094746e-05,3.4e-05
3.731258415163169e-05,3.2e-05
0.00014922918254311804,0.000118
4.515541421777423e-05,5e-05
7.629282896742935e-06,5e-05
-1.2972500531192679e-05,3.2e-05
-1.7757538497477406e-05,5e-05
8.234707744459382e-05,6.8e-05
8.344383673999846e-05,8.2e-05
8.731258286696473e-05,8.4e-05
7.065877343699365e-05,0.0001
2.8644653192851264e-05,8.4e-05
1.649100964117596e-05,8.2e-05
1.2162627218075634e-05,5e-05
9.128223080966073e-05,8.4e-05
5.8282238474564825e-05,6.6e-05
4.9179729021638546e-05,6.8e-05
-2.2520712677858532e-05,5e-05
-1.6802800122595034e-05,3.2e-05
2.032620134096569e-05,3.4e-05
8.036694379513973e-06,5e-05
7.438590298047963e-05,5e-05
3.317166410437722e-06,5e-05
3.610810416748619e-05,5e-05
1.5615968809282654e-05,3.4e-05
1.585795713249252e-05,-1.8e-05
-8.422508471637285e-05,-8.2e-05
-2.5362201102183214e-05,-5e-05
-0.00017961007653604687,-0.0001
-0.00011728376016288934,-0.0001
-6.699907426979995e-05,-0.000118
-0.00013503833774210802,-0.000116
-0.00017631378290359877,-0.000116
-0.0002128516503918409,-0.000134
-0.0001291942572369312,-0.000134
-0.00012545813365973115,-0.000132
-0.00011268741445983719,-0.000134
-0.00013355615648879412,-0.000134
-0.00013355615648879412,-0.000132
-0.00024344436297629274,-0.000134
-0.00016705752182499353,-0.00015
-0.00019706080962104356,-0.000166
-0.0001590797744730981,-0.00015
-0.000150285286020181,-0.000168
-0.00015871778433986498,-0.00015
-3.376399939231467e-05,-0.00015
-0.00018052687626213756,-0.000166
-0.00013378609606124722,-0.000166
-0.00021680279251845742,-0.0002
-0.00016730306289013924,-0.0002
-0.0002168028122422156,-0.000184
-0.00034060694863689573,-0.000216
0.0002138410880101052,-0.0002
-0.000213030130679294,-0.000234
-0.0002211942675456586,-0.000216
-9.719973771360586e-05,-0.0002
-0.00019635430460429368,-0.000234
9.280532394401073e-08,-0.000216
-0.00022978621272618584,-0.000218
-0.00018442746639662876,-0.000232
-0.0002418834247567063,-0.000218
-0.00025910995788287007,-0.000216
-0.0003940748222713514,-0.000234
-0.0002211942675456586,-0.000232
-0.00023342471356244777,-0.000234
-0.0002291942632967415,-0.000234
-0.00022561410533707214,-0.000216
-0.0001798445920203896,-0.000216
-0.00022103478123729903,-0.0002
-0.0002500519008498628,-0.00025
-0.00023768741217272096,-0.000234
-0.00020436305770399286,-0.000216
-0.00020005189781995767,-0.0002
-0.0002295417564677381,-0.000218
-0.000191963302947288,-0.000216
-0.00048338715495270746,-0.000216
-0.00021714523640736902,-0.0002
-0.00022945274314723022,-0.000218
-0.00023030084502370228,-0.000216
-0.0002423474656145811,-0.0002
-0.000254700120036836,-0.0002
-0.0001794527401173251,-0.000216
-0.00020051913392665194,-0.0002
-0.00023889188291135484,-0.0002
-0.00016268740762786328,-0.0002
-0.00020031982535059783,-0.000184
-0.0002795417594976433,-0.0002
-0.00019633302266925534,-0.0002
-0.00020885514362149112,-0.0002
-0.00022967147962505704,-0.0002
-0.0002043330184203382,-0.0002
0.00012276655588105224,-0.0002
-0.00043647537963058003,-0.000216
-0.0001835561496568202,-0.0002
-0.0002041794492394221,-0.000168
-0.00018794983374493358,-0.000166
-0.00018803012916434141,-0.000166
-0.00017536219046814048,-0.000168
-0.00019646941245682724,-0.000166
-0.00016655614389295047,-0.000184
-0.00018011810137458475,-0.0002
-0.0003052610273008655,-0.0002
-0.00018785166860064647,-0.000232
-0.0002296269828266822,-0.000218
-0.00021293877023156687,-0.000232
-0.0002944442224778367,-0.000234
-0.0002128516503918409,-0.000234
-0.0002465468509612092,-0.000216
7.127956393178539e-05,-0.000216
-0.00023330305742221013,-0.0002
-0.0004985444291643747,-0.0002
-0.00023797249937294721,-0.000218
-0.00023768741217272096,-0.000216
-0.0002168028122422156,-0.0002
-0.00019584460324631347,-0.0002
-0.00020871776764601197,-0.0002
-0.00019171776188214228,-0.0002
-0.00038729695002244203,-0.0002
-0.0001275058640922125,-0.000266
-0.00021721052204682858,-0.0003
-0.0003833030073406511,-0.00035
-0.0002302231334166114,-0.000334
-0.00032919426935655176,-0.000334
-0.00032995525139329783,-0.000366
-0.00034633303175897077,-0.000384
-0.00036750901076855057,-0.000382
-0.00024451601392757894,-0.0004
-0.0003833030467881674,-0.000418
-0.0003963630149012561,-0.000382
-0.0003958737079091977,-0.0004
-0.0004003198374702184,-0.000434
-0.000495837777281668,-0.000434
-0.00041268742277738896,-0.000416
-0.00037979939728634206,-0.0004
-0.0004213553438742903,-0.0004
-0.00038416864363811394,-0.0004
-0.00040417946135904267,-0.000384
-0.0003961794261604435,-0.0003
-0.0004007179418046148,-0.000316
-0.000372030524533201,-0.000316
-0.00032980550862146186,-0.000334
-0.0004297277241791487,-0.000334
-0.00032522908391413607,-0.000366
-0.00040871774031811623,-0.000416
-0.00022737228113810747,-0.000484
-0.00040140492030080123,-0.000466
-0.0005134853337491925,-0.00045
-0.00045462253889191456,-0.00045
-0.0004628516852651248,-0.000468
-0.00045871774334802135,-0.000466
-0.00045871774334802135,-0.000434
-0.0005216101019942999,-0.00045
-0.0007346196683011909,-0.00045
-0.0005753621949836234,-0.00045
-0.00045028528447585366,-0.000466
-0.00044617946863786495,-0.000466
-0.0006384445723158699,-0.0005
-0.0006940324343707706,-0.00055
-0.0006300347563180525,-0.0006
-0.0005302588121507681,-0.000634
-0.0005722588194295904,-0.00065
-0.0006094510817655636,-0.000666
-0.0006381079272118529,-0.000734
-0.0006719459277901902,-0.0008
-0.0007139776508721094,-0.000784
-0.0007472955753956823,-0.000782
-0.0008838785769023702,-0.000768
-0.0007837860269693442,-0.000732
-0.0007670195702256681,-0.000718
-0.0006443093134577034,-0.000666
-0.0007219095207625599,-0.000634
-0.00030805687001790334,-0.0006
-0.0006555789165964644,-0.000566
-0.0006174274879019052,-0.000566
-0.0005922009984721749,-0.000584
-0.0005793553092675722,-0.000584
-0.0005752290990636617,-0.000566
-0.00042143672410039615,-0.00055
-0.0005713553529640056,-0.000534
-0.00098041453876671,-0.0005
-0.0005381079211520426,-0.000482
-0.0005171686272402014,-0.000468
-0.0004966146172199626,-0.00045
-0.0005483765435649505,-0.000416
-0.000454614570493624,-0.0004
-0.00043416864666801907,-0.000434
-0.000425468773082923,-0.000482
-0.00043376403349343486,-0.00045
-0.0004422343619812407,-0.000434
-0.00045048863642232746,-0.000416
-0.0007369322394961627,-0.000368
-0.0004177640419912691,-0.000382
-0.0004006534056679647,-0.000384
-0.0003879387611124767,-0.0004
-0.00038378612107265196,-0.000416
-0.00041855954060476873,-0.0004
-0.0002963330287290656,-0.000384
-0.00040028528144594853,-0.000384
-0.00039633299534135957,-0.00035
-0.0003553543237067959,-0.0003
-0.00037995525442320295,-0.0003
-0.0003343839845996347,-0.000266
-0.00030474481710269743,-0.000266
-0.00030865994364694143,-0.000334
-0.00029220094084522784,-0.000284
-0.00028819212644979567,-0.0003
-0.00011545090035163838,-0.000332
-0.00029237634422641035,-0.0003
-0.00030443543023243673,-0.000268
-0.00022584353209181347,-0.00025
-1.0859504183009899e-05,-0.000232
-0.0003225965144670216,-0.000184
0.00028228106921476386,-0.00015
-0.00015104682032215512,-0.000116
-5.028528489131025e-05,-0.0001
-5.0921908632952796e-05,-0.000118
-0.000121452731474458,-0.00015
5.755341849094376e-05,-1.6e-05
-9.722941210773483e-05,3.4e-05
7.045824198793457e-05,6.6e-05
-1.8544560825914267e-05,0.000116
0.00017864465303705503,0.00015
6.177406604885205e-05,0.000218
0.00013612902727280912,0.000182
0.00016556133199432276,0.000184
0.00025093995835126243,0.000216
0.00019957457816377738,0.000234
0.0002034531565841789,0.000266
0.00022426217507347308,0.000334
0.0002532551528060675,0.000366
0.0004741384236406396,0.00035
0.00032805407363663806,0.000384
0.00035803669093415223,0.000366
0.0005198268131400722,0.00035
0.0003621483450045519,0.000334
0.00018198054211397902,0.000366
0.00034086532515951974,0.000384
0.00039959985641758154,0.00035
0.0006048855595874181,0.000334
0.0003580366712103941,0.00035
0.00035404472062817576,0.000366
0.00034971472455511224,0.000384
0.00035803669093415223,0.000382
0.0003701554018610506,0.000368
0.00037479344358882106,0.000366
-0.00015904701331081946,0.00035
0.00036621388492840876,0.000316
9.886687379984946e-05,0.0003
0.0003747708796095033,0.000318
0.0003205472704579681,0.000382
0.00032822006878518545,0.000368
0.0003411560928020917,0.000382
0.0003618453091844138,0.0003
0.00031536232836435623,0.00025
0.00011664603704359575,0.0003
0.00030682480103255076,0.000318
0.00019029173932107193,0.000316
0.0002953171715804973,0.000366
0.0008678201786432636,0.000384
0.000569010252582779,0.000416
0.00026978950036389457,0.000434
0.00031552276141310676,0.00045
0.0004203899203752985,0.0005
0.000549599865507297,0.00055
0.00048237155421299504,0.000634
0.0006493391629319482,0.000666
0.0007699365318323998,0.000716
0.00022262723331332703,0.00075
0.0006903913252893596,0.000784
0.0007279176686407911,0.000766
0.0007533774112343428,0.000734
0.0007580367151733934,0.000734
0.000753965258122093,0.000732
0.0005942375704103514,0.00075
0.0009391580138420855,0.000734
0.0007373125680153967,0.000766
0.0007451553654140647,0.0007
0.0007368920574917476,0.000534
0.0008499045368550338,0.000434
0.0006052387332007604,0.000432
0.0006423065780703557,0.00045
0.00039515542309976134,0.000434
-7.684480944620237e-05,0.0004
0.00041583136539285196,0.0004
0.0004114188451157102,0.000416
0.00042854727226886125,0.0004
0.00040382054342300613,0.000434
0.0005845244479218361,0.0005
0.0003950055619853765,0.000516
0.00046132358239377554,0.000534
0.0004892044557471286,0.00055
0.0005245312450377584,0.000584
0.0005453774033636394,0.000616
0.00032388904707669834,0.00065
0.0006826970083420062,0.0007
0.0007494808644702713,0.000716
0.0006695121888398605,0.00075
0.0007031051808945219,0.000768
0.0007328314090599107,0.00065
0.0007198818939924334,0.000616
0.0006944010075301502,0.00065
0.00038928153013414855,0.000684
0.0006494016477977512,0.0007
0.0006616961368572367,0.000716
0.0013126261908900513,0.000734
0.0007080367515910046,0.000832
0.0007442252718749845,0.000884
0.0007897812360622323,0.0009
0.0008358917534334818,0.0009
0.0003014015367692742,0.000866
0.0008871483570947978,0.000868
0.0008830872352927653,0.000782
0.0008529150924032369,0.0006
0.00047820061052561186,0.000418
0.000200690528675857,0.0003
0.00012887905701082283,0.000166
0.0002069721314460828,0.00015
0.00025579772274476686,0.000184
0.0002870380254803898,0.0003
0.00019853677318146782,0.000382
0.0002517061277364006,0.000434
0.0001873157200733805,0.000534
0.001001504339967881,0.0007
0.000509492944535221,0.000766
0.0006052387726482768,0.0008
0.0006974612669488785,0.000834
0.0008237707939981549,0.0009
0.0008367741154778515,0.0009
0.0008574274148965918,0.000882
0.0009489531477169672,0.0008
0.0008076414146425587,0.0008
0.0007370380133020198,0.000818
0.0008203285248316764,0.000866
0.0008241623500448472,0.000866
0.000773770830415766,0.0009
0.0008617740578215296,0.00085
0.0005524710529804484,0.000734
0.0008359513191830793,0.000734
0.0008026971418458308,0.0007
0.0006118078886409806,0.000666
0.000707799119752875,0.00065
0.0004347443192879199,0.0006
0.000591282241384954,0.000566
0.0006195122252574715,0.000568
0.0006166969743624191,0.000616
0.0005869698389041557,0.0007
0.0006111516397599839,0.000716
0.0009151134903429458,0.000734
0.0006903775975536908,0.000634
0.0005739820597458772,0.000582
0.0006286446803062013,0.000618
0.0005279429818266286,0.000566
0.00043186780640006944,0.000566
0.0005824709285663394,0.0006
0.0003306217913669722,0.000584
0.0005786446378287799,0.000584
0.00047880573542549704,0.0005
0.000566025850737876,0.000366
0.00038146721384224163,0.0003
0.0003152051300119415,0.000216
-2.4653067894660515e-05,0.000168
0.0002606104775221847,0.000132
0.00020243878342654544,6.8e-05
-4.171776265430591e-05,-1.8e-05
-2.9541754209996632e-05,-6.6e-05
-3.8278249883028225e-05,-0.0001
-0.0005139740490285066,-0.00015
-0.00021678610621906686,-0.0002
-0.0002507771631606085,-0.000216
-0.00011359413534551585,-0.00025
-0.0007040202299152116,-0.000268
-0.0002341686148246404,-0.000232
-0.00024220095753908088,-0.000218
-0.00024246941761119095,-0.000282
-0.0002506458226551217,-0.000318
-0.00026349092014698,-0.0003
-0.00028043668557595127,-0.000316
-0.000304363044040045,-0.00035
-0.0003214527337321995,-0.0004
-0.00042637235789105664,-0.00045
-0.0005825979740016244,-0.00045
-0.00041352927222252907,-0.000466
-0.00045446944308119396,-0.000468
-0.00045871774334802135,-0.00045
-0.00045871774334802135,-0.000432
-0.0003802588030610528,-0.00045
-0.0004503198405001235,-0.00045
-0.0005294527021553866,-0.000534
-0.0002600527140746794,-0.0006
-0.0005100625911032775,-0.000666
-0.0005635765394367596,-0.0007
-0.0008378374082647582,-0.000784
-0.0007596775195987823,-0.00085
-0.0007517850183295892,-0.000866
-0.0009466226128873993,-0.0009
-0.0008510468824645852,-0.000868
-0.000871452767061156,-0.000832
-0.0011379874847961553,-0.0009
-0.000875697477604001,-0.000768
-0.0008432168660611949,-0.000582
-0.0007964899418004014,-0.0005
-0.0004478282564762287,-0.00055
-0.000602512381992741,-0.000618
-0.0005644838323114244,-0.0007
-0.0005938631590185609,-0.000832
-0.0013685078824791103,-0.0008
-0.000523056090151418,-0.000684
-0.0007829330927721267,-0.00065
-0.0007433927170290045,-0.000584
-0.00046885275702325573,-0.000616
-0.0006344274739420168,-0.000716
-0.0008133038933536903,-0.0008
-0.0006811120315703151,-0.000884
-0.0007564646771870452,-0.000916
-0.0008309295170021578,-0.000918
-0.0001631987855052858,-0.00085
-0.0008926900475110501,-0.000716
-0.0005593586137574753,-0.000616
-0.0007779036133402127,-0.000734
-0.0007310604766964296,-0.000784
-0.0007153764597997449,-0.0008
5.9987268609278734e-05,-0.000866
-0.0007971710426166607,-0.00085
-0.000614691763199693,-0.0008
-0.0008297344150486426,-0.00075
-0.0008176284456695059,-0.000734
-0.0007846284681272286,-0.000666
-0.000738689468556807,-0.000634
-0.000697184054237226,-0.000632
-0.0007741467107838071,-0.00065
-0.0006458446107917015,-0.000684
-0.0006505191414720399,-0.000766
-0.0006842762746419832,-0.000768
-0.0007182763256172389,-0.000816
-0.0006891449659974999,-0.00085
-0.0008008725608601955,-0.000834
-0.0008177640662305101,-0.000832
-0.000833302995162281,-0.000818
-0.0008337860694467656,-0.000832
-0.0008291670019743305,-0.000918
-0.0008509851076540754,-0.0009
-0.0011756823479371766,-0.0009
-0.0008883167380651004,-0.000916
-0.0009213412519625099,-0.000866
-0.00089595527622442,-0.0007
-0.0008476310431340208,-0.000684
-0.0012206395777221782,-0.000684
-0.0007354044371902596,-0.0006
-0.0006679741151650378,-0.0005
-0.0007734367343856237,-0.0005
-0.0005729089539455622,-0.000516
-0.0006848401374398293,-0.000566
-0.0006132468006779985,-0.00055
-0.0005336529158998567,-0.000568
-0.0005885668171389467,-0.000616
-0.0005756140673751336,-0.000666
-0.0006011194901925489,-0.000534
-0.0005972363950315322,-0.00045
-0.000568537064610199,-0.000334
-0.0002933192384845267,-0.00035
-0.00041900577090903866,-0.000416
-0.00033089571962916235,-0.0005
-0.0004640355052289809,-0.00055
-0.0004559049381989789,-0.000616
-0.0010669324882891312,-0.000684
-0.0005892180956328909,-0.000584
-0.000821897929252581,-0.000666
-0.0006384852821526809,-0.000784
-0.0006812647723533891,-0.00085
-0.0007235535354514525,-0.00085
-0.000789363984667751,-0.00085
-0.0008596086502951507,-0.00085
-0.0008500519372087244,-0.000716
-0.0008179396865730322,-0.000584
-0.0007527368080026288,-0.000516
-0.0005424693963431054,-0.000516
-0.0004884853125104818,-0.000434
-0.00015077080605067555,-0.000334
-0.00045185722855248494,-0.000282
-0.0009108267531805678,-0.00025
-0.00032672919406360367,-0.000218
-0.0002941436718512249,-0.000182
-0.00023392224536165261,-0.000168
-0.00034993466889125986,-0.00015
-0.0001293553510315796,-0.0001
-5.0777165833806545e-05,-0.0001
-0.00013025010945794335,-5e-05
-0.0006846515783119642,-3.2e-05
-2.0844587710705943e-05,-6.8e-05
-0.00027638708244867545,-0.00015
-0.00042286468474256973,-0.000266
-0.00013123013369076747,-0.000334
-0.0002070460016294094,-0.000432
-0.0009942167513463072,-0.000534
-0.0009424799136216796,-0.000616
-0.00041982659482799636,-0.00065
-0.0005600855920351795,-0.000618
-0.000692205067626163,-0.000616
5.759806926890985e-07,-0.000566
-0.0004059490374922857,-0.00055
-0.0004963543030599663,-0.0006
-0.0005836529583772782,-0.000618
-0.0009984299827711532,-0.000716
-0.0006224946397118758,-0.000766
-0.0006767022726193137,-0.000918
-0.0010632845397727177,-0.000982
-0.0008481876475888696,-0.001118
-0.0009491384176862961,-0.001032
-0.0010143131307300685,-0.000868
-0.0010022422696404295,-0.000732
-0.0009411900587340365,-0.00065
-0.0005672837381226402,-0.000584
-0.0007111280411903686,-0.000534
-0.000773238707853849,-0.0005
-0.0005684011679165807,-0.000482
-0.0005259645949749794,-0.000468
-0.00046750897738084455,-0.000482
-0.0004335989061902458,-0.00045
-0.00041742751522980104,-0.00035
-0.00043878483447176497,-0.000334
-0.00021268743038152656,-0.000234
-0.00015470011397702573,-0.000166
-0.0001717861942214397,-0.000134
-7.264574954158365e-05,-0.000166
-0.00017590607309898577,-0.000184
-0.00016294983222998102,-0.000216
-0.00017573780971825173,-0.000266
-0.000171610080784964,-0.000284
-0.0002352058675417219,-0.000284
-0.00026319210521108494,-0.000266
-0.0002752291203317472,-0.000266
-0.00027522910060798905,-0.000268
-0.00027119425085180563,-0.000266
-0.00026655614995276075,-0.000334
-0.00028422508697411436,-0.00035
-0.00039646936540517334,-0.000416
-0.00034282350457721824,-0.000466
-0.0003928118705898179,-0.0004
-0.00040902783724367013,-0.0003
-0.00013358117607600091,-0.000218
-0.0003483468669130801,-0.000166
-0.00027319455550782755,-6.6e-05
-0.0001896050120809363,0.0
-0.00011460500753607856,3.2e-05
-5.187830873445889e-05,3.4e-05
-1.0036457877396192e-06,5e-05
0.0002731925784229391,8.4e-05
4.948084300809236e-05,0.000116
0.00015705698988559603,5e-05
-5.0051893661181784e-05,-5e-05
-5.5294660882734934e-05,-0.0001
0.00021846195034453143,-0.000134
-0.00023414522244748052,-0.000216
-0.00026268741368767353,-0.000284
-0.00025028527235623315,-0.0003
-0.00020051915365041007,-0.00025
-0.00018768740914281584,-0.000216
-0.00015510387903000972,-0.000166
-9.570010093433374e-05,-0.000118
-2.657082862284612e-05,-6.6e-05
-0.00016774501313889176,-6.6e-05
-2.945273102760968e-05,-3.4e-05
0.0003203602892307546,0.0
3.970833844747726e-05,-6.6e-05
-0.00010446940214809982,-0.00015
-0.00013830391162124547,-0.000118
-7.259414232839755e-05,-8.2e-05
-0.00010480894664456406,-0.000118
-0.00011759889650864927,-0.000116
-2.145273034558728e-05,-6.6e-05
-9.605396487921118e-05,-3.4e-05
3.714834934849875e-05,3.4e-05
-4.685019024185702e-05,0.000182
0.00016092519360921332,0.00025
0.0004111116278588454,0.00035
0.00019046952927698996,0.000384
0.0002895121342545683,0.000466
0.0003605791622540609,0.000584
0.00028383634671576275,0.000684
0.0005266712333489625,0.000666
0.0005978654795884895,0.000666
0.0006490363243493915,0.00075
0.0006906413436476043,0.000934
0.0005414558468742402,0.0011
0.000858336127881843,0.001134
0.0013581762379498558,0.001216
0.0014154483511602649,0.001284
0.0011817207915079183,0.001232
0.001215163527973032,0.001134
0.0006661480257556358,0.001116
0.0011897811814064409,0.001068
0.001175556328137315,0.001082
0.0010993465668866407,0.001118
0.0010788712546613997,0.001182
0.0011114058304064903,0.001218
0.001278216990275838,0.001216
0.0011824960929930775,0.001184
0.0011995745795906057,0.001082
0.0009006247331898413,0.000984
0.0011142402133469433,0.000884
0.0003213631239898733,0.00085
0.0009477494462049009,0.000882
0.0008987507394809793,0.000868
0.0008706588219154758,0.000932
0.0008822424272839035,0.001018
0.0009235429512038754,0.0011
0.0009773274306040726,0.00115
0.0010479453486306064,0.001182
0.0011109644126992076,0.001268
0.0011734832822612546,0.001232
0.001206875052535322,0.00125
0.0012322029615294333,0.001284
0.001319965243505699,0.001334
0.0012740353957590566,0.001382
0.0013112584666052523,0.001268
0.0013158896050176718,0.001216
0.0012984328956339574,0.001266
0.001281490660757694,0.001318
0.0012661041570288668,0.001332
0.0012818622563611436,0.001268
0.001295268494772224,0.0012
0.0011486813664493513,0.001216
0.0012527200092269087,0.00115
0.0012074547732347167,0.000934
0.0007990781478063741,0.00065
0.00017846738576072786,0.0004
0.00041599120672885815,0.0003
0.0005649174149776496,0.00035
0.00042166139272035053,0.000382
0.0003570569921433375,0.000384
0.00042845823922459526,0.00045
0.00043223597006960196,0.0006
0.0004626810897718556,0.000784
0.0005506838043599075,0.000982
0.0006990558933473764,0.001068
0.000854003607167737,0.001166
0.0009965113889360514,0.001234
0.0011101263896631476,0.00125
0.0011777218389915586,0.0013
0.0013703901357335613,0.001332
0.0012780290623082336,0.001334
0.0009797372793742152,0.0013
0.0012621483600953282,0.001316
0.0013201553805342156,0.001268
0.0013038961399549935,0.001132
0.0012522008799125354,0.0011
0.0012017595775178965,0.001034
0.0011313839461364148,0.001084
0.0010866208770265915,0.001132
0.0010866208770265915,0.001134
0.0010949817781042094,0.0012
0.001319871200626864,0.001234
0.0011739153114596603,0.00125
0.0012033946770681077,0.00125
0.0011935884978886647,0.001316
0.0012648123297654093,0.001284
0.0012743176821856262,0.00135
0.0012990780992103929,0.001232
0.0012944211621223197,0.0012
0.001265091381495643,0.0012
0.0012439684199479569,0.001284
0.0009800149109938626,0.001334
0.0011602438279490475,0.0013
0.001278275924865175,0.001332
0.0013997147881831202,0.00135
0.0017467371136253224,0.0013
0.001319965243505699,0.0013
0.0012580146548633224,0.001334
0.0013204582585642885,0.0013
0.0012108463917902788,0.0013
0.001308131225303864,0.0013
0.001308131225303864,0.001334
0.001457057117972525,0.00135
0.001320458179669256,0.001332
0.00132854736625467,0.001368
0.0013456368981567593,0.001382
0.0013310925200056864,0.001334
0.0013575305610032246,0.001334
0.0013539746040947991,0.001416
0.0013656392346616858,0.001366
0.0013616668697713054,0.001318
0.00135757048188971,0.001332
0.0013570622400898324,0.001384
0.0013908247381219912,0.001366
0.0013493466214836826,0.001368
0.001362027420070194,0.001416
0.001383000875531142,0.00145
0.001470373021571302,0.001434
0.001416236039165539,0.0014
0.0014245312206810183,0.001332
0.001841893359159911,0.001284
0.0012455646242471063,0.001284
0.0014757897967181486,0.00125
0.0012867741032994815,0.001232
0.0011029026815851312,0.001218
0.0012453853747330856,0.00125
0.001237162697752547,0.00125
0.001237162697752547,0.001266
0.001361052593047641,0.001284
0.0013160872370742837,0.001316
0.0012783899281872525,0.00135
0.0013032040727292058,0.001334
0.0013203899354660748,0.001282
0.0011364755159589688,0.001234
0.001303770696853192,0.0011
0.0012353444828317186,0.000866
0.001116498583654533,0.000634
0.0006644173054259381,0.0004
0.0002746377776297313,0.00025
0.0001329710169087148,0.000166
0.0003457420638083596,0.0002
0.00021147072620376884,0.000234
0.0002417949589923525,0.000216
0.0002517818866914351,0.000234
0.0006499587650703116,0.00025
0.00024922284741468476,0.000234
0.0002331971953031725,0.000182
0.00018299115789568586,0.0001
-5.095674718785103e-06,1.8e-05
-2.8528679234465177e-07,-1.8e-05
6.858301307871864e-05,-3.2e-05
1.5727581858419926e-05,-6.8e-05
-5.871775855629654e-05,-8.2e-05
-0.000191963302947288,-0.000118
-0.00016749923538864831,-0.000182
-0.0002252291173018421,-0.00025
-0.0004215417728362758,-0.000384
-0.0006787615907597051,-0.0005
-0.00045168870876289506,-0.000566
-0.0004279813826330003,-0.000668
-0.0005320580528162611,-0.000766
-0.0006275058549437475,-0.000866
-0.0007192672472264381,-0.000968
-0.0011870525422424765,-0.00105
-0.0009151482285901128,-0.001082
-0.0011892201832625997,-0.001134
-0.0010599945380191178,-0.0012
-0.0011179086201096268,-0.001184
-0.001151146545070164,-0.001182
-0.0011756141037339953,-0.001218
-0.0011963631028272545,-0.001132
-0.001013638262621383,-0.001084
-0.0010754687730241735,-0.0011
-0.0011347843464734255,-0.001216
-0.001134264270418661,-0.001334
-0.0011859979523419855,-0.00135
-0.0012525020466847235,-0.00115
-0.000784103185000314,-0.000966
-0.0012038757245145773,-0.001
-0.0011202581141798458,-0.001068
-0.0010477460053161098,-0.0012
-0.0010607215557443385,-0.001166
-0.0009195945948362312,-0.001216
-0.0011639259624473999,-0.001268
-0.0013137766626879583,-0.00135
-0.001251688717793861,-0.00135
-0.0012974154108316108,-0.001332
-0.0013258376618985248,-0.0013
-0.00133350909928643,-0.0013
-0.001321034847895212,-0.001318
-0.0013128373384300662,-0.0012
-0.0012222896673285794,-0.0012
-0.0012558614760669934,-0.001166
-0.0012224315205971576,-0.001134
-0.0008680617007708216,-0.0009
-0.0011029214830357173,-0.0008
-0.000805279874065187,-0.00085
-0.0009241731891569529,-0.000932
-0.0008717435741512441,-0.000968
-0.00088914190121085,-0.001016
-0.0009430048022734314,-0.000966
-0.0009712435434945652,-0.000968
-0.0009800255073610603,-0.00105
-0.001000872572979816,-0.001066
-0.001179762404547028,-0.001084
-0.001043101770328282,-0.0011
-1.6958775602004807e-05,-0.0011
-0.0012181103607677428,-0.001132
-0.001104435478710919,-0.001134
-0.0012145598476165653,-0.001116
-0.0011208446198520423,-0.00115
-0.0011333030133417119,-0.001218
-0.001155458079705604,-0.0012
-0.0011720020524574057,-0.0012
-0.0011926303421508182,-0.001166
-0.0011964693744361391,-0.001184
-0.0011878516700274747,-0.001216
-0.0011919633635453907,-0.001134
-0.00117573781114508,-0.001016
-0.0006351321643730173,-0.000934
-0.0010776803585774435,-0.000816
-0.0009778794046848313,-0.000634
-0.00036655619546008733,-0.0004
-0.00022546876096330245,-0.000232
-0.00013185142221045239,-0.00025
-0.0003829930682051623,-0.000384
-0.0003183846637052459,-0.000384
-0.0006814699783331286,-0.000266
-0.0002165561666466138,-0.0002
-0.00010954528172104953,-0.000216
-0.0002682878959178819,-0.0002
-0.0004252905097568095,-0.0002
-0.00015834749050445284,-0.000184
-0.000200285269326328,-0.0001
2.045824203986664e-05,-3.4e-05
-6.848636397647337e-05,6.8e-05
4.582054495361056e-05,8.2e-05
7.854726585234393e-05,0.0001
0.0001245418617660364,0.000134
0.0002331971953031725,0.00025
0.00039582054767192324,0.0004
0.0006026753941447345,0.000566
0.0002512231520707067,0.00065
0.00045180193814933084,0.000784
0.0005965479719919274,0.0009
0.0011941608024549969,0.001034
0.001665799804232416,0.001132
0.0009592285156551606,0.00125
0.0011001147678188676,0.001284
0.0010758117841929973,0.001284
0.0012359501599968317,0.001216
0.0011697411330759413,0.001084
0.001214974732160069,0.000966
0.0011344652705288418,0.00095
0.001051349117021186,0.000984
0.0009947042982148169,0.001032
0.0009822360428460748,0.0011
0.0010151023722031623,0.0011
0.0010527831920283844,0.0012
0.0011065129182759716,0.001284
0.0011690909591124533,0.001334
0.0012272978995638974,0.001332
0.0012861516214924288,0.00135
0.001324385968866229,0.001418
0.0013576293375840143,0.001432
0.0014803936374492958,0.0014
0.0013992292681526256,0.0014
0.0014121626886334567,0.00145
0.0014199652495655093,0.001284
0.0013819873899426252,0.001084
0.0013010077139172236,0.001066
0.001217094799475547,0.001216
0.0011184311174775691,0.0013
0.0011641089744901523,0.001368
0.001234704880802596,0.001416
0.0015236745055820472,0.001466
0.001385980109751411,0.001434
0.0014201194104591698,0.001434
0.0015283946375912166,0.001516
0.0014616669547261483,0.00145
0.0014576595604413026,0.001416
0.001453062189102827,0.00145
0.0014570995635000527,0.001518
0.0015788057231883774,0.0015
0.0014699977967963535,0.001416
0.0012496801836216185,0.001316
0.001435515302696874,0.001218
0.0013598750057913587,0.001282
0.0013062239378912532,0.00135
0.0012902895081611612,0.001384
0.0013069155317468456,0.0014
0.0013528750440257378,0.001366
0.0013745311782035969,0.001384
0.0013831973241622652,0.001334
0.0007814473959807891,0.001332
0.0012617740820607707,0.0013
0.0013367531596982366,0.001234
0.0013274253211013236,0.001234
0.0012739441931013946,0.001282
0.0012413100518251887,0.0013
0.0012617740820607707,0.001368
0.0012948071166216989,0.001382
0.0013319382747549392,0.0014
0.001415572531941545,0.001284
0.001233000905888943,0.00125
0.0012989963639566404,0.001234
0.001290389547062472,0.001266
0.0007181155131080097,0.001216
0.0012410366805373006,0.001218
0.0012618751465975052,0.00125
0.0012369698782929224,0.001332
0.0012528331447036278,0.001384
0.001294371379356762,0.0014
0.0014742622310973434,0.001416
0.0013819381594422954,0.0014
0.0013119697842189895,0.00135
0.001390882173705709,0.001284
0.001361223321898143,0.001284
0.0013282886694428418,0.00135
0.0013822161855371058,0.0014
0.001586875107120614,0.001316
0.001336433161446094,0.001216
0.0013188298650918466,0.001218
0.00128560235427561,0.001132
0.0009192751244164846,0.0011
0.001042902220358056,0.00115
0.0011489287812715206,0.0012
0.0011446008364693042,0.001234
0.0012577990347392826,0.001084
0.0009449652405051686,0.0009
0.0011012635583882585,0.000882
0.0010214228110531755,0.000934
0.0006346721030052139,0.00085
0.0009408982804707253,0.00085
0.000693171980712626,0.000934
0.0008909573303727059,0.000932
0.0008563194919540771,0.00095
0.0009155310817503894,0.000984
0.0009494808765898919,0.000966
0.0009575202804097482,0.000868
0.0008396546520123635,0.00085
0.000915543704955602,0.000932
0.0009028332418368407,0.001
0.001325788249175298,0.00105
0.0009561367771184332,0.001168
0.0010353619854093306,0.001266
0.0012530783504648851,0.0013
0.001096306977966448,0.001316
0.0012610740464366924,0.001318
0.0012994808583517115,0.0013
0.0013082822303962212,0.001332
0.0013162138636015738,0.001418
0.001340875109570388,0.001382
0.0013568751010725538,0.00125
0.0013439363157295072,0.001218
0.0013148985256184076,0.001216
0.0012617154630515642,0.001284
0.0007996482433117939,0.0013
0.0012535580322629687,0.001232
0.0013519507887190683,0.00125
0.0012658314169012393,0.001268
0.0013573958082875788,0.00125
0.0014699977967963535,0.001316
0.0012703285126533063,0.001316
0.0012867740244044488,0.001334
0.00090658872428266,0.001384
0.001336807912850847,0.001466
0.0013735572979214348,0.001466
0.0014811153692073336,0.00145
0.0014406594166111258,0.001518
0.0014743614810483285,0.001582
0.0015027201427189833,0.001584
0.0015321344199255525,0.001584
0.0015861914027682797,0.001566
0.001457579718668332,0.0015
0.001557641341748587,0.00145
0.0013231339046991916,0.001466
0.0014943946655109936,0.001534
0.0014866959304418157,0.0015
0.0014370501266606764,0.001516
0.0015125954339469659,0.0016
0.0015365553819711804,0.0016
0.0009641743663525403,0.001534
0.0015615554821049235,0.0015
0.001557427378420231,0.001484
0.0014866959304418157,0.001516
0.0014868920634928085,0.00145
0.001508036721174454,0.00145
0.000383182786325684,0.0015
0.001478265522840495,0.001566
0.0014903183169676733,0.0014
0.0014774759413544389,0.001268
0.0014307137510140822,0.001282
0.0013760360220550192,0.001318
0.001315727633515786,0.00125
0.0012788791562842782,0.001232
0.0012696862281930763,0.001268
0.0012662028547146239,0.0013
0.001283443865079266,0.00135
0.0012864234148796654,0.00135
0.0013161333906683427,0.001316
0.0007616273070011214,0.001266
0.0013196456397287191,0.001268
0.001299127408605755,0.0013
0.0012869697629802788,0.001366
0.0012989963639566404,0.00135
0.0013200289906920232,0.001284
0.0013241564632164552,0.001266
0.001315448266205422,0.001234
0.0012824482886631447,0.001216
0.0007287417272560844,0.00125
0.0012410367594323333,0.001316
0.0012530622558782388,0.001384
0.0012899028436064888,0.001384
0.0005187265430157178,0.001366
0.0013618079340895577,0.001266
0.0013487826008957713,0.001184
0.001116000913789021,0.0012
0.0012522239172620484,0.001216
0.0012157361481194943,0.0011
0.0012276758067699535,0.001084
0.0011608917139565907,0.00105
0.001148547244893966,0.00105
0.0010704582039672466,0.001016
0.0010494015931419597,0.001
0.0009328547741091748,0.000984
0.0010118920544324678,0.000884
0.0007917949528737927,0.000816
0.0009191353224187535,0.000816
0.000873560739003817,0.000768
0.0008199742072403617,0.00065
0.00010226279706562695,0.000566
0.00046066563726957833,0.000566
0.0005745312480676635,0.0006
6.483015635820243e-05,0.000634
0.0007871483510349874,0.00075
0.0006357819194285105,0.000916
0.0009946007879320725,0.001068
0.0008379200658260694,0.001116
0.0009589491483447965,0.001116
0.0010519648927504693,0.001134
0.0011078901099646802,0.001134
0.001124770885610564,0.0012
0.0011452040678884075,0.0012
0.0011661801268854307,0.0012
0.0011827894247242083,0.001216
0.001203820552453972,0.001284
0.001224138390194184,0.0013
0.0012489386492104033,0.00135
0.0012863105949830766,0.001166
0.0012733261294161666,0.001066
0.0009623125224786954,0.000934
0.0011252351039822623,0.0009
0.001061981642771867,0.00085
0.0009355162191382134,0.000866
0.0014573726981028433,0.0009
0.0008703262004581205,0.000918
0.0010077991379323057,0.00095
0.000625447459110915,0.000966
0.001028458275583457,0.000984
0.001405383238483896,0.00105
0.0009865554669847725,0.001116
0.0011978432281006474,0.001116
0.0010651420988819712,0.001134
0.0009974667288855572,0.001084
0.0011120500872425349,0.001132
0.0011367741336572824,0.0012
0.0011364755159589688,0.001284
0.001173134013952025,0.001284
0.0012234194197622867,0.001282
0.0012616035110003337,0.001284
0.0012618750677024725,0.00135
0.001299282042869611,0.001334
0.0012827226066914237,0.001282
0.001311753138459526,0.001268
0.0013076471253839557,0.00125
0.0013117532173545585,0.001282
0.001270170012532854,0.001334
0.001282722527796391,0.001366
0.001306884289313944,0.001434
0.001352633704121077,0.0015
0.001406912539795418,0.001534
0.0014569027992887994,0.001566
0.00167845835441974,0.001634
0.0015572729019464404,0.001582
0.001578102137287833,0.0016
0.0015948712764626168,0.001568
0.0015953853564949052,0.001482
0.0016396353712078637,0.0015
0.0015363016555464044,0.001534
0.0015201815069096202,0.001584
0.0015240355292511312,0.001632
0.0015612585212022943,0.00165
0.0016661972774065518,0.001684
0.0015822160398666612,0.001684
0.001661941679349211,0.0017
0.0012224593461108262,0.001682
0.0016873124283460128,0.001684
0.0016873125861360779,0.0017
0.0016912822685953507,0.001684
0.0017194760396479142,0.0017
0.0016917950863071178,0.001716
0.0016997147274675185,0.001716
0.0017036668952295584,0.001668
0.0016995113360735283,0.001616
0.0016779742544998318,0.00165
0.0015988805642282444,0.001684
0.0016790447023018712,0.001682
0.0016573099097765304,0.001668
0.0016706586337088603,0.001666
0.0016747935223663548,0.00165
0.0016662140031534587,0.001666
0.0016366035928958968,0.001684
0.00166160369302964,0.001684
0.0016706447481831263,0.001716
0.0016870501812577183,0.001666
0.0016870500234676532,0.001668
0.0016830009726056055,0.001516
0.0015568749554021092,0.0015
0.001585523161842331,0.001584
0.0015653553824540852,0.001616
0.0015528159637659563,0.001634
0.0015822239293699191,0.001632
0.0016160009440880725,0.001618
0.0016247934798889333,0.001666
0.001637061184084858,0.001684
0.0016493465607680807,0.00165
0.0016538961217168132,0.001666
0.0016661972774065518,0.0017
0.0016745312752780603,0.0017
0.0015072854826742317,0.001634
0.0016743176275298348,0.00155
0.001634668928906981,0.001566
0.00173953951980309,0.00155
0.0016438390563337673,0.001434
0.0015236863398369342,0.001366
0.0014769470290560255,0.001284
0.0014060831952129415,0.001116
0.0010103950211892707,0.00085
0.0005997147002571217,0.000566
0.00034103668517028256,0.00035
0.00024922284741468476,0.000234
0.0002246377943235843,0.0002
0.00017839802716521135,0.000216
0.00024853677621137295,0.000218
0.00021669693039941983,0.000232
0.00016621391225630453,0.000184
0.00014342743908479923,0.0002
0.00021231257564890895,0.000216
-4.150297732612242e-06,0.000218
0.00018714834426176297,0.0002
0.0002161971895393028,0.0002
0.00040668652382400724,0.000216
0.00026231257867881413,0.000266
0.00010803669057744518,0.0002
7.814702642112832e-05,0.0002
4.8743872181417926e-05,0.0002
0.00021231257564890895,0.0002
0.00019994810669552528,0.000184
0.00023731257716386154,0.0002
0.00018731258399583547,0.000166
0.0001160872235278348,0.00015
0.00014582054238427663,0.00015
0.00016599115213181617,0.000168
8.689206741237619e-05,0.000166
0.00014566698306523962,0.000166
0.0001623125824808829,0.000168
0.00014994810366562015,0.00015
0.00014994810366562015,0.000132
8.234707744459382e-05,0.000118
0.0001417949627944213,0.00015
0.0001288057339399192,0.00015
0.00019957457816377738,0.00015
0.0001773490190882755,0.000166
0.0001497147124354917,0.000166
0.0007365021582407395,0.000184
0.0001447564949417553,0.000184
0.0002445002499357472,0.000182
0.0005211897642754003,0.0002
0.00018731258399583547,0.000184
0.00019968015944112698,0.0002
0.0002491274238727798,0.0002
0.00014951134076525975,0.0002
0.00020779494746461308,0.0002
0.00021669693039941983,0.000216
0.00022080572452488846,0.0002
0.00017479346105483772,0.0002
0.00021231257564890895,0.000218
-6.183489143163557e-05,0.000216
0.00023490519386348724,0.000216
0.00024103667911047226,0.000218
0.00024971471849530194,0.000216
0.0002042998777975808,0.000216
0.00013283138256292806,0.0002
0.00016571623252891363,0.0002
1.494179719580666e-05,0.000184
0.00013300091812606246,0.000166
0.00015382164266581561,0.0002
0.00024556458337276165,0.0002
0.00018714834426176297,0.000168
0.00017889613095340237,0.000182
0.0001367217557907002,0.00015
0.00019566698609514474,0.000184
0.0001538205381353595,0.000166
0.0001538205381353595,0.00015
0.00022830599913961245,0.00015
0.00013294247663067914,0.000134
7.91554134181648e-05,0.0001
-1.004925466388767e-05,0.0001
0.00023649062899068962,0.000116
0.00013731258096593034,0.000134
0.00011214833971690529,0.000134
0.00012064465425606704,0.000132
0.00013344383483896406,0.00015
0.00011214833971690529,0.000134
0.0001286446500071499,0.000116
4.971471130662095e-05,8.4e-05
0.00012038991205774674,8.4e-05
0.00010396523845708436,0.0001
8.27225389046399e-05,0.0001
9.179495976451616e-05,0.000132
0.00013344383483896406,0.000134
0.00014582054238427663,0.00015
0.0002033171612717699,0.000134
0.00020828222290958254,0.000166
0.0005317007522283926,0.000166
9.489612132669737e-05,0.000168
0.0001581448636279564,0.000182
0.000157794954296587,0.000168
0.00012477088418373576,0.000166
0.00018714834426176297,0.000166
0.00022297261604220216,0.0002
0.00017463780115555826,0.000168
0.00022477087051978788,0.0002
0.00016114027132990426,0.000182
0.00024971471849530194,0.0002
0.00018321390815829514,0.0002
0.00024128223989937613,0.000218
0.00019968015944112698,0.0002
0.00018308721259785148,0.000182
0.0002456369301176371,0.0002
0.0002161971895393028,0.000218
0.0002038205510271437,0.0002
0.00019968015944112698,0.000182
0.00010730951999309898,0.0002
0.00018731259385771455,0.000218
0.00019968015944112698,0.000182
0.0003604735612529532,0.000184
0.00019563694681149009,0.000184
0.00016194161803769383,0.000182
0.0001623125824808829,0.000184
0.00012015541629716217,0.000184
0.00023706121759006307,0.000182
0.00017080574121874147,0.000184
0.00019113128108650909,0.00015
5.786534726053539e-05,0.0001
7.548960357167647e-06,8.4e-05
3.7053324361988853e-06,8.2e-05
3.226805795772305e-05,5e-05
-1.1876980368686405e-06,5e-05
-2.852892578144221e-07,1.8e-05
1.2027498518290124e-05,3.2e-05
3.731258415163169e-05,1.8e-05
-1.2687413330966464e-05,1.6e-05
-1.7286362570093713e-05,3.4e-05
3.731258415163169e-05,1.6e-05
7.641368629546217e-06,1.6e-05
-5.189309674642558e-08,0.0
1.619719960891017e-05,1.8e-05
1.2312585718516335e-05,3.2e-05
0.00010803669057744518,1.8e-05
1.6213905632058893e-05,1.6e-05
-3.38028009555252e-05,0.0
4.1295012473238124e-05,1.6e-05
1.6213905632058893e-05,1.8e-05
1.2312585718516335e-05,0.0
7.391538779899379e-05,1.6e-05
2.8879056729457326e-05,1.6e-05
-8.868721171232379e-06,0.0
7.794959999690226e-06,1.8e-05
-8.024349896905967e-05,0.0
2.9044726705656068e-05,1.6e-05
3.7148348732131304e-05,0.0
8.282237910129453e-06,-1.6e-05
0.00013146538410696663,-1.8e-05
-0.00010548782853803203,-3.2e-05
-6.750898272724067e-05,-5e-05
-2.9341222760937557e-05,-6.8e-05
-0.00014268998233871495,-0.0001
-0.0002091786329788254,-0.0001
-0.00011285166405578874,-0.000116
-0.00015031984204445084,-0.000134
-0.00018399908609347993,-0.00015
-0.00012546874504161312,-0.000132
-3.973175279199946e-05,-0.000134
-0.00017067379398582618,-0.000134
-0.00013768740611291071,-0.000182
-0.0001460254868023551,-0.0002
-0.0003886125641382224,-0.000284
-0.00019729185372395277,-0.0004
-0.00040484458593120456,-0.000416
-0.0003230285436654272,-0.00045
-0.0008945118916033771,-0.0005
-0.00044245104718822046,-0.000534
-0.000545844565284375,-0.000584
-0.000459835054799413,-0.0006
-0.000555487826221541,-0.000682
-0.000673284618703,-0.000734
-0.0006515160591037152,-0.0008
-0.0007058150130113638,-0.00085
-0.0007680833119499381,-0.0009
-0.0008110487577424364,-0.00095
-0.0010677948898902582,-0.00105
-0.0009393344475677654,-0.001216
-0.001031993744216244,-0.001268
-0.0011241593157508395,-0.001282
-0.0012062880190307297,-0.0013
-0.0012672774294911894,-0.001268
-0.0012798301025447917,-0.001266
-0.0012793412689229287,-0.001266
-0.001275362197954779,-0.00125
-0.0012626873953907438,-0.00125
-0.0012582049741147363,-0.001234
-0.0012502851751642707,-0.001266
-0.0012502852540593032,-0.001268
-0.0012548445979920755,-0.0012
-0.0012426899503778371,-0.00115
-0.0012222230799210825,-0.001066
-0.0007508900330800068,-0.00085
-0.0010698193364262496,-0.000784
-0.0009662277129032877,-0.0008
-0.0008778005824874741,-0.000866
-0.0008258435487269169,-0.000934
-0.0009466226128873993,-0.001016
-0.001300425414114586,-0.001116
-0.0009853156559806171,-0.001168
-0.0010607392282316363,-0.001182
-0.0011221164077772246,-0.00125
-0.0013838785283063891,-0.001318
-0.0012309830320734877,-0.001366
-0.0012807249300043088,-0.001384
-0.00133078674729224,-0.001382
-0.001396622442918964,-0.001384
-0.0013791942146420108,-0.001416
-0.001391855131680312,-0.001434
-0.0014045469755713845,-0.001434
-0.0014175091138440747,-0.001416
-0.001425229150572049,-0.001416
-0.0014882467156350314,-0.001434
-0.001425229150572049,-0.0014
-0.0014168028455124224,-0.00135
-0.0014007770553346032,-0.00135
-0.0013843840876751588,-0.001366
-0.00136716856040604,-0.001318
-0.001139731696176424,-0.001266
-0.0013259484305242666,-0.0013
-0.0013133963886309248,-0.001366
-0.0013133963886309248,-0.001418
-0.0013389579058165043,-0.0014
-0.0013721179613798856,-0.0014
-0.0013964693865557598,-0.001416
-0.0012365452107653788,-0.001416
-0.001408205022651968,-0.001368
-0.0014004887728855577,-0.001332
-0.0011801863864521107,-0.001318
-0.0013594406341748077,-0.0013
-0.0013301208732172686,-0.001332
-0.0013208298786005703,-0.001368
-0.001362949727433881,-0.001366
-0.0013421938644727872,-0.001334
-0.0013301208732172686,-0.001366
-0.0013588550752430021,-0.001384
-0.0013504252988019423,-0.001366
-0.001362949727433881,-0.0014
-0.0013793553182985382,-0.00145
-0.0014007772131246685,-0.001466
-0.0014214877903370616,-0.001518
-0.0014595454917329161,-0.001516
-0.001425229150572049,-0.001434
-0.001484378492187656,-0.00135
-0.0014562165947282545,-0.001366
-0.0014181255996286513,-0.001384
-0.0013842837331937176,-0.001432
-0.0013837641305091486,-0.001434
-0.0014047382171303575,-0.00145
-0.0014256141583310373,-0.001466
-0.001445844580375151,-0.001484
-0.0014589634041825442,-0.001466
-0.0014506608065340024,-0.001434
-0.001462949970178789,-0.001416
-0.0013044354908305395,-0.001434
-0.0014379498700450458,-0.0015
-0.0014467958966779954,-0.0015
-0.0014634446420330627,-0.001516
-0.0014882845852506696,-0.001484
-0.00150028515086628,-0.001484
-0.00149633298310424,-0.0015
-0.0016061228370717491,-0.001516
-0.0014963331408943052,-0.001566
-0.001517263835247595,-0.001618
-0.0015511467270994703,-0.0016
-0.0015759645797079548,-0.001582
-0.001591985320603689,-0.001618
-0.001525362094761756,-0.00155
-0.0016180227326257882,-0.00155
-0.0014903811418464385,-0.0015
-0.0013069733862385584,-0.00145
-0.0015135292599854095,-0.0014
-0.0014144366256952966,-0.00135
-0.0014263870140701865,-0.001316
-0.0013719033668912692,-0.001316
-0.0013463543151208373,-0.001284
-0.001042751397488596,-0.0013
-0.0013043330850782513,-0.0014
-0.0013261109542913804,-0.00145
-0.001360212700963631,-0.0014
-0.0013888519133701388,-0.001434
-0.0014215417545393458,-0.00145
-0.0014340089053776319,-0.001416
-0.0014467114789931354,-0.001384
-0.0014216100776375598,-0.001366
-0.001176823327898342,-0.00135
-0.0011318967882810139,-0.0014
-0.0013754687912036043,-0.001384
-0.0011006493060974263,-0.00135
-0.0013715417120619244,-0.001332
-0.001367008876860099,-0.001318
-0.001463576712317601,-0.001382
-0.001446897513479958,-0.0014
-0.0013588438721483759,-0.00145
-0.0013886721904859227,-0.0015
-0.001596487860113004,-0.001518
-0.0014681420522728492,-0.001566
-0.0015095305441541476,-0.001566
-0.0015065319017558637,-0.0015
-0.0015382259298238519,-0.001518
-0.0015382259298238519,-0.0016
-0.0015469788603183576,-0.001632
-0.0015638658686718153,-0.001684
-0.0016099945319005581,-0.001784
-0.0016767291575284934,-0.00165
-0.001688957887578324,-0.001582
-0.001652035327911224,-0.001584
-0.0014474057552798353,-0.001584
-0.0016007178961797892,-0.001666
-0.0016048892343423352,-0.00175
-0.001647705410733193,-0.001784
-0.0016979255703515113,-0.00175
-0.0017385812851702107,-0.00175
-0.0017588688272179122,-0.0017
-0.0017467448697713471,-0.001682
-0.0017212502555733953,-0.001668
-0.0017007708408064604,-0.001632
-0.00151439757871398,-0.0017
-0.0016800347016035116,-0.0017
-0.0016756976838725483,-0.0017
-0.0016837320384103197,-0.001668
-0.0016923475337580719,-0.00165
-0.0016711208252425435,-0.0017
-0.0016800347016035116,-0.00165
-0.0016675090106510516,-0.001566
-0.0016519982472459115,-0.00155
-0.0015881248288695062,-0.00155
-0.0015800305141069745,-0.001566
-0.001675362064403955,-0.001634
-0.0015758615427954059,-0.001616
-0.0015923586518978552,-0.001634
-0.0016131919897809422,-0.001684
-0.0016426302510774155,-0.00165
-0.0016466223397259409,-0.001682
-0.0016630301396515104,-0.001684
-0.0015549325841328326,-0.001634
-0.0016630301396515104,-0.001616
-0.0016547381139373342,-0.001666
-0.0016506606608635579,-0.001668
-0.0016465469160747948,-0.00165
-0.0016505191231751101,-0.00165
-0.0016337859601351825,-0.001666
-0.001658717737170712,-0.001666
-0.0016582050772490102,-0.0016
-0.0016461731114104329,-0.001618
-0.0016382260147786945,-0.001616
-0.0016256141704506578,-0.001634
-0.0016173030521385975,-0.001632
-0.0016252064409222867,-0.001668
-0.001637972446143984,-0.001582
-0.0016297623134736254,-0.001568
-0.0016134910019544187,-0.0016
-0.0016054530182451488,-0.00165
-0.0015134958084915958,-0.001616
-0.0016092342993666215,-0.001566
-0.0016087513039771695,-0.00155
-0.0014341420801926262,-0.001518
-0.0015376875501215289,-0.0015
-0.001534145163158707,-0.001532
-0.0015254580311213726,-0.001484
-0.0015089525591454695,-0.00145
-0.0013505191838907118,-0.00135
-0.001292376385100755,-0.001316
-0.0014017146439017788,-0.001368
-0.0013722232073533466,-0.001382
-0.0013546144672418512,-0.00135
-0.0013546146250319165,-0.00145
-0.0013884392923497477,-0.00155
-0.0014348999458755854,-0.001534
-0.0010490278918054623,-0.001534
-0.0015179740483308763,-0.001532
-0.0015633790863207994,-0.0015
-0.0016048736131258844,-0.00155
-0.0015294528022010056,-0.001534
-0.0015294528022010056,-0.001534
-0.0015299553635585374,-0.00145
-0.0015179742061209413,-0.001366
-0.0014727277471465032,-0.001416
-0.001443018086937956,-0.001368
-0.0014008726761140897,-0.001366
-0.001442811855322793,-0.001384
-0.0013839990799161706,-0.0014
-0.0013798444675005314,-0.001466
-0.0014049378215627837,-0.001516
-0.0011882179796637415,-0.0014
-0.0014254688336810257,-0.001384
-0.001379532516541712,-0.001384
-0.0014223704679615615,-0.001332
-0.0013756385733137155,-0.001334
-0.0013591346792384642,-0.00135
-0.0014922343861617322,-0.00135
-0.001341717654056137,-0.001434
-0.001367973920898612,-0.001516
-0.0014142092502114024,-0.00155
-0.0014644208891662022,-0.0016
-0.0015264994455514228,-0.001516
-0.0015463543272404578,-0.001518
-0.0015468439498126465,-0.00155
-0.0015632782584691627,-0.0016
-0.0015468437920225814,-0.001582
-0.0015468439498126465,-0.0016
-0.001583508996093407,-0.001634
-0.001604469354978947,-0.001666
-0.0016511330843186442,-0.001634
-0.0013949534973997763,-0.00165
-0.0016463331105365043,-0.001684
-0.0010741986418946752,-0.0017
-0.0016676527574004114,-0.001616
-0.0016633039054145613,-0.001584
-0.0016471840723579073,-0.001632
-0.0015808407660915665,-0.0017
-0.0015846285166057107,-0.001684
-0.0016213008212294685,-0.001634
-0.0016632467854109738,-0.001582
-0.0016511466542642479,-0.001418
-0.0012848975304873762,-0.0014
-0.0015110142441368385,-0.001466
-0.0014682591325011973,-0.001566
-0.0014640986818531473,-0.001618
-0.0015146050726496643,-0.001666
-0.0016340518363949757,-0.0017
-0.0016387538225466518,-0.0017
-0.0016718348252873884,-0.001716
-0.0016959552458078696,-0.001718
-0.0017087177796481334,-0.001732
-0.001716786059049914,-0.001718
-0.001563108002988856,-0.001616
-0.0016971550814633394,-0.001534
-0.0016426946294240004,-0.00155
-0.0016062954594030332,-0.0016
-0.0012422566588589103,-0.001566
-0.0017211671002090563,-0.001616
-0.001583652900632832,-0.001634
-0.0016046224113421513,-0.00155
-0.0015923586518978552,-0.001434
-0.0015604443488989052,-0.001366
-0.00103686914164953,-0.00135
-0.001426953638194173,-0.0014
-0.0013883039084738413,-0.001434
-0.0013883039084738413,-0.00145
-0.0014094509330064644,-0.001482
-0.0014422343436843107,-0.001434
-0.0014504886575729139,-0.001366
-0.0014340518242753552,-0.00135
-0.0017082505632651974,-0.0014
-0.0013883039084738413,-0.001468
-0.0013971250042764958,-0.001416
-0.0014095452914654296,-0.0014
-0.0014216940219522244,-0.001384
-0.0014177838263475166,-0.0014
-0.0014002852237015024,-0.001482
-0.0014174530983709433,-0.001484
-0.0014386379925192046,-0.001434
-0.001450872560801446,-0.0013
-0.0014268578596246214,-0.00125
-0.0013693645247428593,-0.001332
-0.0013306693514837618,-0.001334
-0.0013048438515191711,-0.00135
-0.0013174689502126813,-0.001334
-0.0013376873802118433,-0.001232
-0.0013136649473218258,-0.001118
-0.0008616774358394517,-0.00105
-0.0011861915607519358,-0.001
-0.0011021568323799562,-0.001
-0.0003618486866561306,-0.00085
-0.0009768604753390665,-0.000666
0.0001793783669781658,-0.000516
-0.0007625395158006382,-0.000368
-0.00027635114576133544,-0.000266
-0.000457751160856373,-0.000216
-0.00025042540965785254,-0.00025
-0.0002340810413384771,-0.000284
-0.00030885516940505956,-0.0003
-0.00023380279828232715,-0.00025
-0.0005140684074874716,-0.000266
-0.00028000211201274495,-0.00025
-0.0002543330017264852,-0.000268
-0.000292205043386922,-0.000282
-0.0004097873991698298,-0.000268
-0.0002840136877343174,-0.00025
-0.00023391277795774306,-0.000282
-0.00033019055582796634,-0.000284
-0.00027134121257374314,-0.000266
-0.0002708299924863858,-0.000284
-0.00027919424660288847,-0.000284
-0.0002672863629268008,-0.000282
-0.00023330305742221013,-0.000284
-0.0002668028152721207,-0.000266
-0.0002670088496497022,-0.0003
-0.00034196331203700336,-0.000284
-0.00030443543023243673,-0.000284
-0.00028380280131223227,-0.000282
-0.0002975612271487478,-0.0003
-0.00027569753986393013,-0.0003
-0.00028330306045211526,-0.000284
-0.0003268814220289659,-0.000284
-0.00027945272645337724,-0.0003
-0.0002431156270992919,-0.000282
-0.00027919426632664663,-0.000284
-0.00040863040351705066,-0.00045
-0.00033074163763053454,-0.000466
-0.0003726748208167619,-0.000534
-0.0004357791704155818,-0.000684
-0.0005357926280784468,-0.000732
-0.0006066805249064675,-0.000768
-0.0008295417533790834,-0.0008
-0.0007470705667627655,-0.000782
-0.0009224681097128436,-0.000784
-0.0007837860269693442,-0.000816
-0.0007958446593289332,-0.0008
-0.0007958445804339007,-0.0008
-0.0008002852662376733,-0.000784
-0.0008002852662376733,-0.00075
-0.0007840088265413488,-0.000716
-0.0007633038508762689,-0.000684
-0.0007344274800018271,-0.000634
-0.0006970608201963367,-0.0006
-0.0006596086381755301,-0.00055
-0.0006182130457412998,-0.000466
-0.0005640684499648931,-0.000334
-0.0004899982036552273,-0.000182
-0.00038645352267665037,-0.000118
-0.0002783560657767633,-8.2e-05
-0.00013856682931731682,-3.4e-05
2.8644653501034986e-05,-1.6e-05
-6.349587841441196e-05,-3.4e-05
-4.210995972313794e-05,1.6e-05
-1.75089895592146e-05,3.4e-05
-6.60873991348915e-07,6.6e-05
1.9600796649340905e-05,5e-05
4.1036695343754064e-05,5e-05
4.971471130662095e-05,6.8e-05
5.8282238474564825e-05,6.6e-05
5.8282238474564825e-05,1.6e-05
4.994810746768894e-05,1.8e-05
4.137744915313957e-05,0.0
5.803669494394935e-05,0.0
0.0004408309527088835,0.0
-5.189309674642558e-08,0.0
-2.852892578144221e-07,0.0
-1.3039339416606168e-05,1.6e-05
-2.5229115044100577e-05,-1.6e-05
-3.768741484591903e-05,-3.4e-05
-8.96330645341619e-06,-1.6e-05
0.0001327894695768702,-3.4e-05
-3.768741484591903e-05,-3.4e-05
6.214835147981876e-05,3.4e-05
5.803669494394935e-05,3.4e-05
8.282237910129453e-06,3.2e-05
0.00013153111353098447,5e-05
7.029989472660787e-05,5e-05
4.1282236408899776e-05,8.4e-05
0.00015397452151519664,6.6e-05
6.621390373102449e-05,3.4e-05
1.1620850098412315e-05,3.4e-05
7.065877343699365e-05,3.2e-05
6.585477600819214e-05,3.4e-05
-1.7439177317260772e-05,3.4e-05
-2.117320031421839e-05,5e-05
1.2148349682648505e-05,3.2e-05
-2.119425542603806e-05,3.4e-05
4.52998932116553e-05,3.4e-05
-1.6802795191655493e-05,1.6e-05
2.880573820426359e-05,1.6e-05
-9.234747624862382e-05,-1.6e-05
-3.7851649649051975e-05,-5e-05
-0.0002348249031531534,-6.6e-05
-2.9786210468444375e-05,-0.0001
-0.00020619805754300253,-0.000118
-0.0002631621448224629,-0.000132
-0.0005587585381396752,-0.000168
-9.235289042023459e-05,-0.00015
-0.00012983000327133632,-0.000132
-0.0002918687138630354,-0.0002
-0.00022117322229571804,-0.000234
-0.00020834747381059983,-0.00025
-0.0003007771464667555,-0.000234
-0.00027119425085180563,-0.00025
-0.00022995526505724569,-0.00025
-0.00024617943679448623,-0.000266
-0.0002378516519067935,-0.00025
-0.000372152772386183,-0.000234
-0.0002770566054189037,-0.0002
-0.0002381079621438863,-0.000132
-0.00020512496675737174,-5e-05
-0.00015574598597641655,0.0
3.2736101197582635e-05,3.2e-05
-7.161008458703279e-05,-1.6e-05
-3.071146675583968e-05,-1.6e-05
0.000397262551629896,-5e-05
-1.3225931099596343e-05,-1.8e-05
7.353027155933578e-05,3.4e-05
-5.1404918815223434e-05,5e-05
6.14188658193603e-05,8.4e-05
0.0001082822316425909,0.000116
0.00022413842821487204,0.000184
0.00010727289790516347,0.00025
0.00015691248377154753,0.000282
0.00020641728240570895,0.0003
0.0002529027089717765,0.000368
0.0002989288086581659,0.000432
0.00034402739861779194,0.0005
0.0003047614592454977,0.000584
0.000469010285970485,0.000666
0.0005433181246707642,0.000734
0.0006188234321755358,0.000784
0.000690136809914258,0.000882
0.0007645468176817277,0.000968
0.000839764158317584,0.000982
0.0009020364809028199,0.001018
0.0009612610094844751,0.001016
0.0009954622427928086,0.001034
0.0010120275172034068,0.001016
0.0010208057730033708,0.001016
0.0010202998980544705,0.001
0.0010200446726240757,0.00105
-0.00016261298988838263,0.00105
0.0010284581966884243,0.001118
0.0012163647837390883,0.001166
0.0010947831204121742,0.001134
0.0011159482119072579,0.00115
0.001141553515835919,0.001166
0.0011536669802431508,0.001184
0.0011580367394126345,0.0012
0.0011745312449790088,0.0012
0.001187148296379196,0.001166
0.001187148296379196,0.001116
0.00116964567008652,0.001184
0.0011657162240938628,0.001116
0.0011447499480808795,0.000968
0.0003809706879547022,0.000766
0.0010045245207100588,0.000616
0.00041231256804477134,0.000434
0.0003117217565334891,0.000316
0.0003247934800064322,0.000234
0.0002788057430296346,0.00025
0.00019566698609514474,0.000284
0.00025689822955421904,0.0003
0.0002663470931311091,0.0003
0.00034463366749564947,0.000266
0.00028714834045969416,0.000266
0.00018271362489482914,0.000268
0.00027463779735348943,0.000282
0.00030779495352442333,0.000268
0.0005457492750997031,0.000266
0.00027080572755479364,0.000266
0.00027032620354677507,0.000268
0.00024545316386300115,0.000282
0.000434599349665555,0.000268
0.00027054724770430487,0.000266
0.00027080574727855175,0.0003
0.000274138411521019,0.0003
0.00028308721865766176,0.000284
0.00025363696531623624,0.000266
0.00020328854209870166,0.00025
0.0002538205343332907,0.000284
0.0003204674089612395,0.000282
0.0002664438381648098,0.000284
0.00027463779735348943,0.000266
0.0002788057430296346,0.000268
0.00028344384392867947,0.000266
0.00022054726439815786,0.000266
0.00027064466334578244,0.000284
0.00023229108585399633,0.0003
0.00027015541552499853,0.000284
0.0002620380436891954,0.000282
0.0001869698541124308,0.000284
0.00026214835866849976,0.000284
0.0005798014362439776,0.000266
-3.3387152338258894e-05,0.000266
0.00043512648682573525,0.000284
0.0008101120125877874,0.000284
0.00028705015559164895,0.000282
0.0002788057430296346,0.000268
0.00022896522630808905,0.000266
0.00026608721289379203,0.000284
0.0004573913356274618,0.0003
0.00032038993403924636,0.0003
0.00027368624436554747,0.000282
0.00021996945690330337,0.000284
0.00024103667911047226,0.000266
0.00028269696437900697,0.0003
0.0003248188447594065,0.0003
0.0002537186019511979,0.0003
0.000257652525236954,0.000284
0.00029582056133587115,0.000266
0.00026231255895505597,0.000284
0.0003082822289693928,0.000316
0.000348526269508092,0.0003
0.00032017001413593086,0.0003
0.00015830295941136676,0.000284
0.00025279582592638934,0.000266
0.00026214835866849976,0.000284
0.0002793261938358038,0.000266
0.00023294248269048942,0.00025
0.00022477087051978788,0.000218
0.0003436531205832345,0.000166
0.00010736959362946878,0.00015
0.00019500558931327222,0.000166
0.00017436136282327858,0.00015
0.0005124784509105802,0.000168
0.00013651466619205797,0.0002
0.00017054727123013178,0.000216
0.0002042998777975808,0.0002
0.00018319720213514644,0.000184
0.0001997147154653968,0.000182
0.00028069174850720697,0.00015
0.00010786534042856146,0.000134
0.0001538205381353595,0.000134
0.0007533946892464777,0.000132
-0.00016133851953209252,0.000134
0.00016196985259747825,0.000134
8.647071369806648e-05,0.0001
2.8699166116250944e-05,8.2e-05
0.00011194161007684918,0.0001
0.0001082822316425909,0.0001
9.52998913106209e-05,0.000118
9.128223574060026e-05,0.0001
2.0832965708084622e-05,0.0
-1.2938767973825382e-05,-3.4e-05
-1.3124891217559619e-05,-3.2e-05
-0.00012593218432486447,-5e-05
-6.678609712935144e-05,-6.8e-05
-4.636304793225504e-05,-6.6e-05
-5.436304861427745e-05,-6.6e-05
-0.00014196329991738284,-0.0001
-0.00012961008336802082,-0.0001
-8.342469461085328e-05,-0.0001
-9.317754714628665e-06,-0.000118
-3.626969083422263e-05,-0.000132
-0.00013957234650754322,-0.00015
-0.00012545813365973115,-0.000168
-0.00015042542332180042,-0.000166
-0.0003318385941635206,-0.000184
-0.00016730306289013924,-0.000182
-0.0004571098625840501,-0.000184
-0.00017919426026683635,-0.000184
-0.00022945274314723022,-0.0002
-0.00020470011700693085,-0.000216
-0.00020005189781995767,-0.0002
-0.0002087177873697701,-0.0002
-0.00021268743038152656,-0.0002
-0.00020005189781995767,-0.0002
-0.00020028528905008614,-0.000184
-0.00021268741065776843,-0.0002
-0.00021268743038152656,-0.0002
-0.00040824709200126293,-0.000216
-0.00017561410230716699,-0.000184
-0.0002041794492394221,-0.0002
-0.0001837860892292733,-0.0002
-0.0002211942675456586,-0.000216
-0.0001714527246424841,-0.000216
-0.00019247976955431186,-0.0002
-0.0003137306062858618,-0.000218
-0.0003561340827612959,-0.000216
-0.0002252291173018421,-0.0002
-0.00020470013673068902,-0.000216
-0.00020028528905008614,-0.000184
-0.00018768740914281584,-0.000184
-0.00019633302266925534,-0.000182
-0.00016268740762786328,-0.000184
-0.0002041794492394221,-0.0002
-0.0001546828359648908,-0.000184
-0.000200319845074356,-0.0002
-0.00020005189781995767,-0.0002
-0.0002165561666466138,-0.0002
-0.00020871776764601197,-0.0002
-0.0002041794492394221,-0.000216
-0.00019247976955431186,-0.0002
-0.0002291942632967415,-0.000216
-0.00018305751332715927,-0.0002
-0.00018349922689081405,-0.000218
-0.00020871776764601197,-0.0002
-0.00020470011700693085,-0.0002
-0.00020470011700693085,-0.0002
-0.00020470013673068902,-0.0002
-0.00019234746258467596,-0.000182
-0.000200319845074356,-0.0002
-0.00019570012671790216,-0.0002
-0.0004453986050529088,-0.0002
-0.00020470013673068902,-0.0002
-0.0002082050485530356,-0.000218
-0.00020886871356709478,-0.000216
-0.00022154176071665526,-0.000234
-0.00024220504035701688,-0.000232
-0.0002457001100240492,-0.00025
-0.0002500519008498628,-0.00025
-0.0003676284184003597,-0.000268
-0.00025031982838050296,-0.000282
-0.0002084465856952779,-0.00025
-0.0002675090047087403,-0.00025
-5.189309674642558e-08,-0.000218
-8.012881517732621e-05,-0.000132
0.0002288630966884148,-0.000118
-9.545278126709022e-06,-8.2e-05
0.0002400021285482566,-5e-05
-3.7851649649051975e-05,-3.4e-05
-8.46284355704358e-05,-3.4e-05
6.0872700163509754e-05,-3.2e-05
-3.768741484591903e-05,-3.4e-05
-3.38028009555252e-05,-1.6e-05
-1.6802800122595034e-05,-1.8e-05
-5.048865656154219e-05,-3.2e-05
-2.852892578144221e-07,-3.4e-05
-2.5206531341024685e-05,-1.6e-05
-1.701960367212364e-05,-3.4e-05
-4.33301862806648e-06,-1.6e-05
-2.5229115044100577e-05,-1.8e-05
-1.7057512735278117e-05,-1.6e-05
-0.00017198297815645126,-3.4e-05
7.652527345716686e-06,-1.6e-05
-4.570010776630768e-05,0.0
5.315817376046715e-05,0.0
6.8669639824491e-05,0.0
2.915541358566576e-05,0.0
-0.00010040010484831632,-1.6e-05
-7.167436431482698e-05,-1.8e-05
4.948084300809236e-05,-1.6e-05
-2.135534922068643e-05,-1.6e-05
0.00015880129002277644,0.0
-9.13465413683014e-06,1.6e-05
-4.33301862806648e-06,3.4e-05
8.036694379513973e-06,3.2e-05
5.77949605641256e-05,6.8e-05
2.4531253261672077e-05,5e-05
-2.9693996968177486e-05,5e-05
9.464134954273985e-05,6.6e-05
4.968016760969995e-05,6.6e-05
-0.00021905208989730045,6.8e-05
5.8282238474564825e-05,8.2e-05
0.00011189205906544968,0.0001
7.929989487751564e-05,0.0001
0.0006462484500306442,0.000118
9.968016817413532e-05,0.000132
9.103669467545456e-05,0.000134
0.00011231257945097776,0.000116
0.0006855775448765183,0.00015
0.00018294247966058427,0.000168
0.0001700447197344791,0.00015
0.00021671363642256856,0.000182
-3.852273572711318e-05,0.000184
0.000157794954296587,0.000184
0.00022080572452488846,0.0002
0.00017064465728597217,0.000182
0.00017029988599359954,0.000168
0.00022065878252670905,0.000166
0.00016619719637127672,0.000184
0.00017479346105483772,0.000182
0.00018714834426176297,0.000184
0.0001953774413255778,0.000184
0.00017463780115555826,0.0002
0.00019951134379516487,0.000182
0.0002286446560669602,0.0002
0.00017865877524788677,0.000184
0.00014113127805660396,0.000134
0.00017479346105483772,0.000166
6.974118229510739e-05,0.000166
0.00045070241752778593,0.0002
0.00019128224673135006,0.0002
0.00029821498612714423,0.0002
0.00022032620051686994,0.000218
0.00018308722245973053,0.000216
0.0002161971895393028,0.0002
0.0002038205510271437,0.000184
0.0001997147154653968,0.000182
0.00023714833742978904,0.000218
0.00019968015944112698,0.000232
0.00023731257716386154,0.000234
0.00022080572452488846,0.0002
0.00018321391802017422,0.000166
0.00014128223383956585,0.000184
0.00026995934164528016,0.000184
0.0002286446560669602,0.0002
0.00022029986929974653,0.0002
0.00016911342304615193,0.0002
0.00019994810669552528,0.0002
0.0006287667703691182,0.000216
0.00012788188297029174,0.000216
0.0002286446560669602,0.00025
0.0002456369301176371,0.00025
0.000253820573780807,0.000234
0.00023257528548510604,0.000234
0.0002417949589923525,0.00025
1.7928472203835863e-05,0.00025
0.0002417949589923525,0.00025
0.0002451553942862878,0.00025
0.00027463779735348943,0.000282
-0.000155128691517756,0.000284
0.0002582822259394877,0.000266
0.0002664438381648098,0.000268
0.00022929985958877521,0.000232
0.00023687510420820792,0.00025
0.0002499481097254304,0.000234
0.0002499481097254304,0.00025
0.00022846739865251206,0.000234
0.00021657527425918217,0.00025
0.0002456369301176371,0.00025
0.00022054726439815786,0.000232
0.0002038205510271437,0.000218
0.00021231257564890895,0.000216
0.00021216261591573338,0.0002
0.00020779494746461308,0.0002
0.0003036008146974618,0.000266
0.00025363692586871997,0.000234
0.00023714833742978904,0.000234
0.0002871626401843492,0.000216
0.00022481883869959624,0.000216
0.0001952998875085521,0.000218
0.00028714834045969416,0.000266
0.000295666992154955,0.000234
0.00018705015939371773,0.0002
0.00021189206512525996,0.000182
0.00023300090446211458,0.0002
0.00023731257716386154,0.000218
0.00019563694681149009,0.000216
0.00018716262426265987,0.0002
0.0002370501525617438,0.000216
0.00020363694256257295,0.0002
0.0001952998875085521,0.000184
0.000179155409616096,0.000166
0.0001538205381353595,0.000168
6.61972026388153e-05,6.6e-05
8.282237910129453e-06,0.0
2.4067813053869553e-05,1.6e-05
-2.5206531341024685e-05,-3.2e-05
-3.3652920117382184e-05,3.2e-05
5.788203355992597e-05,8.4e-05
0.00011216262957968126,0.000134
0.0001662161410409749,0.000166
0.00018104674050836744,0.000184
0.00013261596953834868,0.000216
0.00023716261743068594,0.000234
0.00024128222017561797,0.00025
0.00027080574727855175,0.00025
0.00024971471849530194,0.00025
0.00019933913566280186,0.00025
0.00046670493367099417,0.000282
0.0002999481127553355,0.000284
0.0005072535090354504,0.000284
0.0002499481097254304,0.000282
0.00031189207118507024,0.000284
0.00022916999836514927,0.00025
0.00040700214340184173,0.00025
0.00029131001398074926,0.00025
0.0003197499178112029,0.000234
0.00017887905017884888,0.000232
0.00024512632146678225,0.000218
0.00018731258399583547,0.0002
0.00022915540278412204,0.000216
0.00018234707857346454,0.0002
5.297167576532816e-05,0.000166
0.00018731259385771455,0.000184
0.00015753059676617108,0.00015
0.00017479346105483772,0.000166
0.00022017000807612058,0.000168
0.00019994810669552528,0.0002
0.00024563694984139524,0.000232
0.00019515541098014079,0.000218
0.00024103667911047226,0.0002
0.00019165253070488312,0.0002
7.82132242844021e-05,0.000182
0.00019179496582432643,0.0002
0.00021231257564890895,0.0002
0.00020415540126916948,0.0002
0.0001664438321049995,0.000184
0.00027064466334578244,0.0002
0.0001952998875085521,0.000184
0.00017453125341405958,0.0002
0.00017880573696982434,0.000166
0.00019128224673135006,0.000184
0.00018696984425055176,0.000166
0.00011169609366640116,0.000166
0.0001286446500071499,0.000168
0.00017080574121874147,0.000182
0.00017479346105483772,0.000184
0.0002118920454015018,0.000166
0.00011143317103939025,0.000184
-1.7277462224230835e-05,0.000166
0.00019113128108650909,0.000168
0.00022882678524967006,0.000182
0.0001997147154653968,0.000184
0.0001743858991784108,0.000166
0.0001621483427468104,0.000184
0.00017032619748696482,0.000184
0.00023249100586655294,0.0002
0.00018319720213514644,0.000216
0.00024582053858220786,0.000216
0.0002161971895393028,0.000218
0.00022929985958877521,0.000232
0.00026608721289379203,0.000234
0.0001830009211559676,0.000216
0.00017426220162920515,0.000234
0.00019957457816377738,0.000234
0.0002456369301176371,0.000232
0.00022880572027597133,0.000218
0.00022904473277717108,0.000232
0.00021231257564890895,0.000218
0.00023714833742978904,0.000216
0.00022479347394662193,0.000216
0.00022032620051686994,0.000218
0.00021669693039941983,0.000232
0.00024128223989937613,0.000268
0.0007031971725025097,0.00025
0.00022477087051978788,0.000232
0.00026214835866849976,0.000234
0.0002908843752799826,0.000216
0.00026556133805413307,0.0002
0.00024128223989937613,0.000218
0.00021579969664140886,0.000232
0.0002334438408987743,0.000234
0.00020415540126916948,0.00025
0.00027917002111881256,0.00025
0.00026231257867881413,0.00025
0.0002619698783810467,0.00025
0.000245820558305966,0.00025
0.0002494808341712199,0.000216
0.0002161971895393028,0.000234
0.00019994810669552528,0.000216
0.00022880573999972946,0.000234
0.00022477087051978788,0.000234
0.00021231257564890895,0.000232
0.0002411312939782933,0.000234
0.0003161971955991131,0.000234
0.0002417949589923525,0.000232
0.0002533171445779169,0.00025
0.00024128223989937613,0.00025
0.00024128222017561797,0.000234
0.00021621389556245152,0.000216
0.00024103669883423042,0.000218
0.0002161971895393028,0.000216
0.00019994810669552528,0.000234
0.0002582822259394877,0.000232
0.0002786587813076971,0.000268
-0.00010919538225155922,0.000266
0.00023321392105007938,0.00025
0.00022883295878596942,0.000216
0.00017929989600638636,0.0002
0.00019994810669552528,0.000184
0.00017453125341405958,0.000166
0.00019103669580432527,0.000168
0.00018731259385771455,0.000166
0.0001708057313568624,0.000184
0.00022080572452488846,0.0002
0.00017915541947797505,0.000216
0.00020779494746461308,0.0002
0.0002038205510271437,0.000216
0.00021231257564890895,0.0002
0.00017929989600638636,0.0002
0.00020356457609393936,0.000184
0.0001952998875085521,0.000184
0.00019179496582432643,0.0002
0.00022479345422286376,0.000216
0.00023731257716386154,0.000234
0.00019179496582432643,0.000216
0.0002867531946890195,0.000234
0.00020828222290958254,0.000232
0.0002245418579639676,0.000218
0.0002582822259394877,0.000216
0.00022479347394662193,0.000234
0.00024959986705162427,0.000216
0.0002331971953031725,0.000216
0.0001997147154653968,0.0002
0.00020363694256257295,0.0002
0.00018731258399583547,0.0002
0.00015828223960343555,0.000184
0.00019582055527606084,0.000216
0.00017838991083873475,0.000218
0.00020828222290958254,0.000216
0.00025363696531623624,0.000216
0.000253820573780807,0.000234
0.00022479345422286376,0.000234
0.00022477087051978788,0.000232
0.00022479345422286376,0.000234
0.0002334438408987743,0.000216
0.00011216262957968126,0.000118
-7.989241607408065e-05,-1.8e-05
-5.4363038752398366e-05,-6.6e-05
5.9737427764857445e-05,-0.0001
-0.00010066087265474988,-6.6e-05
8.036694379513973e-06,5e-05
-0.0003850572778375737,0.00015
0.0002326969416253437,0.0002
0.0003032480947305568,0.000232
0.00024128223989937613,0.000268
0.00023298039175364388,0.00025
0.00027820061812974947,0.00025
0.00024971471849530194,0.000266
0.00027029985260589354,0.000284
0.00026187512544691865,0.000282
0.00027015541552499853,0.000284
0.00032477087657959813,0.000316
0.0002911448669538021,0.000334
0.000249480853894978,0.000316
0.00026231259840257224,0.0003
0.00024971471849530194,0.000234
0.0003840552075959487,0.000216
0.00022477087051978788,0.000218
0.00017080574121874147,0.0002
0.0002540447145683655,0.000232
0.0002538205343332907,0.000234
0.00023714833742978904,0.000216
0.0002654482617486884,0.000218
0.0005349283085637058,0.000232
0.00024128223989937613,0.000234
0.00024128223989937613,0.000234
0.0002747934769765271,0.0003
0.000245820558305966,0.000266
0.00019566698609514474,0.000234
0.000245820558305966,0.000232
0.000253820573780807,0.000218
0.00021231257564890895,0.000232
0.0002286446560669602,0.000234
0.00021694247146456555,0.000216
0.00016599115213181617,0.000218
0.00018731258399583547,0.0002
0.00021669693039941983,0.0002
0.00021231257564890895,0.0002
0.00023319717557941435,0.000232
0.00020311067324775106,0.000218
0.0002370501525617438,0.000232
0.00023257528548510604,0.000218
0.00023321390132632121,0.000216
0.00020813127698849973,0.000216
0.00019951134379516487,0.0002
0.00022880572027597133,0.000218
0.0001621483427468104,0.000166
0.0001997147154653968,0.0002
0.00023714833742978904,0.000234
0.00021671363642256856,0.00025
0.0002160872098638869,0.00025
0.0003436205961060536,0.00025
0.0002578213408829161,0.000232
0.00024128223989937613,0.000234
0.00022479345422286376,0.000234
0.00016504377071872183,0.00025
0.00022932619080589863,0.000232
0.00011914981035002412,0.000218
0.00023731257716386154,0.000232
0.0002746377776297313,0.000234
0.00024152022676515234,0.000216
0.00024556458337276165,0.000234
0.00013714834123185784,0.0002
0.00017032620734884387,0.000184
0.00017038991508765188,0.000166
0.00019537746104933594,0.000166
0.00031937303624057035,0.00015
0.00016619719637127672,0.00015
0.0001577949641584661,0.0001
-5.949025580393445e-06,8.4e-05
0.00014162365209305388,0.000116
0.00010944450340067378,0.0001
0.000157530586904292,0.000118
0.0001667136333926634,0.000132
0.0001162139092263994,0.000134
0.00012065877646689879,0.00015
0.00019582055527606084,0.000184
0.00014948083797328867,0.000166
0.00015803669853828984,0.000184
0.00021216263563949151,0.000182
0.00019128223686947098,0.0002
0.00022431761855761835,0.0002
0.00020363694256257295,0.0002
0.00022083294331112842,0.0002
0.00019128224673135006,0.000184
0.00040909558364382386,0.000166
0.00018714834426176297,0.000168
0.00013344383483896406,0.000166
0.00017064465728597217,0.0002
0.00019582055527606084,0.0002
0.00026231259840257224,0.000216
0.00020779494746461308,0.0002
0.000253820573780807,0.000218
0.00014520407632345817,0.0002
0.00022463777459982617,0.000216
0.00020828222290958254,0.0002
0.00022479345422286376,0.000216
0.00018731259385771455,0.0002
0.00022854726014924072,0.000234
0.00024971471849530194,0.00025
0.0002788057430296346,0.00025
0.00025415540429907463,0.000266
0.00031544826477859355,0.000268
0.00025828224566324585,0.000282
0.00026621391831611484,0.000318
0.000282980394783549,0.000282
0.00019553059630757284,0.00025
0.00026231259840257224,0.00025
0.00027430249346502636,0.000218
0.00029556458640266677,0.000232
0.0002359644385709003,0.0002
0.0002035305920586557,0.000218
0.00022080572452488846,0.00025
0.00026231259840257224,0.000266
0.00018977228456468909,0.000284
0.00026694249421822883,0.000266
0.0003263474360156353,0.000266
0.0002328547711380191,0.000284
0.00028344384392867947,0.000266
0.0002702998920534098,0.000268
0.000274770873549693,0.000266
0.0002522946255081696,0.00025
0.00023308723535151474,0.00025
0.00020363694256257295,0.000234
0.00024971471849530194,0.000266
0.0002698711764463725,0.000284
0.0002999481127553355,0.0003
0.00033675319771892464,0.0003
0.000834887814143907,0.000266
0.00022045825107764997,0.000284
0.00022080572452488846,0.000266
0.00028344384392867947,0.000284
0.00014195718084328393,0.0003
0.00026634707340735095,0.000282
0.00022880573999972946,0.000268
0.00019091058209474686,0.000282
0.00028321390435622634,0.000284
0.0002788329618158746,0.000284
0.00027064466334578244,0.000282
0.00028294248572039457,0.000284
0.00024128223989937613,0.00025
0.00023271362792473427,0.000234
0.00024128223989937613,0.00025
0.00021214833591483648,0.000232
0.00026214835866849976,0.000234
0.00024128223989937613,0.00025
0.0002619698783810467,0.000266
0.000245820558305966,0.00025
0.00025731000245300987,0.000268
-1.5520085235400386e-05,0.000266
0.00024968016247103213,0.000266
0.00026231255895505597,0.000268
0.00026231257867881413,0.000266
0.0003082822289693928,0.000284
0.00026231259840257224,0.000266
0.00026231255895505597,0.00025
0.0002246377943235843,0.00025
-0.0012041048356891883,0.000234
0.0002540447145683655,0.000232
0.0002538205343332907,0.00025
0.00024128223989937613,0.00025
0.00025366696515237463,0.00025
0.0002417949589923525,0.00025
0.00033647071405477354,0.000268
0.00026214835866849976,0.000282
0.0002621626386693967,0.000284
0.0002999481127553355,0.0003
0.0002159803859897742,0.000284
0.0002832139240799845,0.000282
0.0002873125999175248,0.000268
0.0002873125801937667,0.000282
0.0002620274914785879,0.0003
0.0003161971955991131,0.000318
0.00016999788567076407,0.000282
-0.0001706395338179285,0.0003
0.00031231258170871925,0.0003
0.0002995745842235877,0.0003
0.000303820557086954,0.000318
0.0002871626401843492,0.0003
-0.00023691909289794502,0.0003
0.000312027494508493,0.000316
0.0003208057305846987,0.000316
0.00030779495352442333,0.000318
0.00031231258170871925,0.000332
0.00025660915815484754,0.00035
0.0003286587843376022,0.000368
0.0002743613688830888,0.000366
0.00038294247205644666,0.000384
0.00035415543008264304,0.000382
0.00041583136539285196,0.000384
0.0003536369713760465,0.000384
0.00033702749602344557,0.000382
0.0004813677332659691,0.000384
0.0003786446651566756,0.000384
0.0007565178280061718,0.000382
0.00038294247205644666,0.000368
0.00036231260446238254,0.000366
0.0003415306075217468,0.000366
0.0003666969592128934,0.00035
0.00034515540034609805,0.000334
0.00015300558203444996,0.000316
0.00034103668517028256,0.000368
0.00038731254680606067,0.000366
0.0002788057430296346,0.000316
8.272253397370036e-05,0.0003
0.0003356023756024449,0.0003
0.0003198267812966935,0.0003
0.00034529987687450934,0.000318
0.0003334438469585846,0.000316
0.00030429988385739104,0.000316
0.00031231258170871925,0.00035
0.0002541263117558109,0.0003
0.00026214835866849976,0.000284
0.000253820573780807,0.000284
0.00029968016550093726,0.0003
0.00030429988385739104,0.000316
0.0003615554488347166,0.000334
0.00031196986168719365,0.00035
0.00035429986716353806,0.000332
0.0002286446560669602,0.000334
0.00040331715366763226,0.000334
0.0003293261968657089,0.000332
-2.473410295499879e-05,0.00035
0.0003412822262354283,0.000334
0.00044439468077801813,0.00035
0.00033702749602344557,0.000366
0.00034971472455511224,0.000368
0.0003666969592128934,0.000382
0.00044103667150633465,0.000384
0.0006346721030052139,0.000384
0.0003995113361910273,0.000382
0.00037479344358882106,0.000368
0.0003664438245008619,0.000366
0.00042064463298798155,0.0004
0.00036231260446238254,0.0004
0.0004159803981093947,0.000416
-0.00025187563842297175,0.0004
0.0002650170017768504,0.0004
0.00040382054342300613,0.000384
0.00039130996086928513,0.000366
0.00037479344358882106,0.00035
0.000744441128684122,0.000334
0.0004156215440537066,0.00035
0.00037479344358882106,0.00035
0.00035828223199929794,0.00035
0.0003955306084271934,0.000366
0.0003661971986290182,0.000368
0.00037932619989561404,0.000366
0.0003458205446420181,0.000366
-0.0005710671888575088,0.000368
0.0003669424805542809,0.000332
0.0003649167322502521,0.000334
0.00021491674288429482,0.000334
0.0003402347566116277,0.000332
0.000357623635991082,0.000334
0.00029968016550093726,0.000316
0.000257318325878947,0.00035
0.0003538205798406173,0.000384
0.00036231260446238254,0.000384
0.0003458205446420181,0.00035
0.00034948084023103015,0.000366
0.0003703899173453933,0.000366
0.0003538205798406173,0.000368
-2.5649502294261185e-05,0.000366
0.00035828223199929794,0.000366
0.0003664438245008619,0.0004
0.00042083295543074895,0.000434
0.00042064463298798155,0.000416
0.0004033774294725231,0.000434
0.00042083295543074895,0.000416
0.00042477088263940843,0.0004
0.0003495113528848803,0.0004
0.0003326969279613958,0.000384
0.00039971472758501737,0.000384
0.00038731254680606067,0.000382
0.00044179497111197303,0.0004
0.00038344381054097345,0.000384
0.0003747708796095033,0.000384
0.0003706446299580764,0.000382
0.00042064463298798155,0.0004
0.0004286446681865807,0.000418
0.0003956369589311106,0.00045
0.0004783899191562865,0.000466
0.0004615146661626832,0.000466
0.0004492292105844279,0.000468
0.0004293261634780029,0.00045
0.00034795796886466333,0.00045
0.00045828225778286636,0.00045
0.00045429991267086463,0.000466
0.0005120501692262221,0.00045
0.0005082822608127715,0.00045
0.0004075305823300596,0.000434
0.0004692811326173306,0.00045
0.0005826961344368376,0.000466
0.000502971717827293,0.00045
0.0004497147306149225,0.0004
0.000797662376446734,0.000416
0.0004623125710746765,0.000468
0.0004618079189987814,0.000482
0.0004406471272829731,0.000534
0.0004063743756276062,0.000534
0.0005037564472688455,0.0005
0.00041187509508911776,0.000466
0.0001773813660516331,0.000416
0.000477917614043749,0.000418
0.00035828223199929794,0.000366
0.0003411448897074654,0.00035
0.00039057986623779395,0.000366
0.0005692495806641091,0.000434
0.0004995999019249081,0.00045
0.0008617721643407477,0.000434
0.00036585479418762293,0.0004
0.00042064463298798155,0.00045
0.00038344381054097345,0.000382
0.00019934661096713876,0.000384
0.0003373125832236718,0.000334
0.00033638306167357764,0.000382
0.0003699744955513457,0.0004
0.00037438591129803137,0.00045
0.000821779483375847,0.000468
0.00042412634967074975,0.000482
0.0004495113392209324,0.000468
0.00047080570022689787,0.000432
-0.00017634897008812924,0.0004
0.0005213800590939822,0.00035
0.00030690270987722304,0.00035
0.00034971472455511224,0.00035
0.00041231256804477134,0.0004
0.00036196069316956145,0.000434
0.0005081448651135343,0.000484
0.0009988787921786661,0.000466
0.00042045824347351237,0.000466
0.00043689207875983305,0.000468
0.00047080570022689787,0.000466
0.0004784582422545004,0.00045
0.00037045824044360724,0.000416
0.0003700447515778578,0.0004
0.00043234705427547395,0.000368
0.00040429990964095945,0.0004
0.0004699365925480015,0.000432
0.00039943654370014185,0.000434
0.0006576471254427053,0.000466
0.00047477088566931356,0.000484
0.0007676573332362092,0.000484
0.00048308721105352415,0.000482
0.00047880573542549704,0.000484
0.0004075798522779055,0.0005
0.000508014688309778,0.0005
0.0004743779884070674,0.0005
0.00045404472668798606,0.000466
0.00042477088263940843,0.000434
0.000420170000471983,0.000434
0.00040828225475296123,0.0004
0.0003955645727387189,0.000382
0.0003952998799044145,0.0004
0.0005556910353926339,0.0004
0.00047431759425962776,0.000434
0.0004246377867194467,0.000416
0.00041214834803445703,0.000434
0.00042015544433847207,0.00045
0.0004328313908804798,0.00045
0.0004997147336448277,0.000466
0.00044968017459065264,0.00045
0.0007396297940172907,0.000468
0.00042064463298798155,0.00045
0.00045828225778286636,0.000432
0.00039994809909138767,0.000418
0.0004166969622427985,0.000416
0.0004623126105221928,0.000416
0.0003996801715607475,0.000418
0.00042015544433847207,0.0004
0.00040828225475296123,0.000416
0.00037413841758082933,0.000416
0.00044504477584647367,0.000418
0.00039994809909138767,0.000416
0.000416443827530767,0.000434
0.00042080569719699275,0.000432
0.0004247934466187262,0.000418
0.0004541554164186952,0.000432
0.0004499481021212928,0.000434
0.00042477088263940843,0.000416
0.00039515542309976134,0.000418
0.0005683752264655462,0.00045
0.00042454188980734625,0.000432
0.0003912822292653334,0.000384
0.00031561595617034136,0.000384
0.0004161972016589233,0.0004
0.0004607938022500038,0.000382
0.0003538205798406173,0.000384
0.00042064463298798155,0.000416
0.00039088203421257364,0.000418
0.00023321390132632121,0.000432
0.0004910366745362398,0.000434
0.0004119698480232458,0.000434
0.0004291699513134954,0.000432
0.00045382058590042753,0.000434
0.00028172071724586763,0.00045
0.00040753062177757585,0.000434
0.0004329911927689697,0.000432
0.00045382058590042753,0.000434
0.0003104835976159438,0.0004
0.00038731258625357694,0.0004
0.00038705014192770104,0.0004
0.0003950447333690522,0.0004
0.0004246377867194467,0.0004
0.00033199067935350184,0.000384
0.0003373125832236718,0.000332
0.00026231255895505597,0.000268
0.00024971471849530194,0.000232
0.00021231257564890895,0.00025
0.00015629172779333252,0.000268
0.0002541263117558109,0.0003
0.0003334438469585846,0.000282
0.00040415541338879,0.0003
0.0002868920499463595,0.0003
0.0003458205446420181,0.000334
0.00035828223199929794,0.00035
0.0005736594974051758,0.000334
0.0003290447191132232,0.000382
0.00041177403055238333,0.0004
0.00039971472758501737,0.0004
0.0003868378353950295,0.000418
0.00041231256804477134,0.000416
0.00031123390909953345,0.000416
0.00039566697849100716,0.0004
0.000398938597702016,0.000434
0.0004206587551988133,0.000434
0.00038731258625357694,0.0004
-0.00024883902779025924,0.000416
0.00041202748084454515,0.000416
0.0005775623952193699,0.0004
0.00040779495958423364,0.0004
0.0004703980495935593,0.0004
0.00039971472758501737,0.000384
0.0003703262096065854,0.00035
0.00037479344358882106,0.000366
0.00042827224418528895,0.000434
0.00025801465343649414,0.000384
0.00039957457055963977,0.000432
0.00042477088263940843,0.000434
0.0004746377897493519,0.000466
0.0006026127120413501,0.000434
0.00042080569719699275,0.000416
0.0004664438305606722,0.000434
0.0003830872049937139,0.000416
0.00042477088263940843,0.000434
0.0004784582422545004,0.00045
0.0003867531810250716,0.00045
0.00045779496261413876,0.000434
0.0003786587873675073,0.0004
0.00040779495958423364,0.0004
0.00046203801636129964,0.0004
0.00035345314595013614,0.0004
0.0005334437801831726,0.000416
0.0005745312480676635,0.000434
0.00048683780200732346,0.000432
0.00038731258625357694,0.000418
0.0004247934466187262,0.000416
0.00047431763370714403,0.000434
0.0003706446299580764,0.0004
0.0004166969622427985,0.000432
0.00042880573239559186,0.000434
0.0004035306041782763,0.000416
0.00043321391344594177,0.00045
0.0003952998799044145,0.000418
0.00042915539517998446,0.000416
0.00040429990964095945,0.000416
0.00039971472758501737,0.0004
0.00043294247508635184,0.000418
0.00039179492863455163,0.000416
0.00043731258928348207,0.000434
0.0006470788991435766,0.000416
0.00038731254680606067,0.000384
0.00039971472758501737,0.000366
0.0003321420986447801,0.000384
0.0007600970589492084,0.00035
0.00039179492863455163,0.000382
0.00041214834803445703,0.000418
0.0004290447448967916,0.000432
0.0004910366745362398,0.000434
0.0004623126105221928,0.000434
0.0004997147336448277,0.00045
0.00045429991267086463,0.00045
0.0004623125710746765,0.000466
0.0004497147306149225,0.000466
0.0005288056990078859,0.000468
0.00048285482573506107,0.000466
0.0004330872474711353,0.00045
0.000394705326938895,0.000434
0.0003955645727387189,0.000432
0.0004247934466187262,0.000434
0.00045429991267086463,0.00045
0.00043731258928348207,0.00045
0.00041563077477251844,0.000466
0.0003751004636081044,0.000468
0.000373483312677805,0.000482
0.00048294247811625697,0.000468
0.0005660295588044073,0.000466
0.00038308724444123017,0.000434
0.0005403183382945082,0.00045
0.00043731258928348207,0.00045
0.00037839468624594727,0.000482
0.0004535646109672232,0.000468
0.000520805703256803,0.000482
0.0004456369619610158,0.0005
0.00047032617621887936,0.000484
0.0004871483328555566,0.000484
0.0005204582100858064,0.000466
0.00048319719072894006,0.000484
0.00047929989446205903,0.000482
0.000461620819429019,0.0005
0.0005322963308293356,0.0005
0.000557530591419775,0.000484
0.00046649104923767105,0.000516
0.0004997147336448277,0.000518
0.0005078653400131049,0.000516
0.0005081448651135343,0.000534
0.0004619698905006672,0.000516
0.0005448961436649041,0.000534
0.0004329911927689697,0.000482
0.00047864467121648584,0.000468
0.000470644675465403,0.000466
0.0004993465699752952,0.000466
0.00048271368252177625,0.000484
0.0005745418594495454,0.000484
0.00047477088566931356,0.000466
0.00047004475763766807,0.00045
0.00043294247508635184,0.00045
0.0005118378232460342,0.000466
0.00042454185035983,0.000484
0.00045828225778286636,0.0005
0.0004911448790734227,0.000466
0.0004156215440537066,0.0005
0.0004871483328555566,0.000518
0.00040730951844877167,0.000516
0.0005570569845392,0.00055
0.0005205472825775887,0.000534
0.0005291554012397948,0.0005
0.0005077949261965277,0.0005
0.00047083295846065407,0.000466
0.0004290447448967916,0.00045
0.0004541554164186952,0.00045
0.00037431758819981745,0.000416
0.00044490434268848206,0.000418
0.0004329189249191268,0.000416
0.0004161972016589233,0.000416
0.000416443827530767,0.000384
0.00038696067496075585,0.0004
0.0003995998958650978,0.0004
0.0002813336384922742,0.000434
0.0004952102612072144,0.00045
0.00038243375688637373,0.000432
0.0004412822322952385,0.000418
0.00043321391344594177,0.000432
0.0004950447788763788,0.000484
0.0007015821911856063,0.000484
0.00038684907793717205,0.00045
0.0004619416460790037,0.000466
0.0004458205901493447,0.00045
0.0003324482508187051,0.00045
0.0003407450299585941,0.000434
0.00037026553932653167,0.0004
0.00039971472758501737,0.0004
0.00033714834348959934,0.0004
0.00034084287952275085,0.0004
0.00042045824347351237,0.0004
0.00039566697849100716,0.000416
0.00040382054342300613,0.000416
0.00040779495958423364,0.000418
0.00041231256804477134,0.000432
0.0004203262126364905,0.00045
0.00042477088263940843,0.00045
0.00036828708859453424,0.000434
0.0004412822717427548,0.000434
0.00042929985198463764,0.000416
0.00043716264927406463,0.000434
0.00040415541338879,0.000416
0.00012995596434365464,0.000434
0.00044179497111197303,0.000416
0.00045429991267086463,0.00045
0.00040429990964095945,0.000416
0.00045828225778286636,0.000434
0.0004286446681865807,0.000434
0.0003784582361946901,0.00045
0.0004331971876990349,0.000466
0.00046621389098821907,0.000466
0.0004784582028069841,0.000484
0.000499948105151198,0.000484
0.00047477088566931356,0.000466
0.00044506749761585656,0.000466
0.00047477088566931356,0.00045
0.0005073099978787774,0.000468
0.00042865879039741245,0.00045
0.0004497147306149225,0.00045
-7.928534838401822e-05,0.00045
0.0002209288993945033,0.000466
0.0005660009199075809,0.0005
0.0005781945022203973,0.0005
0.0004784582028069841,0.000516
0.00043271364004435485,0.000484
0.0007445795894662992,0.000484
0.0006720497292202329,0.0005
0.0004997147336448277,0.0005
0.00041102239757699794,0.000516
0.000494471014751944,0.000566
0.00041061048661190013,0.00055
0.0005323470603352843,0.000534
0.000541036677566145,0.000534
0.0005456669875807226,0.000566
0.0005456669875807226,0.000534
0.000541652532190461,0.00055
0.0005456669481332064,0.000532
0.0003649616629713061,0.000534
0.0005373125953432924,0.000534
0.0002813766954563045,0.0005
0.0004661972046888285,0.0005
0.0004698094926505159,0.0005
0.0005081312951679306,0.000516
0.0005038205889303328,0.000534
4.948105873669707e-05,0.000516
0.0005451553927419606,0.000534
0.0005247708492517024,0.0005
0.0007554246584347496,0.000516
0.0006215679931213969,0.000534
0.0003572729081237496,0.000466
0.0005694354573608665,0.000484
0.0004950918003157962,0.000466
0.00039971472758501737,0.00045
0.0004411313060979138,0.000484
0.0005371626553338749,0.000482
0.0004701554473683772,0.000468
0.0005532412262884899,0.00045
0.00047065879767623474,0.000466
0.00033172072027577276,0.00045
0.0005192885517802982,0.00045
0.0004036369546821935,0.000434
0.00041196069619946657,0.000416
0.00023714833742978904,0.0004
0.0001422488656406096,0.000416
0.0004161972016589233,0.000418
0.00041231256804477134,0.000382
0.00045382058590042753,0.000434
0.0002074591702059545,0.000466
0.00033892713061789605,0.00045
0.00043221612796890817,0.000418
0.00044556457576862404,0.00045
0.00044556457576862404,0.000466
0.0004415534339697307,0.00045
0.00028571452186135156,0.000434
0.0004497147306149225,0.000482
0.00045755342547189646,0.000468
0.0004580474267183933,0.000466
0.0005433825030173492,0.000434
0.0002020925131285538,0.000416
0.000390613909444352,0.00045
0.00022854726014924072,0.000434
0.0004331971876990349,0.000466
0.0008921477775192988,0.00045
0.0004497147306149225,0.00045
0.0006060384526985031,0.00045
0.0006439531568478073,0.000416
0.00044179497111197303,0.00045
0.0004411313060979138,0.000418
0.0004497147306149225,0.000416
0.0004246377867194467,0.000384
0.00045382058590042753,0.000416
0.0004620501661963169,0.000434
0.00045382058590042753,0.000466
0.0004242622069168518,0.000484
0.00044933915081232757,0.00055
0.0004824482401846624,0.000666
0.0005395556205670454,0.00075
0.0006099530269775191,0.00085
0.000701266611055288,0.000984
0.0008095607729951541,0.0011
0.0014285472934194479,0.00115
0.0010181321781393149,0.00115
0.0010943178764050525,0.001216
0.00115297696428821,0.001234
0.0011865554002093606,0.001316
0.0015560544470632819,0.0013
0.0012654482237280005,0.001134
0.0010066307813948352,0.001016
0.000989208706930423,0.00095
0.0010967027943448997,0.00095
0.0003536165375626084,0.0009
0.0009529769521685895,0.000766
0.0008896326827756953,0.00075
0.0008393784405033026,0.000718
0.0007817771772169716,0.000666
0.00072405141756923,0.000634
0.0006908843797954656,0.000566
0.0006446337053988385,0.000534
0.0005986972699169757,0.000482
0.0005526336950901111,0.000434
0.00025681333849916343,0.0004
0.0004612461074717824,0.0004
0.00042816526252111107,0.00035
0.0003952551464209419,0.000284
0.00035731833193875727,0.00025
0.0003195590115561185,0.000282
0.0002905967239911975,0.000268
0.0002706587855566142,0.000332
0.0002822424698200743,0.000418
0.00032354289512125556,0.00045
0.0003652234366894051,0.000432
0.00040687504350435605,0.000418
0.0004291699513134954,0.0003
0.000398540138339973,0.000266
0.0003522094841040684,0.000184
0.0002899144594732077,-8.4e-05
0.00016276424668052177,-0.000334
2.1456121586778954e-06,-0.000332
-0.00014679808613264853,-0.00025
-0.00025252115757953765,-0.000268
-0.0002969325323578795,-0.0002
-0.0002636722603793641,-0.000132
-0.00021380858796575644,-8.4e-05
-0.0001727249267665875,-5e-05
-0.00011789763254951175,-5e-05
-7.983476352902315e-05,-6.6e-05
-6.285165116400455e-05,-6.8e-05
-5.871775855629654e-05,-5e-05
-5.871775855629654e-05,-5e-05
-5.871775855629654e-05,-5e-05
-5.4700107917215435e-05,-6.6e-05
-5.417945987346483e-05,-0.000134
-7.586158010267969e-05,-0.0002
-0.00011397760465136875,-0.00025
-0.0002961794595481495,-0.000316
-0.00022665544087208963,-0.000366
-0.00028456689970276524,-0.000518
-0.000364949261436507,-0.000632
-0.00046109997885676097,-0.0008
-0.0005829353291609345,-0.00095
-0.0007290698761294148,-0.001034
-0.0008577976937173197,-0.00105
-0.0009609572880418759,-0.001034
-0.0010179740969268574,-0.001082
-0.0010504887122287053,-0.00115
-0.0011473113786414394,-0.0012
-0.0011180734318326853,-0.0013
-0.001184971449073093,-0.00135
-0.0012519609056562604,-0.001384
-0.0013102216525199238,-0.001366
-0.001350777012857182,-0.00135
-0.001362851739803417,-0.001368
-0.0013673031553316207,-0.0014
-0.0013714527184651747,-0.001416
-0.001384145193516508,-0.00145
-0.001409234287247001,-0.001516
-0.0014466052862792832,-0.001534
-0.001480190586068268,-0.001566
-0.0015175516443264453,-0.001584
-0.0015506608914888453,-0.001584
-0.0015675090834862738,-0.00155
-0.0015713553741145921,-0.001516
-0.0015592009631854515,-0.001516
-0.00154220097714534,-0.001534
-0.0015293554457308023,-0.001534
-0.0015252290777368266,-0.0016
-0.001546795823842773,-0.001666
-0.001584857943360452,-0.00175
-0.001639483917178143,-0.001584
-0.001271674249656848,-0.0013
-0.0015791975403529996,-0.001182
-0.0014595754718452964,-0.001068
-0.0012050608067989547,-0.000966
-0.0011320959982382773,-0.0009
-0.0010316462115977309,-0.0009
-0.0009602047872211321,-0.000884
-0.0009132845701305186,-0.0009
-0.0008961794959070111,-0.00095
-0.0009091179656699274,-0.00105
-0.0009476074595790899,-0.00115
-0.0010148813327547064,-0.001182
-0.00095832345627424,-0.00125
-0.0011597874446184068,-0.001318
-0.0012266053045057136,-0.001316
-0.00126788791925329,-0.001284
-0.0012926900717502912,-0.001182
-0.001276373790062514,-0.001134
-0.0009266201974874403,-0.001084
-0.0011728324226753055,-0.001066
-0.0011176240457271122,-0.001034
-0.0010803992391901999,-0.001016
-0.0010506609400848265,-0.000966
-0.0010213991669762335,-0.00095
-0.0009923586944340262,-0.000934
-0.0009672639202611875,-0.000916
-0.0009419632300533161,-0.000884
-0.000921610126233541,-0.000866
-0.0009006608915475948,-0.000834
-0.0008757378718606818,-0.0008
-0.0008467958603191338,-0.000734
-0.0008097145638464836,-0.000732
-0.0006300634741099114,-0.000718
-0.0007467897793418148,-0.000716
-0.0007252065441740594,-0.000716
-0.0007206738667622989,-0.0007
-0.0007126874015093035,-0.000668
-0.0007004886515718531,-0.000682
-0.0005797344787941496,-0.000634
-0.0005475698418568246,-0.0006
-0.0005961794777275803,-0.000566
-0.0006215645856203118,-0.000534
-2.826394560764053e-05,-0.0005
-0.0005509218945535483,-0.0005
-0.0005256823874434423,-0.000466
-0.00040461460691123516,-0.000484
-0.0003732694921248303,-0.000434
-0.0004716100989643948,-0.00045
-0.0005888483540627069,-0.000416
-0.00044662254314083166,-0.000366
-0.0004172837290329248,-0.000334
-0.0002796939874630055,-0.0003
-0.0002592549866765094,-0.0003
-0.00043878866088084507,-0.0003
-0.00032568237532382187,-0.0003
-0.0003000518841560098,-0.0003
-0.00028768741520262614,-0.000284
-0.0002961794595481495,-0.000316
-0.00036714522577332623,-0.000316
-0.0003043330244801485,-0.000284
-0.0003004001071060578,-0.000216
-0.00023414522244748052,-0.0002
-0.0001921713688719584,-0.000218
-0.00022984459505029473,-0.000216
-0.00024244657749925914,-0.0002
-0.00014171777857599529,-0.000184
-0.00020470013673068902,-0.000182
-0.0001708446017313609,-0.00015
-0.0001670088238661338,-0.000168
-7.208234039017491e-05,-0.00015
-0.0001291942572369312,-0.00015
-0.0001934443599463876,-0.00015
-0.00015470011397702573,-0.000132
-0.00017095525201455374,-0.000134
-0.00014570010396423887,-0.00015
-0.00016765292291211328,-0.00015
-0.00017169398565211236,-0.000116
-0.00013785166557074135,-0.000118
-0.00013391278175981183,-0.0001
-7.174855523108898e-05,-0.0001
-0.0004083162040498026,-0.0001
-0.00010028527312839679,-8.2e-05
-5.0400101818411184e-05,-0.000118
-0.00010545297665739,-8.2e-05
-0.00015820504552313045,-0.000118
-0.00010044932548676688,-0.000132
-0.00010506082889795335,-0.000118
-0.00018414521941757542,-0.000132
-0.00011680279632052624,-0.000134
-4.262255061168636e-05,-0.000116
-5.064581546644066e-05,-0.000118
-4.745013765522915e-05,-0.000116
-7.568237989805431e-05,-0.0001
-5.417945987346483e-05,-5e-05
-6.680280315250017e-05,-5e-05
-6.377670528287887e-05,-6.6e-05
-2.0700106251355104e-05,-3.4e-05
-0.00010478971598037278,-5e-05
-2.852892578144221e-07,-3.4e-05
-4.646939843617227e-05,-1.6e-05
-0.00011777621309437182,-1.6e-05
-5.189309674642558e-08,0.0
2.9299892136532734e-05,1.6e-05
-1.2851648134099416e-05,-1.6e-05
-0.00025185723615662255,-0.00015
-8.785165267895711e-05,-8.4e-05
-0.00012222315132947643,-0.0001
-7.561409624735671e-05,-0.000116
-8.426390107240199e-05,-0.000134
-0.00010896330265134739,-0.000132
-0.00012520653740083498,-0.000134
-0.00015056345018129837,-0.000166
-0.00045986550828198866,-0.000168
-0.00019220503732711173,-0.000166
-0.00016268740762786328,-0.000134
-0.00020504329067489376,-0.00025
-0.0001751811658158867,-0.000182
-0.00019617945348833924,-0.0002
-0.0002596180418926824,-0.000234
-0.00020028528905008614,-0.000184
-0.0003339127840175533,-0.000216
-0.0002165561666466138,-0.000184
-0.00023816214330751027,-0.0002
-0.00021655614692285563,-0.000216
-0.00011778436886836472,-0.000216
-0.00019617945348833924,-0.0002
-0.00021268743038152656,-0.000218
-0.0005204644277786959,-0.000216
-0.00023400883265990865,-0.000216
-0.0002082050485530356,-0.000218
-6.812579395382668e-05,-0.000216
-0.00023844456780038693,-0.000216
-0.00015005189479005255,-0.000184
-0.0002041794492394221,-0.000184
-0.00022916704451050152,-0.0002
-0.00020503477001137518,-0.0002
-0.00012520653740083498,-0.000216
-0.00020028528905008614,-0.0002
-9.02102295398019e-05,-0.000184
-0.00022536221322180377,-0.0002
-0.00024220504035701688,-0.0002
-0.00019617945348833924,-0.0002
-0.00018405180769900123,-0.0002
-0.00020005189781995767,-0.000216
-0.00025028529207999126,-0.0002
-0.0002041794492394221,-0.000266
-0.0003918686804753294,-0.000384
-0.0002682878959178819,-0.000484
-0.0003362047636090219,-0.000666
-0.0004536366271172842,-0.000966
-0.0010694650977299673,-0.00125
-0.0008487395972367961,-0.001468
-0.0010949759643046305,-0.0015
-0.0013012924705226353,-0.001582
-0.001453043436517905,-0.001668
-0.0015564249625691074,-0.001716
-0.0016185497514434196,-0.001734
-0.0017514124576888186,-0.0018
-0.001730674425005088,-0.00185
-0.0017763254577065942,-0.00165
-0.0013003313712357512,-0.00135
-0.001667331812407878,-0.00115
-0.000966912758471176,-0.00095
-0.001281412421318207,-0.000782
-0.0010632829618720662,-0.000384
-0.0008234836405123973,-0.000184
-0.000582570281845189,-5e-05
-0.00035685084413228114,0.0001
-0.00013391381725711446,0.00025
2.4972931076015207e-05,0.000284
0.00014271027337677203,0.000334
0.00023983575864830448,0.000432
0.0003232976696362402,0.000484
0.0003815467794825981,0.000534
0.0004441633999900112,0.000616
0.0005148173335989172,0.000534
0.00054082472606112,0.000566
0.0005616668212928232,0.0008
0.0006264465069084699,0.001016
0.0007241661309466007,0.001068
0.000857577867723721,0.001132
0.0010009066312010584,0.0012
0.0011022884837564996,0.001218
0.0011530273782140285,0.001166
0.0011781815603463996,0.00105
0.001156878323649269,0.000834
0.0010633389529123656,0.000582
0.0009024763996044834,0.000534
0.0007448589567766634,0.000484
0.0006051590492178551,0.000466
0.0005153759498770968,0.0004
0.00046980945320299956,0.000416
0.0004406413679455948,0.00035
0.0004069721632894615,0.00025
0.0003523926389222018,0.0003
0.00032747608862796027,0.000334
0.0003075489588128403,0.000316
0.0002992228504445899,0.000318
0.0003166969364592301,0.000332
0.00032479346028267404,0.000284
0.0003120612221349208,0.000134
0.0002650467452041329,0.000132
0.00021828926884197292,0.000218
0.00019042583129081996,0.000316
0.00019812890558678966,0.000434
0.0002722090334992861,0.0005
0.00036431227795814385,0.000532
0.00044344884767993817,0.000518
0.0004950675006457617,0.000516
0.0005162138940181242,0.0004
0.0004901801900625562,0.000384
0.0004529429575580126,0.0004
0.00042368619428398847,0.0004
0.00039582054767192324,0.000282
0.000365278426527113,0.000118
0.00029713331550672046,0.0
0.0001962097444717758,-0.000118
6.683251475054122e-05,-0.000116
-3.1415422476849345e-05,-3.4e-05
-6.827626650471403e-05,-5e-05
-8.044194956163445e-05,-6.6e-05
-6.726389530853229e-05,-6.6e-05
-5.4333019192501846e-05,-0.000118
-7.563863260248896e-05,-0.000132
-9.624351019498356e-05,-0.00015
-0.00011727746828404111,-0.000184
-0.0001466145960106266,-0.000234
-0.0001759646132131598,-0.00035
-0.00023137811724605978,-0.0004
-0.00029414998345383124,-0.000416
-0.0003517676766306969,-0.0004
-0.00039211798877828076,-0.000466
-0.00042117321469158043,-0.000518
-0.00045114662099404095,-0.0005
-0.0004721181040791746,-0.000482
-0.0004919852933932921,-0.000518
-0.0005048736648105203,-0.000532
-0.000508469384815366,-0.000568
-0.0005257655822552974,-0.000566
-0.0005465378159356514,-0.000534
-0.0005504254475610415,-0.0005
-0.0005426899868541978,-0.0008
-0.0006029214527366659,-0.0011
-0.0007394855983305673,-0.001182
-0.0009021701535208416,-0.0013
-0.0011000831553436353,-0.001368
-0.0012400690573955444,-0.001282
-0.0012846509835105651,-0.001418
-0.0013433485721696216,-0.001532
-0.0014022422938796708,-0.00165
-0.0014738796146221646,-0.0017
-0.0015777095800385494,-0.00175
-0.0016600060930527362,-0.001734
-0.001709451187870993,-0.001716
-0.0017254687729654238,-0.0017
-0.0017254687729654238,-0.00175
-0.0017254687729654238,-0.001668
-0.0017092343843214644,-0.001682
-0.0017007708408064604,-0.00175
-0.0017134393317678894,-0.001768
-0.0017180617917267253,-0.00165
-0.0017136982652648154,-0.001332
-0.0004496760175867581,-0.000984
-0.0014410528116763994,-0.00085
-0.0012117328019141422,-0.0009
-0.0010211703713817529,-0.00115
-0.0009738246733804379,-0.00145
-0.001093405479786102,-0.001666
-0.0012987151275983264,-0.00185
-0.0015354625524127204,-0.001818
-0.0016999212990956437,-0.001632
-0.0017438303294777934,-0.001634
-0.001736008202577661,-0.001534
-0.0012946075366221045,-0.0015
-0.001576469665706529,-0.001566
-0.001559727193052757,-0.00165
-0.0015638808587280053,-0.001634
-0.001588977526381626,-0.00155
-0.0016010614051516405,-0.001466
-0.0015768232732425505,-0.001584
-0.00021000466396993333,-0.0014
-0.0006315057147529819,-0.000916
-0.0013478070882507573,-0.000884
-0.001203519986812676,-0.000632
-0.0009648905209960969,-0.000368
-0.00013824681134141603,-0.000132
-3.7837374579094613e-05,-6.8e-05
0.00015569277642974672,-3.2e-05
-2.9541759140936172e-05,1.6e-05
0.00012038991205774674,1.6e-05
4.089004550374217e-05,0.0001
0.00010306222070699741,6.8e-05
4.910998951104287e-05,5e-05
2.0467398178217963e-05,1.6e-05
-4.844583881191368e-06,-1.6e-05
2.8699166193296874e-05,0.0
-2.145273034558728e-05,0.0
1.214834844991362e-05,0.0
-8.868721171232379e-06,0.0
8.131279661697785e-06,1.6e-05
-7.134122017788075e-05,-0.0001
-2.214365852434224e-05,-0.000416
-0.00012930953274140902,-0.00065
-0.0002940038698534939,-0.0009
-0.0005238187289838482,-0.0011
-0.0007728879405390003,-0.0012
-0.0010614245893796547,-0.001268
-0.0011627914518789059,-0.00125
-0.0012061194203461072,-0.00135
-0.001268340145580036,-0.00145
-0.0013314627199313817,-0.001432
-0.001372462574882193,-0.001384
-0.0014049788469797252,-0.001316
-0.0012936678967840822,-0.0014
-0.0013840517817979338,-0.001384
-0.0013718053792608053,-0.001334
-0.001359358583340925,-0.00125
-0.0013434497156013885,-0.0013
-0.001468022762983589,-0.0013
-0.0012967449608447497,-0.001182
-0.0012592011816911185,-0.001034
-0.0012067115275656167,-0.000984
-0.0011280882883733011,-0.000932
-0.0011802104494370474,-0.000984
-0.0009843957399007395,-0.001134
-0.0010103727972229153,-0.00125
-0.001078108285234155,-0.00135
-0.0011828804940246373,-0.001416
-0.001290141683302939,-0.001484
-0.0015677576028388994,-0.001566
-0.0014559882725039693,-0.001566
-0.0015095576840453548,-0.001468
-0.0015221258205253426,-0.001366
-0.001493553037736267,-0.001366
-0.001443560411391908,-0.00155
-0.0014394138462695918,-0.001518
-0.0006817568406715878,-0.0013
-0.0008590333477175806,-0.001182
-0.001391287718606,-0.001218
-0.001334263809168086,-0.001166
-0.0012177843664931242,-0.00095
-0.0011316052711356323,-0.000784
-0.0010338085666506713,-0.000866
-0.0009450284598590969,-0.000884
-0.0008724680672354222,-0.001
-0.0010191686466151444,-0.001066
-0.000956049228065102,-0.00105
-0.0010017677160194635,-0.001016
-0.0010336529067513918,-0.001118
-0.0010634134542559528,-0.001182
-0.0010930844558985357,-0.0013
-0.001156554641763427,-0.001384
-0.0012485546126246381,-0.0014
-0.0013186440128279213,-0.001216
-0.0013268232186455086,-0.001084
-0.0013647318084297878,-0.00115
-0.0011474732712482925,-0.001316
-0.0011936256818818418,-0.0013
-0.0008369357169374065,-0.001134
-0.0012270682605568905,-0.001116
-0.0012187791539589197,-0.00105
-0.001152283659174733,-0.00095
-0.0010642881634821623,-0.000968
-0.0010226509155631407,-0.001066
-0.001009746528454299,-0.001134
-0.0010313544577672518,-0.001232
-0.0011023904405714244,-0.001284
-0.0011810983341336977,-0.001334
-0.0012478365889331316,-0.001316
-0.0012924619862111036,-0.001266
-0.0013006608368918034,-0.00115
-0.0012682792386148846,-0.0011
-0.0012101500097705313,-0.001084
-0.0011517676856616628,-0.001166
-0.0011258434880113152,-0.001234
-0.001215423432643181,-0.001316
-0.0012021200733545844,-0.00125
-0.001042885203463851,-0.0012
-0.001251046748913761,-0.001118
-0.0012227937276917302,-0.001132
-0.0011763217132812012,-0.001218
-0.001114625876699024,-0.0013
-0.0011938150299600327,-0.0013
-0.00123922417049165,-0.0013
-0.0012803819732976856,-0.001282
-0.0012957000750332662,-0.001284
-0.0012917177693687809,-0.001316
-0.0010959032965175705,-0.00135
-0.0013086899843574244,-0.00145
-0.001351544819314246,-0.001434
-0.001388891834256624,-0.001466
-0.0014261110392462233,-0.0013
-0.0014141357200410383,-0.00125
-0.0012742190878277338,-0.00115
-0.0012943349542845423,-0.001
-0.0011778411527136508,-0.000884
-0.0010744694096464882,-0.000734
-0.0009457863255420561,-0.000616
-0.0008121144718425211,-0.00055
-0.0006991491717087175,-0.000366
-0.0005698034482256496,-0.000218
-0.00020124926800565938,-0.000316
-0.0003654916647854914,-0.000466
-0.00034371848982680067,-0.000434
-4.7963448460949855e-05,-0.000284
-0.00037690225334747205,-0.000116
-0.0014277832983567793,-0.000166
-0.0002530378805954174,-0.000284
-0.00021432698750107853,-0.000334
-0.00022717374178862104,-0.000216
-0.0002515897031011453,-0.000184
-0.0002592549866765094,-0.00015
-0.0002227188351552259,-0.000182
-0.00018358117910590604,-0.000284
-0.0004413777591650082,-0.000316
-0.00023470880911271257,-0.000234
-0.0002552610242709603,-6.6e-05
-0.00022738930274138647,8.2e-05
-0.00013730957780188724,-3.2e-05
-6.530673637345226e-05,-0.000268
-7.41310570105635e-05,-0.0003
-0.00013346938181483568,-0.00025
-0.0002151223677720293,-0.000216
-0.0002559490284025703,-0.00015
-0.00023035297491647922,-0.00035
-0.000243291661640735,-0.000584
-0.000329116163274298,-0.0007
-0.00045126587083578495,-0.000782
-0.0006080332196875603,-0.0008
-0.0007186151797821681,-0.00075
-0.0007589430068454668,-0.00065
-0.0007469384175831947,-0.000634
-0.0007102127010223807,-0.000666
-0.0006761109543501299,-0.000634
-0.000646332971043369,-0.000716
-0.0006633331937685782,-0.0007
-0.0006797862005478158,-0.000518
-0.0006439325107821035,-0.000466
-0.0006027205070886858,-0.00055
-0.0005606583699717071,-0.0005
-0.0005092549821022769,-0.0004
-0.00017594853835027171,-0.00025
-0.0004278411861601064,0.0
-0.0002921700731637311,0.000334
-8.589287639570922e-05,0.000666
0.00017893743250295776,0.000966
0.00048254271698617635,0.001318
0.0008119807203294667,0.001466
0.001096279995865306,0.0016
0.001331634528879508,0.001616
0.0015650333329310954,0.001584
0.0014970206077753712,0.001584
0.0015956668539711491,0.00155
0.001582918994606945,0.001532
0.001561941594394368,0.00165
0.001577881862356871,0.001718
0.0016106221963469289,0.001766
0.0016643194178410934,0.001734
0.001715948169371087,0.001732
0.0017370611112496358,0.001618
0.0017111052766912238,0.001332
0.0015999353908138331,0.001
0.001413478973357014,0.000734
0.0011627207374968825,0.000366
0.0008492132585795717,-0.000216
-0.000951632052981038,-0.000816
2.4143730180996757e-06,-0.001218
-0.00048589092825913584,-0.001282
-0.0008935258614861979,-0.001084
-0.0010221436993986868,-0.000984
-0.0011448734432396987,-0.00095
-0.001078205641704358,-0.00085
-0.0009690736934135299,-0.000482
-0.0008214421526493689,5e-05
0.000769714126735558,0.000516
0.00023731257716386154,0.000234
-0.00035935860163785477,-0.000284
-0.00016048008240635258,-0.000266
0.0002908843752799826,0.0002
-3.5109238592828605e-05,0.000466
2.1107948796833675e-05,5e-05
-0.0002340987729970493,-0.0004
-0.000150285286020181,-0.000184
-2.496138475104187e-05,0.0004
-4.0854335417755296e-05,0.000918
0.0001707242426500868,0.0013
0.0005946638008238625,0.001566
0.0010351305862787749,0.001766
0.0013796273239380405,0.001868
0.0016196234884039951,0.001882
0.0017673684802250057,0.001934
0.0018609891128454658,0.001984
0.001915862343695261,0.002016
0.0019527389864533997,0.002066
0.0019988081628275777,0.002068
0.0020326216270507825,0.002082
0.0020573776259537246,0.0021
0.002078658772041733,0.002118
0.002091530496607087,0.002132
0.0021075305670042854,0.002134
0.002120658700425523,0.002134
0.002129326424284843,0.001816
0.0020505924953618184,0.001466
0.0018806606424787862,0.00125
0.0016581408322596583,0.001318
0.0014570814176425595,0.00145
0.0013687570085591646,0.001566
0.001392982675053107,0.00175
0.0015170651531227278,0.001834
0.0016462616072041552,0.0019
0.0017593929813815386,0.002
0.0018687306090223019,0.002082
0.00195165323301504,0.00205
0.0020062918300379436,0.00205
0.002044770673117708,0.002068
0.0020621626096796746,0.00205
0.0020542999307327963,0.001982
0.0020366833011180433,0.001684
0.0019421656319771534,0.001384
0.0017684438195190648,0.001082
0.0015246832574686094,0.000818
0.0006280170308745147,0.00055
0.0009508280881662202,0.00025
0.0006673337786477901,0.000216
0.00022350046325767564,0.000216
0.00016206123276896352,0.00015
0.00019496521478034963,0.0002
0.0003140580356857511,0.0002
0.0001952998875085521,0.000218
0.0004499481021212928,0.000432
0.0010107819224290408,0.000868
0.0014484550347803114,0.001266
0.0006859839726368518,0.001534
0.001014675707866972,0.001632
0.001317662455294767,0.001684
0.0015250048336214036,0.001766
0.0016519127005977634,0.001834
0.001727085465540212,0.00185
0.0017818742787051472,0.00185
0.0018241385054480782,0.001916
0.0018617155783054583,0.001884
0.0018743174818593902,0.00185
0.0018743174818593902,0.0019
0.0018868920877320495,0.001934
0.0018912486714310925,0.00195
0.0019075490163222885,0.001966
0.001936892130209471,0.00195
0.0019497147820645604,0.00195
0.0019538206373500653,0.001934
0.0019497147820645604,0.0019
0.0019329912442186076,0.001866
0.0016402917778789257,0.001866
0.001890799127535454,0.001818
0.0018617739606295672,0.001782
0.0018321214204246078,0.001784
0.0018116544710728203,0.00175
0.0017829011764492026,0.001716
0.0015137525084947775,0.00165
0.0017237707696414147,0.001434
0.0016344529143077781,0.0014
0.0015466381671348471,0.00145
0.001481074186000327,0.001566
0.0014609513767806516,0.00165
0.0015140740846475717,0.00165
0.0015769662066087526,0.001684
0.0016364188207295953,0.0017
0.0016704582403261083,0.001684
0.0016790447023018712,0.001666
0.0016831972634466633,0.001666
0.001678644704486693,0.001668
0.0016708058518396538,0.001616
0.0016534532050039117,0.001584
0.0016326216028115415,0.00155
0.001627880642513771,0.001582
0.0015824188001003906,0.001618
0.0015829013221196472,0.0016
0.001586875107120614,0.00155
0.001586875107120614,0.001316
0.0015180005326289909,0.0011
0.0013865519409475477,0.000984
0.001232138662077881,0.00105
0.001109412862988498,0.001116
0.0010612233037187123,0.001184
0.0010816529357200895,0.001266
0.0011520116835645993,0.001334
0.0012229574893465333,0.001382
0.0012896518785078532,0.001434
0.0013524642375910962,0.00155
0.001423006653071451,0.001766
0.001529339168921259,0.001918
0.0016623481465570607,0.00205
0.0018163889619779194,0.002066
0.0019470052110656482,0.001984
0.00200304514165723,0.0015
0.0018942230141593415,0.0012
0.001678698510898912,0.0012
0.0014630526670783755,0.001166
0.0012631392028094948,0.001166
0.0011825753036057874,0.001168
0.0011746378321680238,0.001182
0.0011703261397425187,0.00115
0.0011662138939593748,0.001168
0.0011667136150957337,0.001132
0.001157530548883604,0.001134
0.0011456369649321715,0.0011
0.0011329013342980172,0.0011
0.0011160873038496958,0.001116
0.0011121483115580965,0.001134
0.001112148390453129,0.0011
0.0011121483115580965,0.001016
0.0010903775428978994,0.000918
0.0010399292188453609,0.0009
0.0009815043703139319,0.0009
0.0009323038500966718,0.000932
0.0009121626583344053,0.0009
0.0009076525449019626,0.000784
0.0010339619930562064,0.00065
0.0008137526238661708,0.000616
0.0007347000379065574,0.0006
0.0006607031639771906,0.000384
0.0005599052135578707,0.000366
0.0004950447394288626,0.000484
0.00045618735798278154,0.000466
0.0004237392117458819,0.000418
0.00043236235991179437,0.00035
0.00042821323070091946,0.000316
0.0003404320139168347,0.000334
0.00035354188313803,0.000366
0.00034103670489404067,0.000384
0.000349339105305001,0.0004
0.0003703899173453933,0.000416
0.00037377084562404116,0.00035
0.0003868920757299279,0.00025
0.0001655725153651909,0.0003
0.00032747608862796027,0.000434
0.00064240870769003,0.00055
0.0003805902166600873,0.0005
0.00044367365907527364,0.000516
0.0004989531598953372,0.000766
0.0009199741344051394,0.000984
0.0011477769137958592,0.001034
0.0008199192962976863,0.000882
0.0009139525499385376,0.000568
0.0008625089650500081,0.000382
9.234719047599628e-05,0.00035
0.0005402589303349758,0.00035
0.00041024985741797896,0.000468
0.00038630178309616775,0.000516
0.0004191892168744703,0.000266
0.00039756570579258297,-0.000166
-0.0013033997568428352,-0.000784
-5.422413418566299e-05,-0.0008
-0.0003821056568787075,-0.00095
-0.0006824616888926535,-0.00105
-0.0008987278054593306,-0.001066
-0.0009691265530853582,-0.00115
-0.0010557624506814854,-0.00125
-0.0011309724540793117,-0.0013
-0.0011937413419996034,-0.001334
-0.0012602216100425024,-0.00135
-0.0013094510058416866,-0.001366
-0.0013381078907354921,-0.001384
-0.0013589631614376362,-0.001366
-0.0013668028030350012,-0.001366
-0.001370700059854366,-0.0014
-0.0013793553182985382,-0.001368
-0.0013753621251195566,-0.00135
-0.0013714527184651747,-0.00135
-0.0013675089135765882,-0.001232
-0.0013263447991679461,-0.000984
-0.001232705547319797,-0.000784
-0.0010929413403094365,-0.0005
-0.0008816562616246694,-0.000316
-0.000652364259598978,-0.000234
0.0007653201467910725,-0.00025
-0.000327619130031101,-0.000182
-0.0002466873827379915,-0.000218
-0.0002216269870755993,-0.000216
-0.00021709878695693775,-0.00025
-0.00021709876723317964,-0.000334
-0.00025568737302702024,-0.00035
-0.00028889188594126,-0.00035
-0.00032203052150329585,-0.000382
-0.00035443543326234186,-0.000418
-0.00037569756564749854,-0.0004
-0.0003881248744943319,-0.000332
-0.00038379712692969685,-0.00025
-0.0003516384465673316,-0.0004
-0.0003470315289299138,-0.00065
-0.00041170659973236,-0.000568
-0.00047082698687101024,-0.000566
-0.0005482533489715775,-0.0005
-0.0005723198052897744,-0.000234
-0.0004704042278389327,-8.2e-05
-0.00035037111621148996,-3.4e-05
-0.00021700482297313552,-0.000116
-0.00011833136785299691,-0.000418
-0.0001662286703364709,-0.0006
-0.00029765828776257876,-0.000666
-0.00045528549385068055,-0.000884
-0.0006461323409755191,-0.001
-0.0007915059059072534,-0.001082
-0.0009118791340201465,-0.00115
-0.0010314588358953545,-0.001218
-0.0011145044572438841,-0.001266
-0.0011807248450494661,-0.001266
-0.001226179665804947,-0.001268
-0.0012550255043017806,-0.001482
-0.0016513618799131248,-0.001768
-0.0017655482384661622,-0.001966
-0.001627613686156354,-0.002084
-0.0018306524193508085,-0.002132
-0.0019909813266583225,-0.002218
-0.002102258194199891,-0.002232
-0.0021680162571145567,-0.002268
-0.0022137390842957103,-0.00225
-0.0022424694993598802,-0.002266
-0.002254363083311313,-0.00225
-0.0022587176157395084,-0.0022
-0.0022421179430947057,-0.002134
-0.0022137766383312184,-0.002082
-0.0021680833178922493,-0.002034
-0.0021140298064309558,-0.002
-0.002063753789129571,-0.001966
-0.0020215645126675907,-0.001934
-0.001984427516301939,-0.001934
-0.00195917858123544,-0.001966
-0.0019504002465404436,-0.00195
-0.0019463330498209024,-0.001984
-0.0019589631977964977,-0.002
-0.001975468827562466,-0.00205
-0.0019968948249302902,-0.002066
-0.0020258436214446404,-0.002034
-0.0020381080120491966,-0.001982
-0.0020337839331035766,-0.001884
-0.001993209795748565,-0.00185
-0.0019393315890496626,-0.001834
-0.0018889260261047824,-0.001816
-0.0018466225096356267,-0.001866
-0.0018419632845916086,-0.00185
-0.0019216714093769256,-0.00185
-0.0018459552154500688,-0.001868
-0.0018587177492903327,-0.001882
-0.0018628373323115064,-0.001884
-0.0018713412700831912,-0.001916
-0.001887938733667082,-0.001934
-0.0019045467691853383,-0.002016
-0.0019387094228227402,-0.002068
-0.001985029485400521,-0.002116
-0.0020351735902074328,-0.002166
-0.0020928816773678766,-0.0022
-0.0021387414663255884,-0.002234
-0.0021800821478171434,-0.00225
-0.0022133038992960016,-0.002234
-0.0022299551692921116,-0.00225
-0.0022422050432106735,-0.002266
-0.002250285314657406,-0.002116
-0.0022179669113015833,-0.001768
-0.0015437653078513272,-0.001232
-0.001855359187753421,-0.0007
-0.0014673220173042174,-0.000368
-0.0010301902826665079,-0.000132
-0.0006182387260744045,-1.8e-05
7.864465190818431e-05,6.8e-05
-0.00011741284229806855,0.00015
1.4407312935717412e-05,0.000182
0.00011514209062316897,0.000218
0.00022929987931253335,0.000232
0.00026987906594963046,0.00025
0.00021987906291972534,0.00025
0.00023294248269048942,0.000218
0.00021231257564890895,0.000216
0.00023714833742978904,0.000216
-0.00010255817984573924,0.000168
0.0002039745146832227,0.00015
0.0001867740662272056,0.000266
2.185953184645626e-05,0.000234
0.00020332564248777218,-6.8e-05
0.00014226770182963796,-0.000716
-8.078280568801534e-05,-0.00085
-0.0003611204066103888,-0.001184
-0.0007145442749960958,-0.001516
-0.0016589632585120996,-0.0017
-0.0014110796420590368,-0.001816
-0.0015599241150540757,-0.001834
-0.0017196412702789679,-0.00195
-0.001827197763664215,-0.001966
-0.0015640252366376259,-0.001984
-0.001934956228332866,-0.001984
-0.001971355398353833,-0.001982
-0.0019791942510008725,-0.002
-0.0019876876168381913,-0.00205
-0.002004682711386283,-0.002084
-0.0020300021786119086,-0.002134
-0.0020682130941610324,-0.002082
-0.002088246751993893,-0.002034
-0.0020843783707564525,-0.002
-0.002063753789129571,-0.002016
-0.0020337640515553667,-0.00205
-0.0020254688700398872,-0.002118
-0.002047124925322714,-0.002016
-0.0020510338586069003,-0.001966
-0.002038871084804306,-0.001984
-0.002022458708966847,-0.002034
-0.0020006608004154427,-0.002066
-0.0020134855035413794,-0.002016
-0.0020257379021009834,-0.002018
-0.0020339991587524538,-0.002
-0.0020256140368998337,-0.002016
-0.0020126874013918043,-0.001966
-0.00200051910493693,-0.00195
-0.0018260847125445828,-0.0019
-0.001959027733933148,-0.001818
-0.0019099302506284366,-0.001732
-0.0018520545904187938,-0.00175
-0.0018016386133296132,-0.001734
-0.0016315808439745841,-0.0018
-0.0017546828145793062,-0.0018
-0.00177173455576079,-0.001734
-0.0017678197842441927,-0.001682
-0.001776179501896322,-0.00175
-0.0017425452871871376,-0.001784
-0.0017384135543309464,-0.001734
-0.0017384135543309464,-0.0017
-0.0017427513610122354,-0.001716
-0.0017342838727456024,-0.001466
-0.0016567082806909108,-0.00115
-0.0015136823163486139,-0.000834
-0.0012997237216948235,-0.000634
-0.0003259484882687127,-0.0004
-0.0007613237433485873,-0.000282
-0.00016285164736193578,-0.0002
-0.00038305417240789517,-0.000418
-0.00032720966481201313,-0.000932
-0.0007361202518208539,-0.001184
-0.0006932347266963587,-0.001234
-0.0009500205430455679,-0.001282
-0.0011613479094677978,-0.001334
-0.001259881651347117,-0.001434
-0.001322840755190958,-0.001432
-0.0013721162256891688,-0.001384
-0.0013970181804023832,-0.001316
-0.0013926904722852643,-0.001234
-0.0013433480987994262,-0.0012
-0.0012852791457599636,-0.001116
-0.001218279196137463,-0.00105
-0.0011517849636737978,-0.001018
0.0009359816209354002,-0.000932
-0.0010306427456783515,-0.000734
-0.0009365503207630656,-0.000634
-0.0008332888729514493,-0.000632
-0.00022695356547644964,-0.0004
-0.0006030407420259262,0.000216
-0.00037111116071855146,0.000816
-1.3982307638815585e-05,0.001268
0.0007256404424204148,0.00125
0.0008768912139091302,0.001066
0.001095486232942523,0.00105
0.0011559984862459418,0.0011
0.0011145363852992469,0.00125
0.0011145364641942795,0.00145
0.0012086408811545176,0.00155
0.0013331715619042228,0.001634
0.001467447593763252,0.001682
0.0015768123612952226,0.0017
0.001640059037532816,0.001718
0.001682722630930665,0.001732
0.0017075305427650444,0.0018
0.001736560601162951,0.00185
0.0017736781893505878,0.00185
0.0018067989551877443,0.001784
0.001820265390508683,0.0018
0.001820265390508683,0.0018
0.0018078820261949965,0.001816
0.0017997148124223612,0.001834
0.0018121481961867031,0.001784
0.0018080368182489175,0.0017
0.0017822237836994746,0.0016
0.0017272980087579815,0.001616
0.0016731766475686692,0.001784
0.0016731766475686692,0.0019
0.0017219221012380107,0.001932
0.0018049305630261955,0.001934
0.001885980218945495,0.001934
0.0019246379959591497,0.00185
0.0019116035898366168,0.0017
0.0018521298318470427,0.001682
0.0017888960943947924,0.001784
0.0016652233971243898,0.001816
0.0017441099090404232,0.001884
0.0017896938809642369,0.001984
0.001865100017413056,0.002066
0.0019351373468948366,0.002084
0.002002537373227548,0.0021
0.0020573913536893937,0.002116
0.002091036613703139,0.00215
0.0021118921999854134,0.002116
0.002120044897072054,0.002134
0.0021286446134132905,0.002184
0.002145377618663153,0.002232
0.0021653759315214175,0.0022
0.002186620785894439,0.002168
0.002195411112634388,0.002232
0.002207340041560416,0.002268
0.0022160776664186016,0.00225
0.002228563278694511,0.002232
0.002245126344044197,0.002284
0.0022580146365663925,0.002166
0.0019396805962409627,0.002068
0.002185498898531158,0.001982
0.002122208987815711,0.00195
0.0020394204853783583,0.002034
0.002007368273862459,0.00205
0.0020030055363508747,0.001784
0.0019518831331399769,0.001432
0.0018187954182616608,0.0011
0.0007820437635320578,0.00085
0.0006121483601540776,0.000618
0.0007453171791258855,0.0007
0.0008124534593646833,0.001016
0.0007922347926804237,0.00135
0.0013777952234914782,0.001466
0.001137540125528597,0.0015
0.0013282567958496797,0.00155
0.0014646744333680808,0.001618
0.001532080455723268,0.001666
0.0015819266528871595,0.001716
0.001635980164348453,0.0017
0.0016740678458566879,0.001734
0.0017033775082500567,0.00175
0.0017245311599654164,0.0017
0.0017204582828035297,0.001634
0.001703394707367159,0.0016
0.0016695591525348317,0.001432
0.0015890483496880505,0.0013
0.0014881662182689682,0.001318
0.0014095364307889486,0.001366
0.0013527321651217363,0.0014
0.0013450212013225086,0.001434
0.0013784355355758937,0.001482
0.0014194355483167702,0.001484
0.0014491273782479541,0.001134
0.0013798935157779638,0.000482
0.0011353656206406395,0.000334
0.0008468433306959146,0.000634
0.0006385350799329229,0.001
0.0006063605416690091,0.001332
0.0008156789249816331,0.001434
0.001092232286218812,0.00125
-5.060580089210422e-05,0.000734
0.0011808095538816245,0.000382
0.0009396752496756771,0.000534
0.000716871575129328,0.00085
0.0006205324958187903,0.000866
9.922283832496933e-05,0.000134
0.0005886161021014769,-0.000634
-0.0007134134724941331,-0.000816
-0.00012906444532270064,-0.000434
-0.0004463408878745227,0.000334
-0.0003983585858553233,0.000766
-5.291973795732758e-05,0.000484
0.0002764784184635704,-0.00025
0.00032430393632927606,-0.00065
0.0002195248833947176,-0.000316
-0.000193262270211194,0.000332
0.0010539146256906078,0.0009
5.170084444241581e-05,0.001268
0.0005311461595968746,0.001432
0.0009725275357169654,0.001534
0.001277526816530832,0.001516
0.0014348921897295605,0.00145
0.0014819336684852487,0.00145
0.001486555497283824,0.001584
0.0014986234392572574,0.001684
0.0015395556022701155,0.00175
0.0016141953523724569,0.001832
0.0017102467409466932,0.001718
0.0017446385057587064,0.001732
0.0017569027385731977,0.001784
0.0017653803254040008,0.00175
0.0017453853261371044,0.00175
0.0017535306070906825,0.001816
0.0017743177124846777,0.00175
0.0017657894750429583,0.001734
0.0017617154933506154,0.001734
0.0017576594997257007,0.001732
0.0017373124708234342,0.0018
0.0017492819517962084,0.0018
0.0017656673455325252,0.001734
0.0017656675033225905,0.001634
0.0017403149001832816,0.001566
0.0016812684376901585,0.001584
0.001603421288933328,0.001582
0.0015908653022883574,0.0016
0.001582696826195201,0.001568
0.0015832139042387275,0.00165
0.001599229122482181,0.00175
0.0019116962126048652,0.001866
0.0017057358385639246,0.0019
0.0017890491507579968,0.00195
0.0018646744576073218,0.001984
0.0019952040799492785,0.002016
0.0019614332190436663,0.002034
0.0019238753965742357,0.002016
0.0020120500628857947,0.00205
0.0020286445284584476,0.002084
0.0020453773759182446,0.0021
0.0020616960244569994,0.002066
0.0020745312995173013,0.00205
0.002074531141727236,0.002034
0.0020618919997179267,0.002016
0.0020410367290157826,0.002
0.002024531099249815,0.002
0.0020121482083063236,0.001966
0.001995044711983468,0.001968
0.0019830872230556457,0.001966
0.001974637880646506,0.001984
0.001970805791124052,0.002032
0.0019868378929044778,0.001918
0.0019739868388376595,0.001866
0.0019484327377851426,0.001866
0.001918818540566017,0.0019
0.0018869416338125095,0.001868
0.0018746377956916631,0.001832
0.0018659012753639338,0.001784
0.0018449292400135723,0.001734
0.001803248047561404,0.0017
0.0014406744066673158,0.00155
0.0016898358070680372,0.001482
0.0016139200087087542,0.001534
0.0015644891149963617,0.001534
0.0015243613657356847,0.001532
0.0015199459263423374,0.001584
0.0015454531637455022,0.00145
0.0014113690046057064,0.001184
0.0014336822555099204,0.0008
0.0012470783832372102,0.000382
0.0009440059558040338,0.00025
0.0006448943351389651,0.0005
0.0004779596650961139,0.000734
0.0005784582483143107,0.000616
0.0005205604186005132,0.000184
0.0005034214589605127,-0.000384
-0.00018526781683614985,-0.000516
-3.6257693858330996e-05,0.000116
0.0006702998768451347,0.000668
0.0006536007964592815,0.000482
-0.0002015361895153931,-0.000216
-0.00041817603185139953,-0.000616
-0.000211114223984374,-0.00035
-0.00018506018483415863,0.000166
0.00038953955633819995,0.0005
-8.578695981447117e-05,0.000784
0.00026453704384615275,0.000716
0.0005355284630765384,0.0005
0.0006218432973375833,8.4e-05
-0.0003965220672869365,-0.00045
0.00020146945933251491,-0.0007
-0.0007858077121791952,-0.00065
-0.00043670169003153447,-0.000684
-0.0006234891510450574,-0.00085
-0.0007229009157419545,-0.000866
-0.00011188631429902443,-0.000884
-0.0008229844716412665,-0.000884
-0.0008713554105909528,-0.00095
-0.0008967959027965551,-0.001032
-0.000939009715613668,-0.00105
-0.0009806509082843184,-0.001068
-0.0010261203246208265,-0.0011
-0.0010631248562267767,-0.0011
-0.0010800346652446498,-0.001182
-0.0011135476182887595,-0.0012
-0.0011466402974943176,-0.00125
-0.0011843401310223914,-0.001284
-0.0012300021301334262,-0.001334
-0.0012682131245775829,-0.0013
-0.0012927513731906056,-0.001332
-0.0013130301578896907,-0.001334
-0.0013253620826421354,-0.001316
-0.0013208445530766301,-0.00135
-0.0013333030254613324,-0.00135
-0.001337851639669674,-0.001384
-0.0013505982367133565,-0.001384
-0.0013674248114718584,-0.0014
-0.001379955236126273,-0.001366
-0.0013838027890751127,-0.001366
-0.0013793553182985382,-0.00135
-0.001370955206389728,-0.0014
-0.001370955206389728,-0.00145
-0.001392450946966353,-0.00145
-0.0014135291750305666,-0.001418
-0.0014300348047965347,-0.001416
-0.0014339126534378848,-0.0014
-0.0014214527609425962,-0.001366
-0.0014005190685780682,-0.001418
-0.0014005190685780682,-0.0015
-0.001422223249830768,-0.001482
-0.001442819744826051,-0.001434
-0.0014593348419959288,-0.00135
-0.0014429409275960932,-0.001134
-0.001353307018761943,-0.000916
-0.0012134899520797541,-0.000834
-0.0010634806728237105,-0.000866
-0.0009404052898449677,-0.00095
-0.0010217002304205572,-0.001
-0.0009141356108469542,-0.00105
-0.0009681855720317818,-0.0011
-0.0008947114960358033,-0.001066
-0.0010548947631131755,-0.001068
-0.0010714527791807764,-0.00105
-0.001071452700285744,-0.0011
-0.0010714527791807764,-0.001166
-0.001097097215045597,-0.00115
-0.0011176284638489368,-0.00105
-0.0011176284638489368,-0.000884
-0.0010652834243181533,-0.000732
-0.0009579562787926149,-0.000584
-0.000816798864401932,-0.00045
-0.0006665216576152483,-0.000384
-0.0005408088531448872,-0.00035
-0.0004442203471888495,-0.000232
-0.0003559615787725607,-0.000118
-0.00027359930674871884,-0.000116
-0.0002063930466160229,-6.6e-05
8.651466809309237e-05,1.6e-05
0.00012424816514537994,3.4e-05
8.319720100627571e-05,5e-05
7.3913527367713825e-06,1.6e-05
-0.00010533995952321982,-1.6e-05
2.038991894165275e-05,-8.4e-05
-9.727099125697905e-06,-8.4e-05
1.5716238232016847e-05,-5e-05
4.520407519458744e-05,0.0
-5.535432525112322e-05,1.8e-05
-0.00021428823031632383,6.6e-05
8.731258286696473e-05,0.0001
1.0166433732891997e-05,0.000116
0.00017864465303705503,0.000134
0.00023689204691645436,0.00015
0.00012453125038415443,0.000216
0.000153062218805963,0.000218
0.00017855804601504084,0.000266
0.00024128223989937613,0.000266
0.00024089003296866502,0.00025
0.00024951134682507,0.00025
0.0005720963106771608,0.000218
0.00024556458337276165,0.000166
0.00022014702989788177,0.000184
0.00020369915129576192,0.0002
0.00019152023359712627,0.000232
0.00021573608752139162,0.0002
0.00020356457609393936,0.000218
0.0003378012393317114,0.0002
0.0002831972180568358,0.0003
0.00023275585649092247,0.00045
0.00028955209458856983,0.000466
0.0003512722111170233,0.000466
0.00035667064316879547,0.000434
0.00024124859116798095,0.000366
0.00043198626729148764,0.000284
-0.0001888147205395869,0.000266
0.0003358312895394744,0.0003
0.00030306221803379934,0.000318
0.00029152022979505747,0.0003
0.00029553060236738314,0.000282
0.00029968016550093726,0.000268
0.00022479347394662193,0.00025
0.0002745418807176309,0.000266
0.00026621389859235667,0.0003
0.00027054724770430487,0.000316
0.0003371626234904962,0.00035
0.00026189204843140695,0.00035
0.0003284582528885431,0.00035
1.740034639027857e-05,0.000334
0.0003327225293994679,0.000316
0.0002786446393731072,0.000284
0.00026947313128325055,0.000234
0.0001327225370036055,0.0002
0.00022039803444403363,0.0002
0.0002286456817023837,0.000232
0.0002858312865095693,0.000218
-4.433852743217069e-05,0.000216
0.00044691908513546605,0.000234
0.00022479347394662193,0.000216
0.00017080574121874147,0.0002
2.8600797339570176e-05,0.000166
0.0001908061053478534,0.000168
0.0006299866059153469,0.0002
0.0001997147154653968,0.0002
0.00019130999805905993,0.000182
0.00018716263412453895,0.000168
0.00022932619080589863,0.000216
0.00019968015944112698,0.0002
0.00022080572452488846,0.000216
0.00013262155136190367,0.0002
0.00022038992797943609,0.000184
0.00047012799189703953,0.0002
0.00019854732539207533,0.0002
0.00017080574121874147,0.000166
0.0003449691094504196,0.000168
0.00018308721259785148,0.000182
0.00017883296561794335,0.000168
0.0001483615442842035,0.000166
0.00019128223686947098,0.000184
0.00020415540126916948,0.0002
0.0001747708872136409,0.000166
0.0002038205510271437,0.000184
0.00017083296000498143,0.0002
0.0002161971895393028,0.0002
0.00019951134379516487,0.000182
0.00024079904727234265,0.000184
0.00026997452893905177,0.000234
0.00019948085086507288,0.000216
0.0002036669818462276,0.000184
0.00018308721259785148,0.000182
0.00013567671218915148,0.0002
9.114486962700019e-05,0.000118
6.13830622673878e-05,0.0001
2.7997888049501312e-05,6.6e-05
6.203802417316556e-05,6.6e-05
7.45418636670708e-05,6.8e-05
7.463780002668753e-05,0.0001
3.2854777817605545e-05,0.0001
-0.00011447355854992196,0.0001
9.165252464507285e-05,0.000116
0.00010382054496733346,0.00015
0.00018319720213514644,0.000184
0.00013669609518135372,0.000182
0.0002575305929641023,0.000234
0.00014994810366562015,0.000184
0.00023696985714233596,0.0002
0.00012453125038415443,0.00015
0.00019124856841431766,-3.4e-05
1.5918954087290467e-05,-1.6e-05
-3.768741484591903e-05,-6.6e-05
6.4255863156162465e-06,-6.8e-05
1.5980399757586218e-05,-6.6e-05
-1.8557149514550238e-05,-6.6e-05
4.089004427100728e-05,-3.4e-05
6.497731531772143e-05,-1.6e-05
-2.9194261038999995e-05,-3.4e-05
-1.2961972975282845e-05,-3.4e-05
-2.970010640226287e-05,0.0
-2.1355344289746897e-05,3.4e-05
-9.200943222485336e-06,6.6e-05
8.321390209848489e-05,8.4e-05
9.563694568261936e-05,0.0001
7.021379066042636e-05,6.6e-05
-0.0003109695562781915,6.8e-05
9.934660983826804e-05,5e-05
7.799057610444828e-06,3.2e-05
5.363695073114593e-05,0.0
-4.24465801724572e-05,-3.2e-05
1.1721748215937373e-05,-3.4e-05
5.803669494394935e-05,1.6e-05
3.2854777817605545e-05,5e-05
0.00012869916647466237,5e-05
3.294248690460609e-05,5e-05
0.00020252671194035535,6.8e-05
0.00014124857524629161,3.2e-05
3.269694645582782e-05,3.4e-05
8.290124108437212e-05,5e-05
9.128223080966073e-05,3.4e-05
-0.00023554338049109724,6.6e-05
5.8282238474564825e-05,6.6e-05
6.453643015190876e-05,0.000134
0.00010755341905537913,0.0001
0.00043357280694914614,0.000116
0.00010337745074060854,0.000168
0.00010429989146152867,0.0001
0.00012030599732871932,0.000132
0.000274770873549693,0.000168
0.00014129501483484374,0.000182
0.00014470533151312746,0.000168
0.00016203802776750605,0.000166
0.00017083296000498143,0.000166
0.00021621389556245152,0.000184
0.00017080574121874147,0.000216
0.00018249100283664778,0.000168
0.0001830009112940885,0.000166
0.0001830009211559676,0.000134
3.6586552614318365e-05,0.000116
0.0001454531578031909,0.000134
0.00014510516167636156,0.000182
0.00017880573696982434,0.0002
0.0001571502733997423,0.000168
0.0001948289827828429,0.000116
0.00016572253426964094,0.000116
0.00012820060904003403,0.000134
0.00019853677318146782,0.000166
0.00013249099980674266,0.00025
0.00016522377959743114,0.0002
0.0001864331805151875,0.000218
0.00020774500690899024,0.00025
0.00022896522630808905,0.000232
0.0002245418579639676,0.000268
0.00035534412181476103,0.000232
0.0006040967276041714,0.000218
0.0002531051930728919,0.00025
0.00019152023359712627,0.000232
0.00023271362792473427,0.000218
0.00022916999836514927,0.000216
0.0001952998875085521,0.0002
0.00017032619748696482,0.000184
6.573610062090411e-05,0.00015
0.0004892917136531616,0.0002
-5.2846898118498505e-05,0.0003
0.00020711473421747032,0.000266
0.00022755900124739111,0.00025
0.0003533774461663761,0.00025
0.0006053690283470656,0.000184
0.0002042998777975808,0.000182
-0.0004972884991407408,0.0002
0.0002033171612717699,0.000234
0.00019948085086507288,0.000266
0.00047142080534840435,0.0002
0.0002243175988338602,0.000218
0.00022889611425954936,0.000166
0.00021160354599111654,0.000166
0.00018694160969076734,0.000134
0.00017025144444359568,5e-05
0.00012782243556324304,1.6e-05
-4.795925369847935e-06,5e-05
3.005585272083391e-06,8.4e-05
4.9401621300768534e-05,5e-05
4.9401621300768534e-05,0.0001
6.08434942086367e-05,0.0002
0.00010711474788141822,0.000284
0.00015625862146528634,0.000332
0.0005600957845090666,0.000384
0.00029832040961442867,0.0004
0.0003488668790874961,0.00035
0.00036583136236294683,0.000234
0.0003403895289417906,0.0002
0.0002151134084767575,6.6e-05
-0.0002326509899779401,0.0
0.00012262719766787953,-5e-05
-7.583769463156623e-05,-0.00015
-0.0007870708216507938,-0.000266
-0.0003669127615598306,-0.000368
-0.00021680279251845742,-0.000266
-8.436077431053061e-05,-6.6e-05
0.00011522377656752603,6.6e-05
5.814486989549498e-05,6.6e-05
0.0001863874707056867,6.8e-05
4.153059797146021e-05,8.2e-05
7.032619882356385e-05,3.4e-05
-6.845573298007436e-05,6.6e-05
-4.33301862806648e-06,5e-05
-0.00031092659793295196,-1.6e-05
3.2736101197582635e-05,-5e-05
-0.00012520653740083498,-8.4e-05
-2.62291638223813e-05,-6.6e-05
-9.260864839209935e-05,-3.4e-05
-5.051915935351326e-05,-0.0001
-7.161008458703279e-05,-0.000132
-8.391082607785034e-05,0.0
5.168626611967697e-05,1.6e-05
-5.556984675637241e-05,-1.6e-05
8.586441030363216e-05,0.000116
2.772227626596139e-05,5e-05
0.0002124370720103195,-6.6e-05
-3.346741817202951e-05,-1.8e-05
2.4770886136702233e-05,1.8e-05
-0.00013878485573985043,-5e-05
-2.9799395800764234e-05,8.2e-05
6.783150930615617e-06,8.4e-05
1.619719960891017e-05,1.6e-05
3.163076129692567e-05,0.0
2.413842071800732e-05,0.0
0.0004956459590246351,0.0
0.00011900009716382536,-5e-05
-0.0001801864047490405,-6.6e-05
-2.9734460258011723e-05,-3.4e-05
-3.8107935231447115e-05,3.4e-05
-2.9945938392841217e-05,8.4e-05
9.128223574060026e-05,5e-05
3.2433755400795924e-05,-3.4e-05
4.8147394916744405e-05,-0.0001
-0.00016285164736193578,-6.6e-05
-0.00017156451890364932,-0.0001
-0.00021709878695693775,-0.00015
-0.00020862254134168846,-0.000268
-0.00014789786316304933,-0.000332
-0.0006956973562432969,-0.0004
-0.0002897840506934277,-0.000484
-0.000491952591402288,-0.000534
-0.00037667389167567053,-0.000516
-0.00048477622034381933,-0.000516
-0.0004175090137984557,-0.0005
-0.0004708445804632755,-0.0005
-0.0005082050470087082,-0.000468
-0.0004964354071534581,-0.000282
-0.00019134987434522383,-0.000184
-0.0003617408371465944,-0.000134
-0.00027016618940601964,0.0
-0.00015252115151972737,6.8e-05
-6.50051009401425e-05,0.000166
2.2293606152034536e-05,0.0002
0.00010653548575940054,0.0002
0.00014566698306523962,0.000116
0.00016964566865969175,0.000118
-0.0002594648869106873,0.0001
0.00013253102917389772,6.6e-05
-3.330305516446863e-05,1.6e-05
3.731258415163169e-05,5e-05
7.453125721612838e-05,0.0001
5.7248577946935445e-05,8.4e-05
8.54401621278147e-05,0.000166
9.895318003455196e-05,0.00015
0.00016619719637127672,0.000168
0.00014115028189757656,0.000182
0.00016621391225630453,0.000134
0.00018578191188312236,0.000166
0.00014391480328668034,0.00025
0.00018194818528874233,0.00025
0.00019872781750285919,0.000234
0.000226736481085233,0.000184
0.00011143317103939025,0.000116
0.00019470435821700442,0.0001
0.0001571649084282858,0.0001
0.0001241384122931827,0.000166
0.00017865877524788677,0.0002
0.00014042743574720364,0.000134
0.0001490780985557282,0.000116
0.00015320407207454104,1.8e-05
0.00010779905380837604,5e-05
4.068224338433694e-05,0.00015
0.0002042998777975808,0.0002
0.00024537744435548293,0.000266
0.00026129055270302046,0.000284
0.00022839467715623187,0.000232
0.0001497147124354917,0.0001
3.4531592573769586e-06,-1.6e-05
0.00014709898707783293,-0.000166
-0.0001633038934124399,-0.000118
-0.00017546875793339733,-0.000216
-0.00013083241396965488,-0.000216
-0.00018001066606396956,-0.000134
-0.00025213449302486523,-0.000134
-0.00017601794625518358,-0.000132
-0.00015488932398890964,-0.000168
-0.00017135532872476463,-0.000216
-0.00016285164736193578,-0.00015
-0.00010468284279686471,-8.4e-05
-0.0001556743492868343,-0.0001
-0.00013877669010397845,-8.2e-05
-0.0001672774614520672,-8.4e-05
-8.768741294488463e-05,-5e-05
-7.945273405751482e-05,-3.4e-05
-6.303014131333671e-05,-3.2e-05
-6.765291685230298e-05,-0.0001
-5.4682829905080505e-05,-0.0002
-9.319576550079823e-05,-0.000134
-0.00010960865415596904,-5e-05
-0.00012235298296746515,-0.00015
-0.0001348401534202682,-0.000166
-4.363050515311845e-06,1.6e-05
-8.934741373975377e-05,0.00015
8.244826525481663e-05,5e-05
-5.8479771690520316e-05,-5e-05
-4.217865757275658e-05,-6.6e-05
0.0002597685294582539,-6.8e-05
-4.246940056063084e-05,-1.6e-05
-5.051915935351326e-05,-0.000166
-0.00022143669225701743,-0.000318
-0.0005003198040825123,-0.00045
-0.0004048445464836883,-0.00045
-0.0005632782767660926,-0.000482
-0.00035292739416210004,-0.000468
-0.0004628373658167115,-0.000466
-0.0004667861016448344,-0.000416
-0.0004586225564912141,-0.000318
-0.00015895257595682172,-8.2e-05
-0.0003241609240680415,0.000116
-0.00018013987640357672,0.0003
-1.6983609280584023e-06,0.0003
0.0001545851986529996,0.000266
0.0003120501571066015,0.00025
0.00028095539598232966,0.000234
0.00026189204843140695,0.000184
0.0002327360932852613,0.000132
9.934660983826804e-05,0.000134
6.600091919416668e-05,0.0
-2.1610081557127657e-05,3.4e-05
7.353027155933578e-05,0.000132
7.353027155933578e-05,0.000134
-0.00032861088003814225,3.4e-05
8.227139245365234e-05,6.6e-05
0.00019039134429970362,0.0002
9.563694568261936e-05,0.00015
0.00011086441674952427,0.000116
0.00024088204484661634,0.000218
0.00030429988385739104,0.000282
0.00031961822227806946,0.000334
0.00023548359307108606,0.000366
0.00029860959935634903,0.000268
0.0003115196669075366,8.2e-05
-0.00015489482691743206,-5e-05
0.0001624992875754824,-0.0001
4.647010748059616e-05,-0.0001
-4.384662183497671e-05,-8.2e-05
-0.00015884971655809614,-0.000134
-0.00010446940214809982,-0.000134
-0.00011305837890302626,-0.0001
-0.00011305836904114718,-0.000132
-0.00012536219730011443,-0.000168
-0.00011678609029737752,-0.00015
-0.00013812487906856433,-0.0002
-0.00016312490030727505,-0.0001
-2.489330326886525e-05,-0.0001
-0.00010028528299027585,-0.0001
-0.0001260749350244381,-5e-05
-8.803934396146387e-05,-0.000132
-9.62293189509983e-05,-0.000118
-0.00020145267912340762,-0.0001
-0.0001007708128826495,-8.2e-05
-8.355616332076804e-05,-8.4e-05
-9.636303616934157e-05,-0.000134
-0.00010051915745247886,-0.0001
-0.00010051915745247886,-0.00015
-0.00031407506199810416,-0.0002
-0.0001468948311663492,-0.00015
-0.00020028528905008614,-0.0002
-0.0003388368991334572,-0.0002
-8.785166254083618e-05,-6.6e-05
-0.00015535865081396725,-0.000134
-0.0001513766212820958,-0.0002
-0.0001513766212820958,-0.0001
-0.00012622916495125204,-0.000182
-0.00015497883040337113,-0.000168
-0.0001634393167358627,-0.000132
-0.00014629467665351655,-0.000118
-0.00015064581659531142,-8.2e-05
-0.00012125009944515652,-0.000118
-0.00011296197903509313,-0.000132
-0.00011296197903509313,-0.000168
-0.00013768740611291071,-0.000116
-8.010386462327294e-05,-0.0001
-8.96330645341619e-06,-3.4e-05
0.0003419639779357063,-5e-05
-0.0003020006506319992,-0.000166
-0.00014196329991738284,-0.000184
-8.824680831151087e-05,-0.000166
-0.00010453776469383,-0.000134
-0.00016294983222998102,-0.000216
-0.00017536221019189864,-0.000184
-7.984458596057931e-05,-8.2e-05
-0.00010474485429247224,-8.4e-05
-0.00020539920589061826,-0.00015
-0.00016285164736193578,-0.00015
-0.00013785166557074135,-0.000166
-0.0001382845428907472,-0.000168
-0.00011728637356084351,-0.00015
-0.00015871776461610682,-0.000132
-2.561409321745158e-05,-8.4e-05
-5.479591607240423e-05,-0.0001
-0.00019776839944449142,-0.000134
-0.00011303013448136277,-0.000132
-0.00017919426026683635,-0.00015
-1.0621593746796489e-05,-8.4e-05
-9.235863989573383e-05,-0.0001
-0.00031805180556279276,-0.000116
-0.00012561408941538278,-0.0001
-7.110387433424425e-05,-0.000118
-0.0001087177517243226,-0.0001
-0.0001087177517243226,-8.2e-05
-0.0001294527272255409,-8.4e-05
-9.636303616934157e-05,-8.4e-05
-8.768741294488463e-05,-6.6e-05
-2.5362201102183214e-05,-6.6e-05
-7.522910821212664e-05,-6.8e-05
-7.11942584559432e-05,-5e-05
3.527285663401764e-05,-5e-05
-4.220503809927537e-05,-3.2e-05
-8.376352065722007e-06,-1.8e-05
-4.617945426050289e-05,-5e-05
-4.654684377252818e-05,-5e-05
-7.536219427020927e-05,-5e-05
-4.234747321871868e-05,0.0
-3.8039340931558734e-05,3.4e-05
2.4637798845884714e-05,5e-05
7.014702573910592e-05,5e-05
3.2991159900584415e-05,1.6e-05
3.7148348732131304e-05,-1.6e-05
1.669694663270162e-05,3.2e-05
1.9896123561881522e-05,-8.2e-05
-0.00016284135156018414,-0.00035
-0.00010766222494531986,-0.000434
-0.00044646936843507846,-0.000434
-0.00032858153108602264,-0.000532
-0.0004390987183588827,-0.0004
-0.00045122441149616436,-0.000434
-0.00045122441149616436,-0.000434
-0.00045122441149616436,-0.000466
-0.00043408107318185576,-0.000534
-0.00046801370835177224,-0.000516
-0.00048003470778082083,-0.00055
-0.0005172837350927351,-0.000534
-0.0005338027770142416,-0.000532
-0.0003614004445285299,-0.0005
-0.0005294527416029029,-0.0006
-0.0005424033217533201,-0.00065
-0.0005719490380841668,-0.0006
-0.0006546828268164258,-0.000584
-0.0006091179869380128,-0.000584
-0.0006051731958615189,-0.000532
-0.0005756386431777821,-0.000468
-0.0005431840669957273,-0.000366
-0.0002588551269276381,-0.000234
-0.00014171775885223712,-0.00015
-0.0001464694094269221,-0.000166
-4.6537770843781525e-05,-0.000116
1.619719960891017e-05,-5e-05
0.00013344383483896406,0.0001
-6.048183176101718e-05,0.000132
0.00022854726014924072,0.000234
0.00010147640589745073,0.000334
0.00035803669093415223,0.000382
0.0004849462936012287,0.000384
0.00020135811871778702,0.000384
0.0003621483844520682,0.000366
0.00035765253129676426,0.000334
0.0003371626234904962,0.000332
0.0002037707090903116,0.00025
0.00025779495049451826,0.000218
0.0004071584739088981,0.000282
0.0003866035565957845,0.000368
0.00046961821164402673,0.000366
0.0003069437747416807,0.00035
0.000186514659360084,0.000316
0.00024874387567189426,0.00025
0.00031939469292701343,0.000334
0.0002117154585948306,0.000334
0.0003076413646197491,0.000332
0.0003452551631147949,0.000334
0.0003334438469585846,0.000284
0.0002787564928055468,0.000282
0.0002582822259394877,0.0003
0.00020356457609393936,0.000318
0.0002915306044918417,0.0003
0.0002826215407278609,0.0003
0.0005188993625845833,0.000332
0.00036969915188764306,0.000418
0.00043731258928348207,0.00045
0.000479326166507908,0.000482
0.00041911343819567764,0.000468
0.00043716264927406463,0.000482
0.0006066705991470468,0.000484
0.0004569919295250278,0.00055
0.0004952102612072144,0.000484
-1.2938767973825382e-05,-3.4e-05
-2.0700106251355104e-05,-3.4e-05
-8.38027990544908e-05,-6.6e-05
-7.919425420702606e-05,-6.6e-05
-5.0400101818411184e-05,-0.000118
-0.00010585018356079085,-0.000132
-0.0001794527401173251,-0.000118
-3.867644790527584e-05,-0.00015
-0.00012135533555673854,-0.000132
-0.0006310308455518857,-0.000184
-0.00020871776764601197,-0.000234
-0.0002463330059754023,-0.000266
-0.00019355295895873338,-0.0003
-0.00040946191771292287,-0.000366
-0.0002927144883360463,-0.000434
-0.0002515193090083262,-0.000434
-0.0006471710729744615,-0.000466
-0.00042590608824851146,-0.000484
-0.0010593584862664616,-0.0005
-0.0004716100989643948,-0.000516
-0.0011545941790988578,-0.000566
-0.0007606215775586293,-0.0006
-0.0006300405945504633,-0.0006
-0.0005967959240646406,-0.000634
-0.0003940109961899945,-0.000616
-0.0010028084203942205,-0.000684
-0.0006560232534199524,-0.0007
-0.000659358540922253,-0.0008
-0.000701631998383996,-0.000866
-0.0007643473954721987,-0.000934
-0.0010333030072819016,-0.001
-0.0011863892717035801,-0.00095
-0.0009386894806764276,-0.000934
-0.0009551731776233385,-0.000916
-0.000950777146408006,-0.000666
-9.52147055223315e-07,-0.000618
-0.0005168027909741301,-0.0005
-0.00023594623825120659,-0.0005
-0.0005728107690775169,-0.000516
-0.0005347215885636631,-0.000484
-0.0007709215607469875,-0.0005
-0.0008691819313384187,-0.000516
-0.000812215615274288,-0.000566
-0.0006983719767427763,-0.00055
-0.0010058487982647388,-0.00055
-0.000588246818886804,-0.0005
-0.0005421179978679961,-0.000434
-0.0002800539657729079,-0.000416
-0.0004763254183765769,-0.00035
-0.0004263254153466718,-0.00035
-0.0003884445571663442,-0.00035
-0.00036721051141278585,-0.000218
-0.00031841823354160847,-0.000182
-0.00013785166557074135,-0.000184
0.0007361696156784167,-0.000284
-0.00021802396928024002,-0.00025
-0.0002260845958638603,-0.0002
-0.0002304878262509158,-3.2e-05
-0.00019390110301374878,1.6e-05
1.619719960891017e-05,5e-05
0.0001035121738706172,0.0001
3.230385472965369e-05,0.00015
7.822007335941791e-05,8.4e-05
9.51051685083355e-05,0.000116
0.00011189205906544968,3.4e-05
9.493916842884858e-05,1.6e-05
6.151466657813979e-05,0.0
4.039134877007193e-05,1.6e-05
-0.00011925856199962994,5e-05
6.669694842987187e-05,0.0001
4.054896008867285e-05,0.000118
0.001016788043469257,0.000132
9.922918937509199e-05,0.000118
0.00011671364022463736,0.000116
0.00012083296683695537,0.000116
0.00012032619445705968,8.4e-05
0.00010814486552899082,1.6e-05
8.198629539154706e-05,3.4e-05
6.151466657813979e-05,0.0
3.2716237832212125e-05,1.6e-05
4.4512174388008953e-05,-3.2e-05
0.00020134326672790394,-5e-05
-1.714522428774843e-05,-1.8e-05
-2.1601965230651037e-05,-1.6e-05
-2.934122769187709e-05,-5e-05
0.00044905240681641717,-5e-05
-9.171776568421105e-05,-3.4e-05
3.317163944967955e-06,-1.6e-05
-3.7851649649051975e-05,-1.6e-05
-2.9355349902708834e-05,-1.8e-05
-2.119425542603806e-05,0.0
0.00011544826252085207,5e-05
3.317163944967955e-06,6.8e-05
7.880574077189314e-05,5e-05
0.00013299115486578074,6.6e-05
5.8282238474564825e-05,0.000134
7.869916344475724e-05,0.0002
0.0001782759075166573,0.0002
8.274256838103603e-05,0.0001
-0.00016889108182965862,-1.8e-05
0.00011827320764303273,-0.000116
-9.654684187149379e-05,-0.000134
-4.4309365855753474e-05,-3.2e-05
-0.00037745629371376194,-5e-05
-3.794983944803677e-05,-3.4e-05
-7.97993889687903e-05,-3.4e-05
-6.770893232543446e-05,-0.0001
0.00023381742860179665,-0.00025
0.00023126548987797846,-0.0003
-0.00017367943831825123,-0.000266
-0.0002309009009177442,-0.00025
-0.00022536221322180377,-0.000234
-0.00025028529207999126,-0.00025
-0.0007485410123799831,-0.0004
-0.0004597465345728587,-0.000532
-0.0003570122239214226,-0.000468
-0.0007567277921206981,-0.00035
-0.000346435437511259,-0.000282
-0.000479130807392557,-0.000218
-0.00026835931564612455,-0.00035
-0.0006312422447916825,-0.000516
-0.00039242015675306044,-0.000466
-0.00033816218881483685,-0.000368
-0.00035292108255949366,-0.000282
-0.0003230285436654272,-0.000268
-0.00034269001418209364,-0.0004
-0.00033088660725289946,-0.000682
-0.00041212367832209177,-0.000668
-0.0005088851616370602,-0.000566
-0.0005817931657742804,-0.0004
-0.0005817932052217967,-0.000334
-0.0003667861350325404,-0.00035
-0.0004147794429087847,-0.0007
-0.0011735689078044356,-0.000816
-0.0005552588728369952,-0.000966
-0.0007136335107399975,-0.00105
-0.0008863445200406767,-0.000968
-0.0009311215535712667,-0.000766
-0.0005083474919900306,-0.000634
-0.0008585662891247097,-0.000516
-0.000725161021740261,-0.000384
-0.0005785053336340764,-0.000266
1.935800681411649e-06,-0.000116
-0.0006543137558540187,-6.8e-05
-0.00021159749550644005,-6.6e-05
4.1282236408899776e-05,0.0
-0.00011392592840502916,-5e-05
-0.00010503322549842958,-3.4e-05
2.0299892313070177e-05,0.0
-2.154175352797423e-05,-1.6e-05
-4.731522368565337e-06,0.0
-1.2851648134099416e-05,3.4e-05
-0.00034531713987196014,6.6e-05
2.0213790712358434e-05,5e-05
0.00034318892193529457,-1.6e-05
3.2736101197582635e-05,-1.8e-05
3.820546303932482e-06,1.8e-05
0.00022755900124739111,1.6e-05
-2.0844587710705943e-05,1.6e-05
1.5980399757586218e-05,0.0
7.794959999690226e-06,0.0
4.153059797146021e-05,0.0
3.820546303932482e-06,1.8e-05
3.731258415163169e-05,3.2e-05
5.7369600461442706e-05,1.8e-05
1.6713636630296847e-05,3.2e-05
-3.8107935231447115e-05,0.0
4.654296334497873e-05,0.0
-2.970010640226287e-05,-1.6e-05
2.4637798845884714e-05,0.0
-4.179454378089921e-06,1.6e-05
-2.852892578144221e-07,3.4e-05
0.0004584940120503099,3.4e-05
8.321389716754535e-05,6.6e-05
4.46126940559246e-05,8.4e-05
5.396523789264898e-05,8.2e-05
-0.0009762602419312013,3.4e-05
0.000127856330841615,-1.6e-05
4.4981756389187566e-05,-5e-05
1.1258456860872097e-05,-3.4e-05
-1.728376396495813e-05,-6.6e-05
-4.196330865039115e-05,-0.000134
-7.194593087884488e-05,-0.000134
-9.307977994102723e-05,-8.2e-05
-5.8622542113852095e-05,-5e-05
-8.689999267742013e-06,-8.4e-05
-8.824680831151087e-05,-3.4e-05
-6.303014131333671e-05,-1.6e-05
3.181442569684179e-05,-6.6e-05
-5.066086962484474e-05,-6.8e-05
-0.00013391277189793278,-8.2e-05
0.00012657211694880137,-5e-05
-6.678609712935144e-05,-0.0001
-7.545813062982602e-05,-0.0002
-0.00010939084469477506,-0.000234
-0.000147839283601359,-0.000134
-0.00017112095130672892,-0.00015
-9.220504112918051e-05,-0.00015
-0.00016797410458974462,-8.2e-05
-0.00012969400795892732,-6.8e-05
-0.00011343933342971569,-0.000116
-0.00011800357871638702,-5e-05
0.00033711483282451113,-1.6e-05
-6.339646081148264e-05,1.6e-05
-3.0173200465126148e-05,3.4e-05
2.438590118330937e-05,1.6e-05
-2.9610077308210526e-05,1.6e-05
0.0001446991579768281,5e-05
9.92820490469203e-05,8.4e-05
0.0003885143153898287,0.0001
0.0006905654860737791,0.000134
9.124857714732602e-05,0.00015
0.00020404473126221852,0.000132
0.00027740586901905934,0.00015
0.0005108078880432244,0.00015
0.0002655725411487594,0.000218
0.00016168318749660044,0.000282
0.00019863819274584883,0.0003
0.0002748188417295014,0.000318
0.000489694985612192,0.000316
0.0001955645803428565,0.000316
0.00031231258170871925,0.00035
0.00032463778065963645,0.000384
0.00033419175214368063,0.000384
0.0003577990590960226,0.0004
0.0005325007478587492,0.0004
0.0005206446390477919,0.000466
0.00045429991267086463,0.000466
0.0004321801123865356,0.000518
0.0004614606230653662,0.00045
0.0003976003012643691,0.00035
0.0004444900254248905,0.000282
0.00019907809172375426,0.000234
2.8165240362110104e-05,0.000234
0.0002738203461971746,0.000332
0.00042854727226886125,0.000418
0.0003025955539160913,0.000482
0.000364188688889608,0.0005
0.0005455645818284344,0.000534
0.0004397642524208917,0.00055
0.0008096563937746405,0.000584
0.00035567948487449854,0.00055
0.0005831971967887504,0.0006
0.00041465291029121117,0.0006
0.0005829911624111689,0.000566
0.0005784582483143107,0.0006
0.000591131275740113,0.0006
0.0007951052306507656,0.000666
0.0005699652375046382,0.000668
0.0006326675380174326,0.0007
0.0006575966720693706,0.000716
0.0006869698844114823,0.00075
0.0005204582495333227,0.00075
0.0007284582574040261,0.000766
0.0007450446756833557,0.000718
0.0005667875822774316,0.00075
0.0007439456678795225,0.0007
0.0007328548408845868,0.000682
0.0005867154418716029,0.00065
0.0006946008486476742,0.0005
0.00038319718466912976,0.00035
0.0005422231010660763,0.000318
0.00045122312474281097,0.000366
0.0006639626728006984,0.000434
0.0004915305968877041,0.000482
0.0005826969628346797,0.000534
0.0004524642225003199,0.000566
0.0003255306160195811,0.0006
0.0005027512456587495,0.0006
0.0005743176003194381,0.000568
0.0005830872171133345,0.000616
0.0007279429939462491,0.0006
0.0002184136468608346,0.00055
0.0006324337720358995,0.00055
0.0004951554291595716,0.000534
0.0005578819898948844,0.000582
0.000553564538132001,0.000534
0.0005949294009510415,0.00055
-0.00016256484419475094,0.000516
0.0005208057427043193,0.000534
0.0005331971543113289,0.000516
0.00048234709675289535,0.0005
0.0003315988077266792,0.000534
0.0005206446390477919,0.00055
0.0005763544333755444,0.000566
0.000549354146928328,0.00055
0.0005497146972272166,0.000518
0.00041231256804477134,0.000432
0.0003912822292653334,0.000384
0.00026115161855064787,0.000334
-5.496594472949223e-05,0.000332
0.00036947789076877374,0.00035
0.00037479344358882106,0.000384
0.0007876674803493609,0.000416
0.00031216262197554366,0.000418
0.00041205016316641177,0.000366
0.0003455305856735301,0.000334
0.0005623564427726011,0.000266
0.0002708329660647917,0.000266
0.00021196985562738337,0.000184
0.00022065878252670905,0.000216
0.00019951134379516487,0.000184
0.0002745418609938727,0.0002
0.00022780945352831488,0.000184
0.00013731258096593034,0.000132
0.00014582054238427663,0.0001
-2.0844587710705943e-05,5e-05
-0.00019653777500255743,6.6e-05
6.59803990892867e-05,0.0001
8.257529118820925e-05,0.0001
7.453125721612838e-05,0.0001
0.00022775773783445898,0.000116
0.00012426219859930002,0.00015
4.0647116603815774e-05,0.000168
0.00011180787806568731,0.000166
0.0002203261807931118,0.000184
0.00020363694256257295,0.0002
0.0001623125824808829,0.000182
0.00015331715824186474,0.0002
0.00024922284741468476,0.0002
0.00013731258096593034,0.00015
0.00019103669580432527,0.000184
0.0003146317406389115,0.000184
0.00020803668184443683,0.000182
2.8467398089781063e-05,0.000168
0.00016669694709327284,0.000182
0.00017080574121874147,0.000184
0.0001834438378688692,0.000184
0.00018319720213514644,0.000166
0.0001830009112940885,0.000166
0.00018249100283664778,0.000168
0.00011216262957968126,0.00015
0.00017932619763787256,0.000182
0.0002080474312926258,0.000184
0.00018731259385771455,0.000166
0.00012039802838422337,0.00015
0.000157794954296587,0.000168
0.00017904472974726595,0.000182
0.00017463780115555826,0.000168
-9.694599303214669e-06,0.000166
0.0002848524358403548,0.000166
0.00017032619748696482,0.000168
0.00011644382907509437,0.00015
0.00017083296986686048,0.000166
0.00011231257945097776,0.00015
0.0001286446500071499,0.00015
0.00014152023056722115,0.00015
0.00014566698306523962,0.000166
0.0001417949627944213,0.00015
0.0001496801662731009,0.00015
8.185795289729827e-05,0.000168
0.00011155543861613042,0.000166
0.00015828223960343555,0.00015
0.00015828223960343555,0.000166
0.0001659189533151268,0.000168
0.00014948083797328867,0.00015
0.0001497147124354917,0.000166
0.0001538205381353595,0.00015
0.00013689206058040224,0.00015
0.00015828223960343555,0.000166
0.00011599115896379011,0.000168
0.00014086534262553642,0.00015
0.00014496523147420264,0.00015
0.00013687510801027673,0.000166
0.00019402740925183464,0.00015
0.00015828222974155647,0.00015
3.482539852580317e-05,0.000166
0.0001708057313568624,0.0002
0.00016599115213181617,0.000184
0.00020828222290958254,0.0002
0.00017083296000498143,0.000166
0.00019136960325617376,0.0002
0.0001618920620953548,0.000184
0.0001747708872136409,0.000184
0.0005937970205484272,0.000182
0.00010789003950469841,0.000184
0.0001945470316601617,0.000184
0.0002042998777975808,0.000182
0.00018271362489482914,0.000184
0.0002038205510271437,0.0002
0.00019566698609514474,0.000184
0.00017915541947797505,0.000182
0.00021231257564890895,0.000184
0.00015828223960343555,0.000166
0.00017883296561794335,0.000184
0.00014496523147420264,0.0002
0.00017880573696982434,0.000184
0.00026231259840257224,0.000266
0.0002621626386693967,0.000284
0.0003745312359480429,0.000316
0.0002747934572527689,0.000284
0.0002541263117558109,0.000282
0.0002791554058140272,0.0003
0.00033271363398454455,0.000334
0.0008219185753182847,0.000316
0.00013943301317093375,0.000318
0.0002990363425875718,0.000316
0.0002990363425875718,0.00035
0.00032463778065963645,0.000334
0.00038299115029154826,0.000332
0.0004169571975077622,0.000318
0.0003373125832236718,0.000332
0.0002863617964323923,0.000318
0.0002912822232055231,0.0003
0.0003163470764372561,0.000316
0.00021621389556245152,0.0003
0.00025404473429212367,0.000316
0.0003062019641978515,0.000334
0.0001277577416365278,0.00035
0.00038319718466912976,0.000366
0.00041214834803445703,0.000368
0.0003826969507150591,0.0004
0.00040429990964095945,0.000382
0.00041231256804477134,0.000418
0.0003742343933879623,0.000416
0.0003996801715607475,0.0004
0.00017675393358128607,0.0004
0.0003907990760858162,0.000416
0.0004623126105221928,0.0004
0.00040382054342300613,0.000418
0.00033143541611420693,0.000432
0.00043731258928348207,0.000418
0.00039553064787470967,0.000416
0.0003827136370144497,0.000384
0.0003747708796095033,0.0004
0.00040415541338879,0.000416
0.0005366035656854999,0.00045
0.0005990668142495784,0.000466
0.00029431262085442,0.000468
0.0004328313908804798,0.000482
0.0004293261634780029,0.00045
0.00042004475460776295,0.000484
0.0004745312420078532,0.000466
0.00046969919739496964,0.000518
0.00047887117885502174,0.000632
0.0004740678125864809,0.000534
0.0007872448396598322,0.000466
0.0005360095649852085,0.000518
0.00039018223527359297,0.000532
0.0004534531322861883,0.000484
0.0004581448620836291,0.00045
0.000520805703256803,0.0005
0.00045382677916048505,0.0005
0.0006288057445152125,0.0006
0.0005111479650811586,0.000684
0.0005697768756143545,0.000666
0.0006107117605058366,0.000616
0.0006406413800652155,0.0005
0.0006147206932438176,0.000334
0.00023651467225186822,0.00015
0.00039564259992594007,-3.4e-05
0.0002325470213396844,-8.2e-05
-0.00014299785047959852,-1.8e-05
6.203802417316556e-05,6.8e-05
0.00010753803452402612,0.00015
2.732743605944609e-05,0.000266
0.00011390141692646016,0.000334
0.000314679728542478,0.0004
0.000285207088735558,0.00035
0.0008842992207832524,0.0003
0.0003451051836578612,0.000332
0.0003446007879908219,0.000384
0.0003407450299585941,0.000466
0.0003689429430003681,0.000434
0.00040273897142137306,0.000234
9.869725934168251e-05,5e-05
9.515540985127006e-05,0.0001
0.00020081494614223496,0.000216
0.00014808216711196024,0.0002
0.00020828222290958254,0.0002
0.00017785633387152017,0.000216
0.00020779494746461308,0.000268
0.00022030600338852958,0.000366
0.0002608917185895727,0.000416
0.0002259947888839526,0.000434
0.00022759004644271115,0.0005
0.0004278094853716936,0.000484
0.00010699519232142298,0.000316
0.0004317121070532737,0.000284
0.0003935984690793202,0.000432
0.0003113350722550586,0.000434
0.00036482651578049737,0.000416
0.0003899505205629068,0.000468
0.0004370275020832559,0.000466
0.00044545313653510544,0.00045
0.0004494808462908404,0.000516
0.0004743859173578416,0.000568
0.0004988533971266404,0.00055
0.0005198819213203291,0.000616
0.0005616035869242107,0.00065
0.0005950211164264152,0.000534
0.000586323530797264,0.000382
0.0005429359571329489,0.000334
0.0007214946662484245,0.000366
0.00040208954696069446,0.000434
0.000378102104017626,0.00045
0.0003948159377745715,0.000316
0.00039016495726145806,0.000234
0.00037479344358882106,0.000334
0.00041650075029677316,0.000366
0.0003112905360091674,0.000416
0.00033249103165012135,0.000384
0.00037426220388694665,0.000284
0.0003612905587628307,0.000232
0.0003271592264533626,0.000218
0.00027788367706011927,0.000216
0.00023681502564089859,0.000384
0.0003834702009293713,0.0005
0.00032653039359618733,0.00055
0.00017152301540743846,0.000466
0.000299339121998854,0.000334
0.00035366699093594304,0.000316
0.0004141088895940589,0.00045
0.0003898368328209597,0.000484
0.00039420674978050854,0.000482
0.00043129124150197807,0.000534
0.00048675314763736564,0.000634
0.0005319704548972658,0.000616
0.0008215996027015656,0.0005
0.0005696182571513533,0.00045
0.0005480822012130805,0.000484
0.000510951319212454,0.0004
0.00045754896790255574,0.000282
0.0004021021307183909,0.0003
0.0003644814683555107,0.00035
0.00033185797790870303,0.0004
0.00033185797790870303,0.000468
0.0003779584756108149,0.000566
0.0004439919610842158,0.000484
0.0004780345364820319,0.00035
-7.246344284505044e-05,0.00025
0.00022054726439815786,0.000166
0.0003095608215911352,8.4e-05
8.716262806472869e-05,3.2e-05
0.00013094790172639827,3.4e-05
7.765065832365407e-05,0.000116
0.00026958926477120765,0.00025
0.00039103670792394585,0.000434
0.00020474782406880934,0.000384
0.00029292990651343077,0.000266
0.00033157147059789037,0.00025
0.00016521561396155916,0.000216
0.0002774307209543219,0.000268
0.000249480853894978,0.000266
0.000249480853894978,0.000266
0.0002534531398903259,0.000184
0.00024511068052657334,0.000134
0.0002490780947536594,0.00015
0.00018223588588692273,0.000166
0.00015803669853828984,0.000184
0.00015803669853828984,0.000232
0.0001942252286841488,0.000284
0.00021536234202830412,0.00035
0.00026097008108068233,0.000334
0.00029885338500701983,0.000232
0.00029885338500701983,0.0002
0.00012854726395130953,0.00015
0.00022733050150928257,0.000118
0.00021640109375100464,0.0001
0.00016550658870359162,5e-05
-1.2837373064142047e-05,3.2e-05
7.412637283986966e-05,5e-05
1.2162627218075634e-05,1.8e-05
0.0002842426758573056,-0.0001
-1.4598612445704155e-06,-0.000334
-0.0007441104251403807,-0.000484
-0.0004007179023570985,-0.000416
-0.0003673784789371477,-0.000316
-0.00017611094377483673,-0.000184
-2.2468045312672145e-05,-0.0001
-9.185512193593205e-05,-6.6e-05
0.00015742743164919425,-1.8e-05
-9.350301234330021e-05,5e-05
9.472011143995193e-05,0.00015
2.698813888041796e-05,0.000184
8.951215665152451e-05,8.4e-05
0.00011568949394484313,0.0
0.00010275775491439385,0.0001
0.00013675319546118316,0.000182
0.00015737744178417602,0.0002
-0.00011706967849198472,0.000268
0.00018601535242264617,0.000332
0.0002440274122817398,0.000368
0.0002904107092281331,0.000366
0.0003324961401034809,0.000334
0.0001997147154653968,0.000266
0.00033247610076520565,0.000266
0.00030692022457445573,0.000334
0.00029915533602045994,0.00035
-4.546379741997377e-05,0.000284
0.0003076413646197491,0.000316
0.00032038993403924636,0.0002
0.0002861191942072102,0.0001
0.00022292437172977977,5e-05
-0.00011925970597760235,5e-05
0.00021974119385029256,0.0001
0.00010782133672414023,0.000116
-2.373621885917447e-05,0.00015
0.0001031051691903579,0.000184
0.0007137177462019604,0.00015
0.00014940161749869973,0.000234
0.0001786456688105995,0.000282
0.00021125845911861357,0.000284
0.00019027669009360739,0.0003
0.000955567312773274,0.000316
0.0006152714200187392,0.000384
0.0003200540778855552,0.000466
0.0003648742078276917,0.0003
0.00017080574121874147,0.000134
0.0003179525114552174,0.00015
-3.0658707169876894e-06,0.0002
0.00021498054924189353,0.00015
0.0001578820346887967,8.4e-05
0.00014493917638969326,1.6e-05
0.00011078191720014374,8.4e-05
8.232407461165734e-05,3.2e-05
5.324125022977342e-05,8.4e-05
2.0044727286684646e-05,0.0001
7.436136662534738e-05,6.6e-05
6.987118651597989e-05,6.8e-05
7.915540848722526e-05,0.000132
9.082862875078412e-05,5e-05
7.822007335941791e-05,1.8e-05
6.596766493793441e-05,8.2e-05
6.945471689728081e-05,0.000134
0.00022337985247661965,0.00015
-3.48976223916921e-05,0.00015
0.00012830599307980217,0.0002
0.0001578820346887967,0.000216
-0.0005438014206256622,0.00025
0.00020310517031922864,0.00035
0.0001658547820680024,0.000384
0.00029828528160117263,0.000284
0.0003156894863407055,0.00025
-0.0001152507633777422,0.000182
2.8547265904275997e-05,8.4e-05
3.377449611737806e-06,0.0
-2.9194261038999995e-05,-1.6e-05
6.054647660020261e-05,-1.8e-05
2.0299892313070177e-05,1.8e-05
9.553060010964166e-05,6.6e-05
1.1654357065295826e-05,6.6e-05
6.231258628295171e-05,6.8e-05
6.61972026388153e-05,0.0001
7.874990281258497e-05,0.000116
9.566698003533449e-05,0.000116
0.00015366697881632248,0.00015
0.0001455645674510723,0.000134
0.00016196065146430365,0.00015
0.00013714834123185784,0.000134
0.00018716263412453895,0.00015
0.0001623125824808829,0.00015
0.00013689206058040224,0.00015
0.00016231259234276196,0.000166
0.0001623125824808829,0.000166
0.00017032620734884387,0.000168
0.00019994810669552528,0.000182
0.00038704911629227755,0.00015
0.00014128223383956585,0.000134
0.00015828223960343555,0.00015
0.00015356456320215516,0.000116
0.00013714834123185784,0.000134
0.00011502615437279332,0.00015
3.705016078224884e-05,0.000134
0.00013344383483896406,0.000132
0.00013731258096593034,0.000134
0.00010337744580966902,0.000134
0.0001331971991052413,0.000132
0.00016621390239442545,0.000134
0.0002684484228763492,0.00015
0.0001082822316425909,8.4e-05
2.871859494257482e-05,8.2e-05
0.00014948084783516775,8.4e-05
0.00024101464767262444,6.6e-05
7.880574077189314e-05,5e-05
-2.934122769187709e-05,0.0
-5.5243507315986176e-05,-3.2e-05
-0.00013082770985333732,-3.4e-05
-4.843915738884215e-06,-6.6e-05
-0.00012522911124203178,-0.0001
-0.00011285165419390969,-0.0001
-5.436304861427745e-05,-0.0001
2.504441559668307e-06,-0.000134
-0.00010436305164418257,-0.0001
-0.00021268743038152656,-0.000166
-9.196330674935676e-05,-0.000168
-6.70810462086501e-05,-0.0001
9.318525295957257e-05,-5e-05
-6.268741142993207e-05,-3.2e-05
-8.880856066723542e-05,-6.8e-05
-6.312488438558568e-05,1.8e-05
-7.194593087884488e-05,0.0
-0.00011344456022562408,1.6e-05
-3.3797081065663177e-05,0.0
-1.2687413330966464e-05,0.0
7.793656405984329e-05,1.6e-05
-9.3313486751286e-05,0.0
2.032620134096569e-05,1.8e-05
0.0003560572540142476,8.2e-05
2.822007187043138e-05,6.8e-05
4.545315913978992e-05,8.2e-05
3.7148348732131304e-05,0.0
5.7156083383114994e-05,-1.6e-05
9.830220232791947e-05,1.6e-05
-4.955273611900483e-06,0.0
-2.852892578144221e-07,0.0
-2.852892578144221e-07,-1.6e-05
-2.8528679234465177e-07,-3.4e-05
-1.2851648134099416e-05,5e-05
0.00014114487758784484,0.000118
0.00022426219479723122,0.000216
8.522648479395205e-05,0.000134
0.00012803451527269595,0.000132
0.00014904147153685314,0.000218
0.0002788057430296346,0.00025
0.00018221561972542885,0.0003
0.00022348334303560588,0.000182
0.00023642343014668998,0.0001
0.0002061367908411305,0.00015
0.0001811743039141695,0.0002
-2.7953212590886428e-05,0.000218
0.00016585795759306373,0.000282
0.00022915540278412204,0.00025
0.00023672173226487326,0.00015
0.00022378744393868375,0.000134
0.00017761823852507414,0.000116
-0.00020264537477842902,-3.2e-05
-8.717762922800714e-06,-3.4e-05
4.4034043370409415e-05,-0.00015
-2.7340967414310954e-05,-8.4e-05
-7.619260393562535e-05,-0.000182
-0.00011392592840502916,-0.000234
-0.0002417177649120474,-0.000234
0.00038455204906361843,-0.000266
-0.00022974854034812914,-0.000234
-0.00022990950593834958,-0.0003
-0.00025917863600873054,-0.000366
0.00014052798746622626,-0.000416
-0.0003307008488986909,-0.00045
-0.0003844011472991259,-0.000518
-0.00043887094839982553,-0.000532
-0.000480186383480955,-0.00045
-0.0004884393167064879,-0.0004
-0.0004763217103100457,-0.000334
-0.0004307937933068799,-0.0003
-0.0003724410153877124,-0.00025
-0.00032235296550144846,-0.000216
-6.762407085601608e-05,-0.000218
-0.0002468439302063875,-0.000232
-0.00022546876096330245,-0.00025
-0.00022934122501867902,-0.000268
-0.00027135533478457493,-0.000282
-0.0006708219891560619,-0.00035
3.748441321801786e-05,-0.00045
-0.00010916624039890013,-0.0005
-0.0007320401952110024,-0.000584
-0.00047310066281492036,-0.000634
-0.0005437739651543246,-0.00065
-0.0006053008085767163,-0.000616
-0.0006216101080541102,-0.000616
-0.0006293553122974774,-0.00065
-0.0006334247180779307,-0.00065
-0.0006334247180779307,-0.000468
-0.0005978651884411913,-0.000282
-0.00011873452146947843,-0.00025
-0.0004164777373800921,-0.000184
-0.000189718778717916,-0.000266
-0.0002464254709535856,-0.000284
-0.00024693779557139904,-0.000284
-0.00025552688080699527,-0.0003
-0.00028380280131223227,-0.000316
-0.00040028528144594853,-0.000384
-0.00032194594602837057,-0.000516
-0.00038111205283840067,-0.000534
-0.0004397561506653681,-0.000482
-0.00048043758526468834,-0.000334
-0.00018785166860064647,-0.0002
-0.0003907430850455169,-0.000234
-0.0003152170281471769,-0.000282
-0.0002637538575668095,-0.00035
-0.0002971310519836078,-0.00045
-0.00033101185311711946,-0.0005
-0.00039760616392961213,-0.000584
-0.0004138660356690949,-0.000634
-0.0005437739651543246,-0.000582
-0.0005761926440965557,-0.000434
-0.0005499563376973234,-0.000334
-0.0004989480955985679,-0.000366
0.000823232414295832,-0.000384
-0.0003260749175584214,-0.00035
-0.00033889188897116515,-0.0003
-0.00035077714949666064,-0.00025
-0.0005241882338689345,-0.0002
-0.00018844454504672367,-0.00015
-0.0001348401435583891,-0.000132
-0.0001841420438925141,-6.8e-05
-0.0001386722725283594,-8.2e-05
-0.00010884391474329638,-0.000134
-3.05995294974279e-05,-0.000134
-0.00010524350048401225,-8.2e-05
-0.00010864676591875915,-0.000184
-0.00013439577714926385,-0.0002
-0.0001511466028146101,-0.000134
-0.0001511466028146101,-0.000132
-0.00016324679313261045,-0.000168
-0.00046959271353381944,-0.000182
-0.00015453776772373514,-3.4e-05
-0.0001304341518451933,-3.4e-05
-0.00010625314980156998,-6.6e-05
-8.051057837809959e-05,-5e-05
-2.5229115044100577e-05,-3.4e-05
-4.171776265430591e-05,-5e-05
-3.794983944803677e-05,-3.2e-05
-0.00015155172880690611,-5e-05
0.0001446600359025477,-1.8e-05
-6.756625065901435e-05,0.0
1.644383904083758e-05,0.0
5.724857548146568e-05,-1.6e-05
-8.830390859134032e-05,-5e-05
-5.417945987346483e-05,-5e-05
0.00013986892794969392,-5e-05
-9.636303616934157e-05,-6.6e-05
-4.5955274025428084e-05,-6.8e-05
-5.871775855629654e-05,-8.2e-05
-6.678609712935144e-05,-5e-05
-8.717762922800714e-06,-5e-05
-8.469401360240283e-06,-3.4e-05
-3.401959957411426e-05,0.0
2.4531253261672077e-05,3.4e-05
0.00012387530722140897,5e-05
3.904322966652894e-06,6.6e-05
4.079905857468492e-05,8.4e-05
0.00017454186479594152,0.0001
2.8879056729457326e-05,0.0001
7.437793951312863e-05,0.0001
9.55645693521067e-05,0.000116
8.525505958856445e-05,0.00015
6.12584549598377e-05,0.000134
0.00015828223960343555,0.00015
0.0001532102751964776,0.00015
0.00014582054238427663,0.00015
-6.1619608078558915e-06,0.000116
0.00014489611942566295,0.00015
0.00018993746117727345,0.000134
0.00013714834123185784,0.0001
4.922283529506419e-05,6.6e-05
1.2050161116398599e-05,6.6e-05
9.07990579063854e-05,6.8e-05
7.463780002668753e-05,0.0
4.928204848248492e-05,-1.8e-05
2.8043079493983345e-05,-8.2e-05
-9.325661476175002e-06,-8.4e-05
-4.6932512277414245e-05,-0.000116
-0.00010945103174275418,-0.000134
-0.00010454683762257666,-0.000184
-0.00013039920134576055,-0.000232
-0.00016762408677770544,-0.000234
-0.0001970182457509669,-0.000284
-0.00023437845588754385,-0.000316
-0.0002673784728773374,-0.000416
-0.0003141501700691199,-0.000468
-0.000372840776517793,-0.000382
-0.0003968691659827702,-0.000418
-0.00010400326070998261,-0.0004
-0.00041779705956240365,-0.00035
-0.00038812491394184815,-0.0003
-0.0003681420250624526,-0.000282
-0.00021680279251845742,-0.000234
-0.00032231986903528135,-0.000166
-0.0006623496882924415,-0.00015
-0.00032619262894703014,-0.000184
-0.00018428375909478511,-0.000234
-0.00018428375909478511,-0.000282
-0.00019639921560158957,-0.000268
-0.00024293777797209943,-0.000282
-0.00026698912589155735,-0.000218
-0.0002631546892418841,-0.000216
-0.0002467315245087198,-0.000216
-0.0002337036863976491,-0.000184
-0.00020885514362149112,-0.000134
-0.00018833318470823764,-0.000116
-0.00016348533226361473,-0.000166
-0.0001506608855465341,-0.000218
-0.0001594619617346716,-0.0002
-0.00015919389613772443,-0.000182
-0.0001919853343851358,-0.000218
-0.000204873705802364,-0.000282
-0.00022143669225701743,-0.00035
-0.0002595893043770653,-0.0004
-0.0004663240923340485,-0.000334
-0.00034254528124482645,-0.000184
-0.0003189980725835519,-8.2e-05
-0.00016285164736193578,-0.0001
-0.00017746878645680524,-8.4e-05
-0.00011353938219290563,-0.000134
-0.00010051915745247886,-0.000216
-0.00013476410847074058,-0.000166
-0.00015119182939203634,3.2e-05
-0.0001233076227235568,0.000184
0.0003030459656570879,0.000284
7.929167993224829e-05,0.000332
0.00020515332481251008,0.000334
0.0002819906960473548,0.000216
0.0002903095066250917,6.8e-05
0.0002347993364535236,-6.8e-05
-0.00011268741445983719,-0.000116
-2.6790329396301043e-05,5e-05
0.0005123125741045817,0.00045
7.348147991262485e-05,0.000516
0.0005955645848583395,0.00055
0.0003865303025580344,0.000418
0.00048220512514176846,0.000266
5.8047436995729e-05,5e-05
0.00031638889080452327,-5e-05
0.00016646957160937857,-8.4e-05
-0.00014186870477331996,-0.0002
-7.321464189775665e-05,-0.00025
-0.0001480299728951038,-0.0003
-0.00021048692958033398,-0.00025
-0.0002508781882498266,-0.000266
-0.0002670088299259441,-0.0003
-0.0002795417397738851,-0.00035
-0.00029245103809850503,-0.00035
-0.0003173839985595231,-0.0002
-0.0003015192923144732,-6.6e-05
-0.0002444360538120596,-8.4e-05
0.0009215847764952509,-6.6e-05
-0.00010538730640464662,-0.000134
-8.81921143301751e-05,-0.0001
-9.662255151713293e-05,-0.000134
-0.000109200934489477,-0.0001
-0.00011742470613859269,-5e-05
-9.674485854138937e-05,3.4e-05
8.036694379513973e-06,-1.6e-05
-3.4213050193999326e-05,-3.4e-05
-1.728376396495813e-05,-3.4e-05
-0.00010005189176014738,-0.0001
-4.6795920321321364e-05,-0.00015
-8.071145499292621e-05,-0.000166
-0.00010583928618441579,-0.00015
-0.0001421179539049969,-0.000116
-0.0001459552702233593,-0.0001
-3.4427472099731935e-05,-0.0001
-0.00011700885042186588,-0.00015
-0.00011700883069810774,-0.00015
-0.00012562205781367332,-0.000184
-0.00014674485170941545,-0.000234
-0.00018035431310212794,-0.000182
-0.00018824681437132115,-6.8e-05
-0.00016850934821452247,-1.6e-05
-0.00012715726639075977,-3.4e-05
-7.660106324304784e-05,-3.2e-05
-3.797250204614524e-05,-3.4e-05
-2.9194261038999995e-05,-6.6e-05
-4.185513369884552e-05,-8.4e-05
-5.4546834592671505e-05,-6.6e-05
-4.171776265430591e-05,-5e-05
-6.680280315250017e-05,-6.8e-05
-6.730305683032897e-05,-0.000116
-2.6953563218708136e-05,-6.6e-05
-7.561409624735671e-05,-3.4e-05
-7.172772694248798e-05,-3.4e-05
-0.0006603293442981443,0.0
-3.4081044011675124e-05,-3.2e-05
-2.5362201102183214e-05,-3.4e-05
-2.5362201102183214e-05,5e-05
-4.843913273414444e-06,8.4e-05
1.5723722165497946e-05,0.000116
5.261269350521212e-05,0.000134
9.520407329355304e-05,0.0001
0.00010803669057744518,8.2e-05
0.00010752022890136082,0.000134
0.00011194161007684918,0.000166
0.00011969916632375462,0.000218
0.00014877408640956197,0.000182
0.00019473899313630685,0.000134
0.0006716958455515973,0.000116
0.000161504115496403,0.000118
0.00013683783996926196,6.6e-05
0.000107865345359501,0.000134
0.00010786534042856146,0.000182
0.00019515539125638265,0.000218
0.0001485876574475765,0.000182
0.00017825803779177802,1.8e-05
0.00014807482001205125,-0.0003
-0.0005213008729141043,-0.000568
-0.00017417073740988223,-0.000666
-0.0003855831526772327,-0.000534
-0.0005203312529637017,-0.000282
-0.0005160121444051341,-0.000218
-0.0004295260684758753,-0.000182
-0.0003074106802535605,-0.00015
-0.00020921681817459394,-0.0001
-0.0001635765940925511,-0.000184
-0.0001548439198976601,-0.00025
-0.00017235297613549122,-0.0002
-4.635432510021546e-05,-0.0001
-0.00018484014658829426,-6.6e-05
-0.00015583927935244188,-1.8e-05
-9.765562279748773e-05,0.0
-4.697882859247798e-05,-1.6e-05
-2.5614098148391113e-05,-3.4e-05
-0.00010104211317593242,-3.2e-05
-2.0844587710705943e-05,-1.8e-05
-2.5206531341024685e-05,-5e-05
-3.378609493237647e-05,-0.0001
-5.0770809852744345e-05,-0.000132
-7.609251572491911e-05,-6.8e-05
-8.827824798199382e-05,-5e-05
-5.0770809852744345e-05,-0.00015
-1.7303053800423823e-05,-3.2e-05
-7.612029663826619e-05,-5e-05
-0.00012161008761693794,-0.0001
-8.41420378327038e-05,-5e-05
-0.0009134974289284183,-0.0001
-7.562205478376817e-05,-0.0002
-0.00011385202348326025,-0.00015
-0.0001263870832208391,-6.8e-05
-0.00013074352885357495,-5e-05
-0.00011714522048567962,-6.6e-05
-0.00011726389833843742,-0.0001
7.24765248495056e-05,-6.6e-05
-8.38027990544908e-05,-8.4e-05
-7.935533813979535e-05,-0.0001
-3.8616931465073636e-05,-0.000134
-2.990948888778946e-05,-0.000116
-0.00010896330265134739,-0.000116
-1.397759859155849e-05,-0.0001
-0.0001794527401173251,-0.000118
-0.0001758377105532556,-8.2e-05
-0.00010436304178230352,-8.4e-05
-4.654684377252818e-05,-3.4e-05
-8.024349896905967e-05,-1.6e-05
-1.2687413330966464e-05,-1.6e-05
0.00019881229435899376,-1.8e-05
-8.717762922800714e-06,-1.6e-05
3.714834934849875e-05,0.0
1.2312585718516335e-05,0.0
-1.2687413330966464e-05,0.0
-5.042543205480875e-05,-3.4e-05
-8.717762922800714e-06,-1.6e-05
-5.502548089345258e-05,-1.6e-05
-1.6802800122595034e-05,3.2e-05
-9.109952595223433e-06,0.000134
0.00018269693859543858,0.000134
6.938136670620974e-05,0.0002
0.0001235095005409748,0.000166
0.0001578213446849849,0.000166
0.0001659189533151268,0.0002
0.00018257529231707997,0.00015
0.0001700447197344791,0.000134
0.0001618920620953548,0.0001
0.00014510516167636156,1.6e-05
-0.00010575190007395487,5e-05
7.387531898432244e-05,0.000184
8.593156970011551e-05,0.000334
0.00010543585172624628,0.0004
0.0002386348973574111,0.000482
0.0008342138927756124,0.000634
0.000541036677566145,0.000734
0.0005592807199274872,0.0007
0.0006351014892200282,0.0005
0.00023714833742978904,0.000282
0.0005495190769939356,6.8e-05
0.00038163833716790667,-0.000118
0.00017726300377900563,-0.000116
2.4922255194034012e-05,-0.000166
-8.521852110473549e-05,-0.000134
-0.00013399907320169572,-0.000134
-0.00013794983071502845,-0.000116
-0.00013794983071502845,-0.00015
-0.00013380279222251687,-0.000166
-0.00014196329991738284,-0.000168
-0.00015051913089674678,-0.00015
-0.00015871776461610682,-0.00015
-0.00015871776461610682,-0.0001
-6.655616741877741e-05,-0.0001
-0.00012562205781367332,-6.6e-05
-7.10539633642586e-05,-8.4e-05
-8.785165267895711e-05,-8.2e-05
-2.93553449717693e-05,-0.0001
-0.00017536221019189864,-0.00015
-0.0001633456288846745,-0.00015
-0.00012576560732545182,-0.000118
1.6736596083172483e-06,-0.000132
-0.00019712495128253074,-0.0001
-0.00012545813365973115,-8.4e-05
0.00010691558230261067,-8.4e-05
-0.00010048865466050779,-8.2e-05
-8.768741294488463e-05,-8.4e-05
-0.00027761912700119585,-8.4e-05
-8.355615345888897e-05,-6.6e-05
-4.646939843617227e-05,-5e-05
-4.363050515311845e-06,-3.4e-05
-0.00026889749811086596,0.0
0.00020562016644404144,0.0
5.765252544468229e-05,3.4e-05
1.2312585718516335e-05,0.0
8.131279661697785e-06,1.6e-05
1.214834844991362e-05,5e-05
2.4531253261672077e-05,0.0
1.5991160300389136e-05,1.8e-05
2.0547266454988477e-05,3.2e-05
2.4541866492656354e-05,3.4e-05
2.0658775338028045e-05,5e-05
3.321390430770301e-05,5e-05
4.1282236408899776e-05,0.0
3.2991159900584415e-05,3.4e-05
-6.441378267095875e-05,0.0001
0.0001645590988098275,0.00015
6.955900133753237e-05,0.000166
0.00011122329545991004,0.00015
6.189206589742362e-05,5e-05
6.600091919416668e-05,-1.6e-05
8.565257714115606e-05,1.6e-05
0.0002922162417724743,0.0
1.189206533298825e-05,-3.4e-05
-8.96330645341619e-06,5e-05
7.248577382500076e-06,0.000134
3.59315716011499e-05,0.000184
7.896523694213178e-05,8.2e-05
0.00011123394135836875,-0.000132
6.401366426962734e-05,-0.000418
2.8984855045192434e-05,-0.0006
-0.00027348646712837193,-0.000682
-0.0004632340894880378,-0.000618
-0.0005819328888769788,-0.000416
-0.00012758698790946244,-0.000284
-0.0005039357212156983,-5e-05
-0.00034711618329987166,0.000118
0.0001489287897065714,0.000132
-2.5163094694650104e-05,8.4e-05
6.921379612248054e-05,6.6e-05
-1.3303899115543087e-05,0.000134
0.00010326178569190738,0.00015
0.00010764136729294719,0.00015
0.00012054726820022666,8.4e-05
0.00012882679891361795,8.2e-05
0.00011566755126390693,0.000134
0.00011175318901529106,0.000166
0.00011562154559803398,0.000134
0.0001282514470266525,5e-05
0.00011993195597925966,0.0001
0.00017039803141412848,0.000116
0.00011956841753101216,0.000134
0.0006528628517720487,0.000134
-0.0002648351139883123,0.0001
0.00012064465425606704,6.6e-05
0.00011538364748916942,5e-05
2.0194476838562495e-05,1.6e-05
-2.5229115044100577e-05,0.0
2.4637798845884714e-05,0.0
2.4637799154068436e-05,0.0
-1.2687413330966464e-05,-1.6e-05
-2.9194261038999995e-05,-3.4e-05
-0.00048477969172525283,-5e-05
-6.728636066905931e-05,-8.2e-05
-0.00013873907689719613,-5e-05
0.00031412251265112675,-5e-05
6.162084696464303e-05,-6.8e-05
-0.00015562866906297077,-6.6e-05
-3.198304892656565e-07,-1.6e-05
-5.051915442257372e-05,0.000116
-1.0356380698371025e-05,0.000234
6.409549321123095e-05,0.000282
0.00015114190385109763,0.000234
0.0001943926143576454,0.00015
0.00022382034316726943,0.000134
0.00019849411069260042,0.000116
0.0001573775601267249,0.00015
0.00010789003950469841,0.000116
0.0005659145692944225,0.0001
4.1282236408899776e-05,8.4e-05
-7.467218817714759e-05,0.000184
0.00021216261591573338,0.0003
0.0001648751818959784,0.000416
0.00024291493315109367,0.00045
0.0003349051999232975,0.0004
0.00039011478002073745,0.000284
0.00038595129191393307,0.000282
0.0003521849674726943,0.000284
0.0003112461575533414,0.0002
0.0002616035292972635,0.000166
0.00023172373195095864,0.000234
0.00021991766231441488,0.00025
0.0002140797652074165,0.000184
0.00020764135855993885,0.000182
0.00021175320986791993,0.000268
0.0002200430856924582,0.0003
0.00023221560303157587,0.000332
0.00039526177360367856,0.0004
0.00032378746972225216,0.000284
0.0003278957313062509,0.000134
0.0002850759651914108,0.000116
0.0002306191028760542,0.0001
3.3197200133656616e-05,0.0001
0.00011214833971690529,5e-05
0.0001241384122931827,8.4e-05
8.299116169775467e-05,0.000132
9.076564586008796e-05,8.4e-05
2.477088582851851e-05,5e-05
8.677407002927439e-05,0.000134
9.912743450682252e-05,0.00015
-4.38818090195072e-05,0.0001
0.00010754895655509885,0.000116
0.00012453125038415443,-1.6e-05
8.595128852732085e-05,-0.000118
1.8148586879263045e-05,-0.00015
-4.457376776462523e-05,-0.000116
7.688068718413347e-05,-6.6e-05
-0.00011324680982646345,0.00025
-2.4442965491961632e-05,0.000516
0.000382140701287857,0.00045
0.00028188661377562426,0.000166
-0.00010042543015377436,-5e-05
0.00026487100651906195,-0.000132
0.00010291537732760872,-0.000184
-5.33117032720014e-05,-0.00025
-0.00015581505857743995,-0.000216
-0.00019657885959077322,-0.000218
-0.00021758119063364543,-0.000232
-0.00022934122501867902,-0.000218
-0.00022116704875941868,-0.000166
-0.00020912685811369508,-0.00015
-0.00019235286689440765,-0.000184
-0.00018012879165149929,-0.00025
-0.00018844454504672367,-0.000316
-0.00022657942550819923,-0.000284
-0.0002597145305175272,-0.000316
-9.298176272492621e-05,-0.000284
-0.0001383636351609082,-0.000182
-0.00011678610015925657,-0.0001
-4.171776265430591e-05,-8.4e-05
3.5645713707281238e-06,-1.6e-05
-0.00012135534541861762,-0.0001
-0.0001668027894885523,-0.00015
-8.868943902991938e-05,-0.000168
-0.00010996212362568359,-0.0002
-0.00021742746366266422,-0.0002
0.0001399221820966851,-0.0002
-0.0001923474823084341,-0.000166
-0.0001918687078032251,-0.000134
-2.518116165711082e-05,-8.2e-05
3.669610206525972e-05,5e-05
-2.0830001991557803e-05,0.0
-4.1717767585245453e-05,0.0
-2.1355344289746897e-05,1.6e-05
3.703802450731532e-05,1.6e-05
7.794959999690226e-06,3.4e-05
3.213441531984027e-05,1.6e-05
4.155413804246623e-06,0.0
1.619719960891017e-05,0.0
1.2148349682648505e-05,1.8e-05
4.1144869062564816e-05,1.6e-05
8.282237910129453e-06,-1.6e-05
0.00035959106114227644,0.0
0.00019566698609514474,8.2e-05
0.0001319383105178857,8.4e-05
0.00024263635479105527,6.6e-05
7.463779509574799e-05,0.0001
0.00029798400119550946,0.0002
0.00035828223199929794,0.00035
0.00017626377846762745,0.000318
0.00017436136282327858,0.000216
0.00010346222345311527,0.00015
0.0002565199081492419,8.4e-05
0.00018985630777438632,8.2e-05
0.00014079905107441146,0.000118
0.00010780610505191282,0.000116
2.5536794564072524e-06,8.4e-05
9.957457210396712e-05,8.2e-05
0.0001617531772523776,0.000134
0.0001034531603862477,0.000116
0.00010345315052436863,0.0002
0.0001319336852966007,0.0002
6.509141972405939e-05,0.000234
0.0002828547938916824,0.000266
0.0002243175988338602,0.000268
-0.0008324438282574897,0.00025
0.0002541554240228328,0.000182
0.00024062926516223146,8.4e-05
0.00019420949898702825,5e-05
0.0001395354879563755,6.6e-05
0.00031518159956847467,0.000134
8.271623716391261e-05,0.0001
8.669609708238812e-05,-1.6e-05
-0.00015031984204445084,-0.0001
2.7188937216579434e-05,-8.4e-05
-7.561409624735671e-05,-6.6e-05
-6.728376699486326e-05,1.6e-05
-5.960865112606392e-05,8.4e-05
-1.416870701516385e-05,6.6e-05
-0.0001185346113188009,0.0
4.064136959378631e-05,-1.6e-05
3.244826962132079e-05,-0.000118
-1.8635260527743534e-05,-8.2e-05
-5.5192856705070094e-05,-1.8e-05
-5.9577714411413656e-05,-0.00015
-9.321685019825512e-05,-0.00025
-0.00012713175370959934,-0.000282
-0.00017755182347859523,-0.000418
-0.0012004032385506207,-0.000666
-0.00040806409497319465,-0.000766
-0.0006808957802860146,-0.00055
-0.00032961008562576227,-0.000384
-0.0005950240599754528,-0.000266
-0.0004961586039316527,-0.00025
-0.0003654755701988452,-0.000284
-0.0002972956467453269,-0.00035
-0.00028844455110653395,-0.0003
-0.0002968948402560646,-0.000334
-0.0003176529517255868,-0.000282
-0.00031716861512058093,-0.000118
-0.0002605646047698137,-8.2e-05
-0.00010028528299027585,-8.4e-05
0.000589576925255747,1.6e-05
-6.82410990439417e-05,1.8e-05
-1.3539381064034904e-05,0.0
-3.42411023090209e-05,0.0
8.282237910129453e-06,-3.4e-05
6.425780001700523e-05,-5e-05
-2.154175845891377e-05,-3.4e-05
-2.9955272661383282e-05,-6.6e-05
-4.633301357953991e-05,-0.000116
-0.0005916717705936313,-0.0001
-7.978620363647044e-05,-8.4e-05
-9.196329688747768e-05,-0.0001
-0.00010028528299027585,-0.000116
-0.0003860741164649753,-8.4e-05
-9.633301660944505e-05,-0.0001
-0.00010028528299027585,-0.0002
-0.00012611093088305252,-0.000366
-0.0004466873948576121,-0.000584
-0.0003170451838421103,-0.000684
-0.0004631717624123,-0.000766
-0.0006037119020680804,-0.0009
-0.0007363701912840659,-0.001166
-0.0008835319121292157,-0.001334
-0.0010470026563191453,-0.0012
-0.0011539033741935912,-0.00115
-0.0012142968115779452,-0.00105
-0.0011860372420682101,-0.000984
-0.0010980897145554478,-0.00095
-0.0010353918321644778,-0.000882
-0.0009680036400866534,-0.000868
-0.0002752539525432516,-0.000816
-0.0008801864471677124,-0.000766
-0.0008341377046069727,-0.000768
-0.000716556177221907,-0.000716
-0.0007673784637288725,-0.000634
-0.0007223493605691909,-0.00055
-0.0006690521368902049,-0.000416
-0.0002717344451398778,-0.0003
-0.00047816150302228453,-0.000234
-0.00022520653359876618,-0.000232
-0.00030066089463624953,-0.00035
-0.00042545812225352477,-0.000434
-0.0004695082958489593,-0.000466
-0.00037274440623549706,-0.000468
-0.00043068736390793007,-0.00045
-0.00031460499993194097,-0.000466
-0.0005546145765534343,-0.0005
-0.0004714527033743986,-0.000516
-0.000483652952317468,-0.000518
-0.0004844529873953409,-0.00055
-0.00052145274585182,-0.000582
-0.0005421713703575361,-0.000568
-0.0005550956784621043,-0.0006
-0.00037109309375609075,-0.000582
-0.0005832863331608811,-0.000584
-0.0007181855963297724,-0.000566
-0.0005833030194602716,-0.000584
-0.0005753622344311397,-0.000566
-0.000575229138511178,-0.00055
-0.0005668027940040352,-0.000568
-0.0005673030279581059,-0.000566
-0.0006507772071236077,-0.000566
-0.000562687392419588,-0.000584
-0.0004557708955386262,-0.00045
-0.0005428235166968387,-0.000434
-0.00044653780987584125,-0.00045
-0.0004810056689467774,-0.000466
-0.0004209552671640794,-0.000484
-0.00045896330413692523,-0.000482
-0.000404435436292247,-0.0005
-0.0004833030134004614,-0.000518
-0.0005552946911817863,-0.000516
-0.0005043630561596655,-0.000516
-0.0005126874288371992,-0.000518
-0.0005170575035868131,-0.000532
-0.0005206737757476458,-0.000518
-0.0005211670274913331,-0.000516
-0.0005211670274913331,-0.000516
-0.0004253622253414243,-0.000518
-0.0005670575066167183,-0.000516
-0.0002295759377406032,-0.0005
-0.0007718206485382641,-0.000534
-0.000517303064375717,-0.000532
-0.0005208445834931805,-0.000534
-0.0005253621919537182,-0.000516
-0.000772584194663569,-0.00045
-0.00036678609558502413,-0.000368
-0.0003089632950472098,-0.000332
-0.00031708104163441763,-0.000334
-0.0003721863816700619,-0.00035
-0.0004979615921111932,-0.0004
-0.0010621894767205136,-0.0004
-0.00044245104718822046,-0.000416
-0.00040028528144594853,-0.000418
-0.00037663602206003237,-0.000416
-0.00041705753697451924,-0.000416
-0.0004165561590424762,-0.000418
-0.00041268742277738896,-0.000416
0.0005199347809921573,-0.000434
-0.0003957001388375227,-0.00045
-0.00043803016403762523,-0.00045
-0.000437851664026414,-0.000382
-1.8347081628428113e-05,-0.00035
-0.0003991581081154845,-0.000318
-0.0003762125529726616,-0.0003
-0.0005817505624566875,-0.0003
-0.0008001746554019967,-0.0003
-0.00031750896829112917,-0.0003
-0.00027162697038174633,-0.0003
-0.0002717344451398778,-0.000266
-0.000208347493534358,-0.000234
-0.00021728637962065383,-0.000216
-0.00019185511813386326,-0.0002
-0.00021268743038152656,-0.0002
-0.0002675811936635506,-0.000216
-5.13027349552143e-05,-0.00015
-0.00015837634636261882,-0.000134
-0.00017584354878566648,-8.4e-05
-2.9194261038999995e-05,1.6e-05
3.156084943138191e-06,5e-05
3.300091946266149e-05,8.4e-05
0.0001950447212494317,0.000184
8.194179859317219e-05,0.000232
-2.279182559543909e-05,0.0002
0.00018714834426176297,0.0002
0.00044205840162575615,0.000234
0.0002581448696877667,0.000266
0.000248996359499907,0.0003
0.0002786587813076971,0.000334
0.00046854965732276926,0.000334
0.0003620501995840229,0.000332
0.00032463778065963645,0.00035
0.0003373125832236718,0.00035
0.00033714834348959934,0.00035
0.00037016995799456155,0.000368
0.00035429990661105433,0.00035
0.0003288329648457797,0.000366
0.0003162359922313841,0.00035
0.0002912822232055231,0.000316
0.0002488805218683221,0.000334
0.0003243176048936705,0.00035
0.0003453774504152932,0.000366
0.00034103670489404067,0.00035
0.0003623125650148662,0.000384
0.00039582054767192324,0.000384
0.0003706446299580764,0.000416
0.00035803669093415223,0.000384
0.00041231256804477134,0.0004
0.00046598627881922703,0.0004
0.00038647073680843683,0.000366
0.0003826969507150591,0.0004
0.0003912822292653334,0.000384
0.0004329911927689697,0.000382
0.00044482678887145633,0.0004
0.0003911448335660961,0.000368
0.0003832138709685203,0.000382
0.00042083295543074895,0.000384
0.0003832138709685203,0.000384
0.00043223597006960196,0.0004
0.0004169424835841861,0.0004
0.00037880568991817046,0.000416
0.0004411448365960012,0.000416
0.00039103670792394585,0.000418
0.0005455645818284344,0.000432
0.0004412822717427548,0.000434
0.0004247934466187262,0.0004
0.0004121626280353539,0.0004
0.0004576413934332227,0.000384
0.00040404472365808094,0.000366
0.00018991558752949077,0.000334
0.00033714834348959934,0.000332
0.00030786534761724244,0.00035
-3.789412969315654e-05,0.00035
0.0002055520800309253,0.00035
0.00034529987687450934,0.000368
0.00038705018137521737,0.00035
0.00040326176935476146,0.00035
0.00040776565007963035,0.0004
0.00028272252636956275,0.00035
0.0006625571183477775,0.00035
0.00036649100373034447,0.000332
0.00029971472152520706,0.000318
0.0003619606537220451,0.000332
0.00026578946304083685,0.000334
0.0004234291542678443,0.00035
0.0003704673528198702,0.000366
0.00036479412936962346,0.000334
0.0005403095020508593,0.000434
0.0003700540611917022,0.00045
0.0004868920817897382,0.00045
0.00043716264927406463,0.00045
0.00047880573542549704,0.0005
0.00034401163933503416,0.000516
0.000436246125680588,0.000516
0.0005247708886992187,0.0005
0.0004458205901493447,0.0005
0.0005077949261965277,0.00045
0.0004993466094228115,0.00045
0.00047915543765740586,0.0005
0.0008258991452920535,0.000684
0.0005186117507433146,0.000766
0.0005967878523384855,0.00085
0.0006967878189507794,0.000884
0.0007940744670501137,0.000934
0.00085698173685755,0.000982
0.0009112584423660111,0.000984
0.0009906292908870504,0.000916
0.0009532617632362017,0.000818
0.000923323859698402,0.000632
0.0005155725562982851,0.000634
0.0006202655150285411,0.0008
0.0001876714577752817,0.000716
0.000693783338320085,0.000734
0.0007195319156279104,0.000784
0.0007576413721651372,0.000832
0.0007653759255791062,0.00085
0.000798880594644795,0.000668
-0.000621478037769572,0.0006
0.0007348601159276613,0.000566
0.0006682800456685493,0.000566
0.0005989661836355232,0.0005
0.0005570997061993418,0.00045
0.0005192885517802982,0.000384
0.00047334454237530786,0.00045
0.00044497692611845523,0.00055
0.0004570286551626936,0.000616
0.0004977846850153178,0.0007
0.0005767305654433674,0.000784
0.0006603169727927137,0.0007
0.0006985263498887024,0.000666
0.00071141898163769,0.000568
0.0006775804682416409,0.00055
0.0006194252829315689,0.000482
0.000564867790002157,0.000484
0.0005200431038718892,0.000516
0.0005073099978787774,0.00055
0.0005073099978787774,0.000534
0.0007025002926797345,0.000534
0.0005331971543113289,0.000466
-0.0002502712684879503,0.000416
0.0004862653790984425,0.000434
0.0004613830692483405,0.000384
0.0004242622069168518,0.000366
0.0003993391477824224,0.00035
0.0003827162405505248,0.00035
0.0003621483450045519,0.000316
0.0003450447303391471,0.0003
0.00017358569644859365,0.000284
0.00031189207118507024,0.000266
0.00029103670186413555,0.0003
0.00028714836018345233,0.000284
0.0002831971983330776,0.0003
0.00028714834045969416,0.00035
0.0008105613197983279,0.00045
0.00034439264317111896,0.000566
0.0004139748469337062,0.00075
0.0005253115958050028,0.000784
0.0006341182598765054,0.000734
0.0007064108038645725,0.000632
0.0007235944575405293,0.000584
0.0006198135648344092,0.000534
0.00031147073226357914,0.000366
0.0002952617872676264,0.000334
0.0004491274359924003,0.000366
0.00042838991612638135,0.000384
9.994810556665455e-05,0.000166
0.0001534622264830204,0.0001
0.0001829012372823033,0.000216
0.00021389361237804505,0.000218
0.00017380739149014217,0.000366
0.00022265900828769843,0.000566
0.0010106360455138014,0.0009
0.0014305968285757995,0.001168
0.0007423720275596908,0.0014
0.0010007943635696975,0.001566
0.0012522849031222326,0.001716
0.0014574544333565956,0.00185
0.001628836534728505,0.001934
0.001763042034428408,0.00155
0.001027094653840352,0.001584
0.0017253928515112505,0.001366
0.001603406298877138,0.0012
0.0014211781817963873,0.001066
0.0012992027533618685,0.000868
0.001120474419926347,0.0006
0.0009278989826376902,0.000482
0.0004030046504435847,0.00035
0.00023257252415896575,0.00015
-0.00042878595417524657,-0.000182
-0.00017194593693865517,-0.00025
-0.0001291942572369312,-0.000134
0.0002042998777975808,0.000216
0.00027896524906175234,0.0003
-1.2851648134099416e-05,-6.6e-05
-0.00020497883343327628,-0.000116
-9.217138253590625e-05,-8.4e-05
-0.00013408103527866682,-0.000166
-0.00010894299704233722,-6.8e-05
-0.00010942946381322273,0.0001
0.00013168949530888792,0.000234
2.1189757398311688e-05,0.000366
0.00020866261530916484,0.000434
0.0002803247090918887,0.00055
0.0003931641519249697,0.0006
0.00048520712057893673,0.000616
0.000548232299012563,0.00065
0.0006031051748347116,0.000618
0.0006205472491898828,0.00055
0.0006075966690394655,0.0006
0.0006036007934293764,0.000582
0.0005868750859700276,0.000568
0.000469879078069251,0.0005
0.0005615607074740037,0.000532
0.0005447053754761268,0.00055
0.00028613309945670236,0.000618
0.0005489287843601753,0.00065
0.0005863017557682721,0.000616
0.0006075967084869818,0.0006
0.0006205472491898828,0.00055
0.0006578900432480177,0.000566
0.00046928854875039305,0.000518
0.0004652309377773104,0.0006
0.0005577656591693458,0.000566
0.0005617740790896151,0.000566
0.0003596690686057395,0.000534
0.0005659189479687307,0.000484
0.00041570296372732873,0.00055
0.0005327360917409341,0.000616
0.0005448290039921789,0.0007
0.0005855162373763937,0.00075
0.0006520950453149845,0.00085
0.0007268993704552867,0.000916
0.0008019103216859149,0.000968
0.0008689805667824437,0.000982
0.0009277140526813238,0.000834
-0.0007872261659699429,0.000734
0.0005777894945706502,0.00065
0.0007969340964009922,0.000616
0.00070641072496954,0.000616
0.0006528029704423208,0.000518
0.00016552140124595843,0.0005
0.00034922283375073685,0.000466
0.000295666992154955,0.000434
0.0006351187277846468,0.000416
0.0002195411949427034,0.000416
0.00043249099826241533,0.000418
0.00042080569719699275,0.0004
0.00041231256804477134,0.000416
0.0004576292830457217,0.000416
0.00041231256804477134,0.000384
0.00040366697424209,0.00035
0.00039082132448500366,0.000416
0.00039082136393251993,0.000418
0.0003992820672263511,0.00035
0.00010337745074060854,0.00015
-0.00026539832590213955,6.6e-05
-2.8048281105144787e-05,-0.000284
-0.00037134121863355345,-0.00035
-0.00010985187767953275,-0.000266
-0.0002927708982843407,-0.000334
-0.00018534708662013417,-0.000332
-0.0003213008213469676,-0.00045
-0.0007170196066432792,-0.000618
-0.0004363951433824466,-0.000916
-0.0005844431315760787,-0.00115
-0.0007901822839456662,-0.001366
-0.001019389789391465,-0.00135
-0.0012000238323389457,-0.001384
-0.0013148458481694765,-0.001066
-0.0012947424471278157,-0.000784
-0.0011520193608155916,-0.000734
-0.0005841686163102182,-0.000716
-0.0008285053093360858,-0.000734
-0.0007426304332242208,-0.000682
-0.0007170289951521562,-0.00075
-0.0007211287755201526,-0.00075
-0.0008598350001436214,-0.000784
-0.0003863266989117787,-0.000734
-0.0007549553363187659,-0.0007
-0.0007427514582041978,-0.0006
-0.00044577469767321555,-0.00055
-0.0006478392350053778,-0.000532
-0.00040051912632251436,-0.0005
-0.0005463991973634092,-0.00045
-0.0002801905527980612,-0.0004
-0.00047174351046448687,-0.000384
-0.0004346284469178927,-0.00035
-0.0004797862278757116,-0.0005
-0.00040988522901022845,-0.0005
-0.00043517641236667397,-0.00045
-0.0005216269855312719,-0.000566
-0.000505023092002226,-0.000668
-0.0005480233305040919,-0.000666
-0.0007635292539843487,-0.000616
-0.000546487796484996,-0.0006
-0.0005059216275282746,-0.00055
-0.0006090278493632907,-0.000518
-0.0003926304120148849,-0.000482
-0.0006402445624841723,-0.0005
-0.0005131249017928529,-0.000534
-0.0005089852794334037,-0.000584
-0.0004846322369093617,-0.0006
-0.0006758616460471785,-0.000616
-0.0005802588151806732,-0.000616
-0.0004298347847383591,-0.000584
-0.000604333003212063,-0.00065
-0.0006170810598138484,-0.0007
-0.0006385667807213356,-0.000784
-0.0006813114782126763,-0.00085
-0.0007479050395223593,-0.000932
-0.0008186151858419784,-0.000884
-0.0008638369506712193,-0.00095
-0.0009049788166806737,-0.001016
-0.0009466743680287715,-0.000984
-0.0009597145334886827,-0.001016
-0.0009921786559696796,-0.001068
-0.0010217485930755284,-0.00105
-0.0010303008935021844,-0.001132
-0.0010675470016978932,-0.001184
-0.001109819749104343,-0.001234
-0.0011516887117340507,-0.001232
-0.0011965369874790599,-0.001168
-0.0012052225416157429,-0.001066
-0.0011766943345200744,-0.001034
-0.0011269633241037494,-0.001066
-0.0010847534560382655,-0.001034
-0.001050400034212086,-0.001
-0.0011330384782974726,-0.000932
-0.0010092334740574342,-0.000934
-0.0009760846215886791,-0.000916
-0.0009463008000495073,-0.000918
-0.0009252065562936799,-0.000932
-0.0009252064773986473,-0.000884
-0.0007129387610831019,-0.000884
-0.0009050255225399608,-0.0008
-0.0008761796051480947,-0.000666
-0.0008107107714228657,-0.000584
-0.0005376874500759099,-0.0005
-0.0005385765970930815,-0.0005
-0.0003852926611672748,-0.0005
-0.00055168473062356,-0.00055
-0.0005130393401300203,-0.000616
-0.0005426816634282607,-0.00065
-0.0006845327623928993,-0.000684
-0.0008351735174897095,-0.000716
9.402348802603262e-05,-0.0007
-0.0006881079696892743,-0.0007
-0.000700285260177863,-0.0007
-0.0007041794400909571,-0.000734
-0.0005675517445483129,-0.000716
-0.000712851660967134,-0.0007
-0.0007128515820721015,-0.0007
-0.00037272491916244993,-0.000566
-0.00035113312388365957,-0.000468
-0.0009229122887462665,-0.00035
-0.000569246725428252,-0.0002
0.00023714833742978904,0.00025
0.0007505411348131079,0.000418
2.1695696449425747e-05,0.000566
0.0007869607386475133,0.000766
0.0004952896296099895,0.0007
0.0006091911770954145,0.000584
0.0005992291802266271,0.00055
0.0004994016387080357,0.000466
0.000670119404458109,0.00045
1.2082985148156344e-05,0.000434
0.00047388907589017193,0.000466
0.0004536669772719952,0.000534
0.0004700540672515125,0.000534
0.0004909201860206361,0.000532
0.0005157749615043679,0.000518
0.0005293261695378133,0.00045
0.0005076471163529898,0.0005
0.000499229213614333,0.000382
0.00046119143321420475,0.000368
0.0004236782653332142,0.000416
0.0004152277000510695,0.000434
0.00041147549174910233,0.000366
0.0002691134093822041,0.0004
0.0002809022996254036,0.00035
0.0003866961004690003,0.00035
0.0003659911642514367,0.000184
0.0003189738076519597,0.0001
0.00024331769229241228,0.000116
0.0001850452295164108,8.4e-05
0.00012005406576593466,6.6e-05
9.103669467545456e-05,3.4e-05
7.426219556939488e-05,-8.4e-05
-0.000441361388445748,-8.4e-05
-1.8685615282287432e-05,-0.000116
-6.391988004325261e-05,-0.000116
-0.00010040010484831632,-8.4e-05
-0.00010040010484831632,-8.4e-05
-5.189309674642558e-08,-1.6e-05
-7.59060966248127e-05,0.000116
9.570497785540062e-05,0.000334
0.0002038205510271437,0.00025
0.00016770066942150804,0.000284
0.000243996268467629,0.000432
0.00043271624358042995,0.0005
0.0003639438776035136,0.0006
0.00045115030462774,0.00055
0.0003505411697451412,0.000434
0.0005194760458252236,0.000416
0.0004980821981831753,0.00035
0.00030788203391663306,0.0003
0.00037367455423677784,0.000334
0.0003489531902531381,0.000384
0.0003412485972277912,0.000432
0.0003612584484845708,0.000484
0.0004071183163373151,0.000566
0.0004648265218403076,0.000668
0.0005352873598569753,0.000782
0.0006222311847652607,0.000818
0.0007060404705816442,0.000916
0.0007938003068118998,0.001016
0.0008807402658635888,0.001018
0.0009399508300244775,0.001032
0.00099435053288873,0.001034
0.0010247935224251042,0.00105
0.0010332139103572872,0.00105
0.0010412822686541002,0.001116
0.0010617154509319437,0.001184
0.0010986233361229838,0.001234
0.0011442767356754674,0.001182
0.001177959313039623,0.001118
0.0011784778900887684,0.001032
0.0011396298182565318,0.000934
0.00106418873130828,0.00095
0.0010066808008454906,0.001016
0.0009819629082432843,0.000918
0.0009535745031453471,0.000732
0.0009013859913592014,0.000568
0.00021810483197956009,0.000432
0.0006579924490003059,0.000334
0.00023271362792473427,0.00025
0.00021183784451411964,0.000166
0.0003321214675937606,0.000284
0.00025698177939372077,0.000566
0.0003127724805773836,0.0008
0.0004478744645324882,0.000984
0.0006520009629886334,0.001134
0.0008657397955291734,0.001282
0.00104556871466918,0.0014
0.0011961237897606088,0.001484
0.0013217373837275009,0.001416
0.0013936958861476261,0.001284
0.00139421533104213,0.0012
0.0013432522169020099,0.0011
0.0012471261936269533,0.001084
0.0011649941767556949,0.00105
0.0011071147295844885,0.000982
0.001052875025846307,0.000968
0.0009650332176772011,0.00095
0.0010028496580634274,0.0009
0.0008118750798808426,0.00085
0.0002619938032996764,0.000766
0.0008648143567970152,0.000634
0.000785001774988563,0.0006
0.0003134890644345455,0.0005
0.000622640176614153,0.000432
0.000539512149404094,0.000618
0.0005474918296842876,0.00085
0.000596058664999869,0.001032
0.0007273602752356164,0.001134
0.0009036358410032725,0.00105
0.001329249768729726,0.001066
0.0010695419170588677,0.001068
0.0010786991057003112,0.00095
0.0010322910751612042,0.000866
0.00098539499995056,0.000734
0.0009014791663926779,0.0007
0.0008100017962272738,0.000632
0.0009088976663061332,0.000518
0.0004164188178054393,0.000416
0.0002659710005108024,0.000234
0.00026071177874401687,-0.0001
-0.00030846937269574554,-0.000368
-0.0004177843574621583,-0.000466
-0.0001817320373323065,-0.000534
-0.0005754581707907564,-0.000582
-0.000489493393789267,-0.000584
-0.0005172638929920412,-0.0006
-0.0005756141068226499,-0.000616
-0.0005958445683142801,-0.000618
-0.0006048445586033088,-0.000616
-0.0006758435790847178,-0.000566
-0.0006045468876453861,-0.000568
-0.0009227861355891718,-0.000532
-0.0005335090113604316,-0.00055
-0.0005338028164617579,-0.0005
-0.0002091713746358281,-0.0005
-0.0004256823813836321,-0.000484
-0.0004880301276200141,-0.000466
-0.00048405176670715766,-0.000568
-0.0005054581192118696,-0.00065
-0.00011343592121955663,-0.000632
-0.0005347345273490062,-0.000634
-0.0009541524336918244,-0.000616
-0.000633303061937693,-0.0006
-0.0006208445895529908,-0.000584
-0.0006348147696569499,-0.000566
-0.0005463330438785913,-0.00055
-0.0005754687427251221,-0.000518
-0.0005551038835454927,-0.000482
-0.0005297993669285411,-0.000434
-0.00041705753697451924,-0.000416
-0.0004634958632061368,-0.000518
-3.183340489559104e-06,-0.0004
-0.00027568237229391674,-0.000266
-0.00020443542417262646,-0.000216
-0.0004265664791187186,-0.000468
-0.0005002852875057587,-0.0005
-0.00040453780259701896,-0.00045
-0.00044771153127552726,-0.000416
-0.00042967383887189685,-0.0004
-0.0003717344709234462,-0.000416
-0.00045028528447585366,-0.000484
-0.0006007771251986699,-0.000534
-0.0003723114697442168,-0.0006
-0.0005101724129886282,-0.0006
-0.000605653745504961,-0.0007
-0.0006099713550579096,-0.000732
-0.0006594661537466915,-0.000784
-0.0007056649546593975,-0.000784
-0.0006216100686065939,-0.00085
-0.0009628516366691434,-0.000932
-0.0009062396381963275,-0.0009
-0.0011102277153178118,-0.00085
-0.0008838665848574181,-0.000868
-0.0009087177311696513,-0.000866
-0.0008714526881661234,-0.000834
-0.0005136982319946085,-0.000716
-0.0008225408448730718,-0.000584
-0.0002957542350463039,-0.000516
-0.0006827921012890967,-0.000466
-0.0005728280470896519,-0.000468
-0.000509690482682116,-0.000466
-0.00047953261979348456,-0.000466
-0.0003136382202027112,-0.000434
-0.0009139198329328492,-0.000434
-0.0004504001161957732,-0.0005
-0.0004219459520881808,-0.0005
-0.00046781986325672426,-0.000482
-0.00047967147505082456,-0.000518
-0.0005424465562311737,-0.000566
-0.0005172774629376449,-0.00055
-0.0005297994063760574,-0.000534
-0.0005003198435300286,-0.000566
0.0005517445875204559,-0.0006
-0.0005631079423907533,-0.00065
-0.0004411435987083121,-0.000616
-0.00040613408579120107,-0.00055
-0.0010644680441564435,-0.000568
-0.0005969788421976763,-0.000532
-0.0005672774659675501,-0.000568
-0.0005548737072879418,-0.000616
-0.0005717419386236455,-0.0008
-0.0007398438606735111,-0.001016
-0.00075437190755284,-0.001134
-0.0009919857576150227,-0.0013
-0.0010670145391230138,-0.001416
-0.0012202969365956852,-0.00155
-0.0013537915920520465,-0.00155
-0.00145658897928203,-0.0016
-0.001530695872334329,-0.00165
-0.001588529244806509,-0.0017
-0.001626387026189807,-0.00175
-0.0016763870686672285,-0.001634
-0.0016846286015605536,-0.001334
-0.001608504835895391,-0.001032
-0.0013844083873451934,-0.000784
-0.001203914619765639,-0.00055
-0.0009322210347452953,-0.000334
-0.000681456960652753,-0.000232
-0.00017134122623769103,-0.00015
0.0003491472720332838,-0.0001
1.2540707007015458e-05,-0.000118
-0.0001512561288435887,-0.000132
-0.00016702900127071602,-0.000134
-0.00023793877174651943,-0.00015
-0.00026388079967423,-0.000166
-0.00014584458049265019,-0.000168
-0.00019210994908909522,-0.000166
-0.0001835561496568202,-0.0002
-4.034956006837178e-05,-0.000234
-0.00026388079967423,-0.0002
-0.00021750898195507703,-0.000216
-0.00018380279525242202,-0.000184
-0.000179673803998613,-0.0002
-0.00020028528905008614,-0.000182
-0.00019584460324631347,-0.0002
-0.00017584354878566648,-0.000234
-0.000221610064091111,-0.000216
-0.00020898535987276366,-0.000234
-0.0002252291173018421,-0.000266
-0.00027945272645337724,-0.000284
-0.00016048183782082747,-0.000284
-0.0002628373734208491,-0.00025
-0.00018035431310212794,-0.000282
-0.0002753621965279508,-0.0003
-0.0002379498367748387,-0.000284
-0.00035243986230827466,-0.000284
-0.00028768743492638425,-0.0003
-0.0003043330244801485,-0.000316
-0.00023380279828232715,-0.0003
-0.00023837914409462034,-0.000284
-0.000292205043386922,-0.000316
-0.00020158968034748203,-0.000316
-0.00030433298503263216,-0.0003
-3.8041876901555144e-06,-0.000268
-0.0003004886470563702,-0.00015
-0.00019823579334125082,-0.000116
-2.0844587710705943e-05,-3.4e-05
7.080574502081027e-05,0.0001
-5.238892231625328e-05,0.000118
1.4602467195212239e-05,0.00015
0.00018215986066115326,0.0002
0.00014105699838343032,0.000232
0.0001739074797008484,0.000284
0.00021529108009012664,0.000366
0.0002689429961118322,0.000468
0.0002106360167590772,0.000516
0.00040626770954355865,0.000566
0.0006033854099904342,0.00055
0.0005240678156163861,0.000534
0.000541036677566145,0.000534
0.0005539745161688006,0.000582
0.0005495113452807427,0.000568
0.0005456669875807226,0.000582
0.0005660109001292022,0.00065
0.0005947053390585156,0.000618
0.0006153836482025836,0.000616
0.0006159011996163054,0.0006
0.0006205472491898828,0.000634
0.0006166969743624191,0.000666
0.0008198957066829451,0.000716
0.0006529391827160694,0.0007
0.0006782137586681569,0.000668
0.0006869698449639659,0.000632
0.0006782006226452325,0.00065
0.0006618751496861598,0.00065
0.0006496801472627569,0.000618
0.000729194584743091,0.0006
0.0006289652308235721,0.000632
0.0006245418624794505,0.000718
0.0006408750277041998,0.000816
0.0006894206008085009,0.001034
0.0007962811611113639,0.001132
0.0009208979163416133,0.001234
0.0010501679005934048,0.001316
0.0011763687102877866,0.001368
0.0012602873051718092,0.001432
0.001335701173333821,0.00145
0.0013901801657058162,0.001518
0.0017612585333219148,0.00155
0.0014863017708590482,0.001566
0.001519895749101617,0.001584
0.0015538961945520356,0.001632
0.0015822359214148712,0.001534
0.0015781193364049354,0.00135
0.0010214462428778516,0.0012
0.0014248707849012407,0.0011
0.001291940623402986,0.001066
0.0011762638587894884,0.001
0.0004082769293382621,0.000934
0.0010234205910681549,0.000966
0.0009902854663350687,0.000918
0.00095371864436987,0.000882
0.0009242481150050715,0.000918
0.0009413695993953556,0.000966
0.0009202580776273932,0.001016
0.0010050898825135239,0.000984
0.0009701193437425072,0.001034
0.000999339065798735,0.00105
0.0010203898383916114,0.000932
0.0009988534668732081,0.000684
0.00025203841388986753,0.000466
0.0006764638668455425,0.0003
0.00017802905482159495,0.000184
0.00010326178076096785,0.0001
0.00011529119237286525,1.6e-05
-8.408104211064072e-05,-8.2e-05
-0.00012520653740083498,-0.00015
-0.0005331048321085266,-0.000268
-7.410026822409934e-05,-0.0003
-0.0006609284731755535,-0.000232
-0.00016655614389295047,-0.000218
-0.00026285165342174605,-0.000266
-0.00023423265786733685,-0.000334
-0.00026361251711594326,-0.000432
-0.0006136894807058024,-0.0005
-0.0002555459734048795,-0.000634
-0.00047770639702684944,-0.000766
-0.0006257655883151078,-0.000718
-0.0005015058331072807,-0.000582
-0.00047916702021251093,-0.000468
-0.0005985304313559021,-0.0004
-0.0004049552756619137,-0.000382
-0.00013606918023779244,-0.000368
-0.00040545298497494177,-0.000332
-0.00037112094370259134,-0.000334
-0.00035453779956711384,-0.000316
-0.0003379724857089993,-0.000318
-0.00028030082832984925,-0.000316
-0.0003211942736054689,-0.000366
-0.0007307588609868779,-0.000334
1.9716322399000162e-05,-0.0004
-0.0002234906060876772,-0.000366
-0.0003670810841118391,-0.000318
0.00014814503659104706,-0.0003
-0.0003469788270481507,-0.000282
-0.00027119425085180563,-0.000284
-0.00014304268258186185,-0.000266
-0.0003131248896732323,-0.000268
-0.0002752065366286713,-0.000266
-0.00020527989687759985,-0.000284
-0.0007210382829177838,-0.0003
-0.00027984457835644174,-0.000316
-0.00029196330900709824,-0.000466
-0.00034330500096105125,-0.000668
-0.0006522833921905839,-0.0008
-0.000579559055689209,-0.0009
-0.0007125270079080692,-0.0008
-0.0007940441168954027,-0.000666
-0.0007935626994066022,-0.0006
-0.0007443885301302236,-0.000534
-0.0006524398410401892,-0.0005
-0.0005765794269937771,-0.000516
0.00013234308148253506,-0.000484
-0.0005089633466143466,-0.000482
-0.0004958446017019861,-0.000468
-0.00048793876717228695,-0.000416
-0.00046318493788274077,-0.000366
-0.00043413775926276417,-0.000368
-0.00033709316112338396,-0.000316
-0.0004055369687371227,-0.000316
-0.0003421346720477662,-0.00035
-0.0003380583629519622,-0.000384
-0.000342200943875133,-0.000416
-0.0003674274727523796,-0.00045
-0.0004009218460163167,-0.000484
-0.0004344275012699126,-0.000516
-0.0009243821032032236,-0.00055
0.0002299758716754331,-0.00055
-0.0005256824268909586,-0.000568
-0.000546469413942405,-0.000532
-0.0005503198071124174,-0.000518
-0.0008824067900695987,-0.000516
-0.0005340196200112865,-0.000466
-0.0005086225595211192,-0.00045
-0.0002804680660751598,-0.000468
-0.0002736280048168196,-0.000432
-0.00045436301368224414,-0.000434
-0.00044636301793116124,-0.0004
-0.0003303817579394229,-0.000366
-0.0004086900087141645,-0.000334
-0.00022332332889485042,-0.000334
-0.00035917864206854084,-0.000316
-0.0003379498033871327,-0.000316
-0.00032522912336165234,-0.000284
-0.0003129498215959383,-0.000266
-0.00029603474633464044,-0.0003
-6.151698389785627e-05,-0.0003
-0.00028785163521294045,-0.000318
-0.0002964694185166375,-0.000316
-0.000308717734258306,-0.000366
-0.00038955326905918466,-0.000368
-0.00033785161851908747,-0.000366
-0.0003341686406082088,-0.0004
0.0006013136264348952,-0.00045
-0.0003968438801248285,-0.000484
-0.00042612466693627314,-0.0005
-0.0006683918643625465,-0.00055
-0.0005380393219212147,-0.00055
-0.0005500519190292936,-0.00055
-0.0004968948129281688,-0.00055
-0.0005217344800131615,-0.00055
-0.0005500519190292936,-0.000566
-0.0005541794310012418,-0.00055
-0.000554179470448758,-0.000534
-0.0005502852905356639,-0.000532
-0.000545844565284375,-0.000534
-0.0005376874500759099,-0.000534
-0.000533556151142398,-0.000616
-0.0005548892890568762,-0.00065
-0.0007898438242558999,-0.000616
-0.0006050608493351256,-0.000618
-0.0006253621980135285,-0.00065
-0.0006339127627494678,-0.0007
-0.0006468438952743541,-0.00075
-0.0006807435917681686,-0.000716
-0.0007048948602463885,-0.0007
-0.0007170087980238159,-0.000584
-0.000946882572019749,-0.0005
-0.000613296977918719,-0.00035
-0.0002835561557166305,-0.000266
-0.0004280828021973813,-0.000216
-0.00033566977639309996,-0.000134
-0.00013305751029725414,-0.000134
-0.0001967897262891002,-0.000132
-0.00015488932398890964,-0.000234
-0.00015958225693559727,-0.000284
0.00028298836318183955,-0.000266
-0.00023045879287892653,-0.000266
-0.00026294983828979127,-0.00025
-0.0002668027955483626,-0.00025
0.00015117799832850277,-0.000268
-0.0006008905762555194,-0.000266
-0.00025871779039967523,-0.000266
-0.00010664189521272665,-0.00025
-0.00020846942580720967,-0.0002
-0.00010820503263134623,-0.000134
-0.00021377669464883614,-8.4e-05
-0.0003492263492887607,-6.6e-05
-0.00022723206494145543,-3.4e-05
6.124613747287621e-05,-1.6e-05
-4.220503809927537e-05,-1.6e-05
9.728509742978295e-05,-3.4e-05
-0.00022667392203347143,-8.4e-05
-3.819211130026996e-05,-0.00015
-7.228969625955213e-05,-0.000166
-0.0002921179432709542,-0.0002
-0.0006890136846632876,-0.000184
-0.0006667801177419789,-0.000216
-0.0001960347797223465,-0.000234
-0.0003975445469091675,-0.0002
-0.00019617945348833924,-0.0002
-0.00022536221322180377,-0.000232
-0.0002169127919176315,-0.00025
-5.3438310075533445e-05,-0.000234
-0.0001917177816059004,-0.0002
-0.0001589633254050107,-0.000166
-0.00019570012671790216,-0.000184
-0.00019661459904053176,-0.000216
-0.00022935534722951076,-0.000218
-0.00020484459353534216,-0.0002
-0.00023380279828232715,-0.0002
-0.00019617945348833924,-0.000216
-0.0005058150403392596,-0.00025
-0.00029603478578215677,-0.00035
-0.0003126874167175787,-0.0003
-0.00038416864363811394,-0.000366
-0.0002883331710442898,-0.000334
-0.0002584694091133567,-0.000284
-0.0004924391765157223,-0.00025
-7.318755131594464e-05,-0.000266
-0.00026765292897192353,-0.0003
-0.0005938105754793466,-0.000316
-0.00025462254649605216,-0.0003
-0.0003126874167175787,-0.000284
-0.00020005189781995767,-0.000266
-0.0002587177706759171,-0.00025
-0.00026268741368767353,-0.000268
-0.00027116703206556564,-0.000266
-0.0003088687393506632,-0.0003
-0.00011863689872854029,-0.000234
-0.00021705752485489868,-0.000216
-0.00024617943679448623,-0.000234
-0.00024587369881948234,-0.00025
-0.0005117585976186401,-0.0003
-0.0002711288074222809,-0.0003
-0.0003004886470563702,-0.0003
-0.0002380583963396682,-0.000282
-0.00028810792572627516,-0.0003
-0.00037148780560408625,-0.0003
-0.00029570009333019614,-0.000334
-0.0003002852753861383,-0.000334
-0.0004552293205874839,-0.000382
-0.00033822597544867745,-0.000384
-0.00041737844251953657,-0.000384
-0.0003715326179825914,-0.000382
-0.0004253622253414243,-0.0004
-0.0003345517548864151,-0.00035
-0.0002392473839281583,-0.000334
-0.0002266943558469095,-0.000334
-0.00035517322015950957,-0.000332
-0.00026268741368767353,-0.000268
-0.00024185512116376838,-0.00025
-0.0004384393531240991,-0.0003
-0.00028827827982537256,-0.000316
-0.0002675989055983647,-0.000316
-0.0004090797896226238,-0.000318
-0.00032161008987467943,-0.000366
-0.00040433299109244247,-0.00035
-0.0002549325250790572,-0.000366
-0.0003504886303625172,-0.000384
-0.00041680278491431987,-0.000384
0.00013691604467030644,-0.0004
-0.00038427747933555745,-0.000382
-0.0004505191293524195,-0.0004
-0.00038768740153867823,-0.0004
-0.0005291942814761722,-0.00045
-0.000413524499073058,-0.00045
-0.00036678609558502413,-0.000418
1.6189916611215173e-05,-0.000432
-0.0004378373840255171,-0.000434
-0.0003448912250385794,-0.000466
-0.00023232308249878134,-0.000468
-0.00045042544150123126,-0.000416
-0.0004221436630398252,-0.0004
-0.0003714527762096209,-0.0004
-0.0003505634623009189,-0.000466
-0.00042117321469158043,-0.000468
-0.00048380281343185283,-0.000466
-0.000651217362510369,-0.000484
-0.000845574249634672,-0.0005
-0.0004798445707523041,-0.0005
-0.0006431025350393666,-0.000466
-0.00048785162760880285,-0.000484
-0.00048785162760880285,-0.000482
-0.0004833030134004614,-0.000468
-0.0004752065290245337,-0.00045
-0.0006970230294757312,-0.000432
-0.0003797001078878407,-0.0004
-0.000438124877524237,-0.000334
-0.0004050972867205569,-0.000284
-0.0003126874167175787,-0.000316
-0.0003587177372882111,-0.00035
-0.0003126874167175787,-0.000366
-0.00043408107318185576,-0.0004
-0.0004584693817854609,-0.0004
-0.0006335090568677582,-0.000368
0.00014703670931149045,-0.000366
-0.00038391278704745844,-0.000366
-9.84241886192405e-05,-0.000384
-0.00037522912639155747,-0.000384
-0.0003752290869440412,-0.000382
-0.00020925498364660427,-0.0004
-0.00038768744098619456,-0.0004
-0.00034196331203700336,-0.000418
-0.00032240030252099624,-0.000432
-0.0004128373627868064,-0.00045
-0.00028022313644651654,-0.000434
-0.00043378612410255714,-0.000384
-0.00042561405828541826,-0.000332
-0.0004011466574116521,-0.000334
-0.0005017147471535514,-0.00035
-0.00033378611804274683,-0.00035
-0.00034171775124809954,-0.000366
-0.0003502852784160434,-0.000368
-0.00035059837335283534,-0.000382
-0.00039235857918013206,-0.000368
-0.00022178619725134484,-0.00035
-0.0003631078908236166,-0.000332
-0.00030844657203133005,-0.0003
-0.0002505191369565571,-0.00025
-0.0002380583963396682,-0.00025
-0.0005418938570804375,-0.000234
-0.0002940647570948872,-0.00025
-0.00020962243726084355,-0.000234
-0.00020028528905008614,-0.0002
-0.00010913465280023111,-0.00015
5.2652713010488105e-05,-8.2e-05
-9.331752653577039e-07,5e-05
-0.0001071219123146988,-0.0001
-0.00020470013673068902,-0.0002
-9.211791142757546e-05,-0.000282
-0.00045994582342515463,-0.000368
-0.000239959036845784,-0.000382
-0.00030981504581893866,-0.000468
-0.0005040692116108229,-0.000416
-0.0009100781971114531,-0.0005
-0.0004426316773653113,-0.000516
-0.00047594849735842806,-0.000534
-0.0004926224102288884,-0.000566
-0.0005296101371928991,-0.000568
-0.00030288975820165443,-0.0006
-0.0006366362981691465,-0.0006
-0.0005142632782179432,-0.000616
-0.0006092009450647702,-0.0006
-0.0007137767052241294,-0.000584
-0.0006043330426595793,-0.0006
-0.0006002852935655691,-0.0006
-0.000593101782506652,-0.000666
-0.0007087177190500307,-0.000734
-0.0006513766515811472,-0.000782
-0.0006972076438519673,-0.000768
-0.0009398605196450059,-0.00075
-0.0007589525531444089,-0.000766
-0.0007667860409292326,-0.000784
-0.0007673030400777264,-0.0008
-0.00077546867594971,-0.000816
-0.0007919631815160844,-0.0008
-0.0008002852662376733,-0.00075
-0.0007921179735700055,-0.000716
-0.0007714878692908436,-0.000718
-0.0007468439802291969,-0.0007
-0.0006084693908751762,-0.0007
-0.0008805069187900505,-0.000716
-0.0006132845519510878,-0.000734
-0.000712851660967134,-0.00075
-0.0007254687123673212,-0.00065
-0.0007134445571369694,-0.000482
-0.0003133332120067586,-0.000334
-0.0002291942632967415,-0.000234
-0.00020484459353534216,-0.000232
-0.00025820505158294073,-0.000268
-0.0002680239723101452,-0.00025
-5.279369328090268e-05,-0.00025
-0.00021750900167883514,-0.000232
-0.0002668027955483626,-0.000218
-0.00023783737190589656,-0.000166
2.854726605836786e-05,1.6e-05
0.00022883295878596942,0.000234
0.0003412822459591864,0.00035
0.00040828225475296123,0.0004
0.0002463320742496955,0.0005
0.0005247708492517024,0.000516
0.0005538205525127216,0.000534
0.0004413695690963041,0.000516
0.0004578900705759134,0.000484
0.000616778630721139,0.00045
0.0006225886187103623,0.00045
0.0005197222772219043,0.000434
0.0004623125710746765,0.000466
-4.8673794679598466e-05,0.000466
0.0004536669772719952,0.000468
0.0004817235104153866,0.000516
0.0004784673940782796,0.000484
0.00047477088566931356,0.000482
0.00042854727226886125,0.000484
0.0005082822608127715,0.000466
0.0004452999223818359,0.000468
0.0004910366745362398,0.0005
0.0004623125710746765,0.0005
0.0004995999019249081,0.000482
0.00043694162484029305,0.0005
0.0004412822717427548,0.000468
0.00048319723017645633,0.000482
0.00026125844242476056,0.000484
0.0005778136364506195,0.000484
0.0005123126135520979,0.0005
0.0004873125528658709,0.000516
0.0005035306102380866,0.000516
0.0002449817463195802,0.000534
0.0005121483935417836,0.000534
0.0005033774355323333,0.000516
0.0004997147336448277,0.0005
0.00042431759122972263,0.000484
0.0007474979167214168,0.000466
0.0003952998799044145,0.000384
0.0002664910173942923,0.0003
0.00020415540126916948,0.000216
0.00021694247146456555,0.000216
0.00024968016247103213,0.000268
0.0002972907505442329,0.000332
0.0003827136370144497,0.000434
0.00038731258625357694,0.0004
0.0003538205798406173,0.000334
0.0002785472631791459,0.0003
0.0002326215376979558,0.000282
0.000274770873549693,0.000284
0.00029128224292928126,0.000266
0.00028269696437900697,0.00025
2.767493893822994e-05,0.0002
0.0001997147154653968,0.0002
0.0004183274464336038,0.000218
0.0002164910143643872,0.000232
0.00024957458119368256,0.000234
0.00023630179373021045,0.000216
0.0002120612160751105,0.0002
0.00022015541249509335,0.000218
0.0002792998823424385,0.000282
0.00025779495049451826,0.000268
0.00022854726014924072,0.000216
0.00022838992373051895,0.0002
0.0002161971895393028,0.000216
0.00022017000807612058,0.000218
0.00024971471849530194,0.000232
0.00019495199986239257,0.00025
0.00020764135855993885,0.000234
0.000295666992154955,0.000216
2.8458242413705324e-05,8.4e-05
4.088203395973069e-05,6.6e-05
6.671363472926245e-05,6.6e-05
5.363695073114593e-05,3.4e-05
-8.416861559680403e-05,-0.0001
-0.00015871776461610682,-0.00015
-0.00013330305136239986,-0.000134
-8.805837738807369e-05,-0.000116
-8.408104211064072e-05,-5e-05
-3.7851649649051975e-05,-3.4e-05
-0.0001418687244970781,-0.00015
-0.00011401984307943604,-0.000116
-0.00013003475560463838,-0.000116
-0.00011296197903509313,-0.000118
-0.00012536219730011443,-0.0001
-3.0399200216889815e-05,-0.000116
-6.374153782210654e-05,-0.000184
-0.00013030082910201292,-0.000166
-0.00012953259858414863,-0.00015
-0.00021358113358682957,-0.00015
-0.00016285164736193578,-0.0001
-4.633301357953991e-05,-6.6e-05
-2.0844587710705943e-05,-0.000118
-0.00010925499731055214,-0.000132
-0.00018768740914281584,-0.00015
-0.00012546874504161312,-0.000134
-8.442748006057661e-05,-0.000116
-0.00010145986237344115,-0.0001
-0.0001299552688593145,-0.00015
-0.00017569753380411988,-0.000134
-0.00019171776188214228,-0.000134
-3.5019446183874e-05,-0.0001
-0.00022995526505724569,-0.00015
-0.00016268740762786328,-0.00015
-0.00021268741065776843,-0.000182
-0.00015871776461610682,-0.000184
-8.768741294488463e-05,-0.00015
1.9978834525294667e-05,-0.0002
-0.0002381079621438863,-0.000216
-0.0003598346148169235,-0.0002
-0.00016268740762786328,-0.000184
-0.0001424693918276225,-0.000166
-0.00013358117607600091,-0.000118
-0.00013819211736008024,-0.000116
-1.776399802826986e-05,-0.000116
-0.00018330305439230498,-0.00015
-0.00010516680465046583,-0.000168
-5.6119350658288995e-05,-0.00015
-0.0001461794504584341,-0.000132
-0.00018005395971309757,-0.00015
-9.186872146717295e-05,-0.000134
-0.00016705752182499353,-0.000166
-0.0002091179824225299,-0.0002
-0.0002087177873697701,-0.000184
-8.797250014511085e-05,-0.000166
-0.00017935534419960566,-0.000184
-0.00017919426026683635,-0.000184
-8.642851449564993e-05,-0.000216
-0.0005455742709027574,-0.000184
-0.00019234746258467596,-0.000182
-0.0001793412219887739,-0.000184
-0.00022070012823285473,-0.0002
-0.00022518116884579187,-0.000234
-0.0002676529092481654,-0.00025
-0.0006427157126946291,-0.000282
-0.00034260863395598785,-0.000284
-0.0002917177679419525,-0.0003
-0.00031296197143095553,-0.0003
-0.0002545377737835454,-0.0003
-0.0004595776597556222,-0.000334
-0.0002879387945001827,-0.0003
-0.00029196330900709824,-0.00025
-0.00024220504035701688,-0.000232
-0.0006141339358718392,-0.00025
-0.00023768741217272096,-0.000234
-0.00028830390098720277,-0.000234
-0.0002381079621438863,-0.000232
-0.0003418687168929405,-0.0003
-0.00021699908335951536,-0.000268
-0.00027967379033466515,-0.000232
-0.0002457001100240492,-0.000268
-0.0004900146532695201,-0.0003
-0.00024674485776922573,-0.000316
-0.00032161008987467943,-0.000316
-0.0003334246998984999,-0.0003
-0.0004172837290329248,-0.00035
-0.000313246821946084,-0.000318
-0.0003214527337321995,-0.000282
-0.0003131248896732323,-0.000284
-0.00022640558030391023,-0.000316
-0.0003004254126877577,-0.000318
-0.00030608516481119144,-0.000282
-0.0003004254126877577,-0.000318
-0.00022584355181557163,-0.0003
-0.0003048736921384161,-0.000332
-0.00030846937269574554,-0.0003
-0.0004466403734181947,-0.000384
-0.00041699907575537776,-0.000434
-0.00023057427548286486,-0.000432
-0.0003888483419430864,-0.0004
-1.3584538608307627e-05,-0.00035
-0.0004048439153234276,-0.000368
-8.555714844644601e-05,-0.000366
-0.0003838028073720426,-0.0004
-1.601162101212914e-05,-0.000316
-0.0003632468249759891,-0.000284
-0.00024288168360393542,-0.000284
-0.0004683401759965864,-0.000366
-0.00025910995788287007,-0.000334
-0.0003204535675920958,-0.000232
-0.00019617945348833924,-0.0002
-0.0006676314740385448,-0.000234
-0.0002591938627500184,-0.000234
-0.00021268741065776843,-0.000216
-0.0002977459993150491,-0.000234
-0.00032178622303491325,-0.00025
-0.00022536221322180377,-0.000266
-0.00024196330597719311,-0.000316
0.0005936176526918577,-0.00035
-0.00036748471109851607,-0.000318
-0.00010470019970403221,-0.0003
-0.0003005191399864622,-0.000316
-0.0003088834532742393,-0.0003
-0.00027084458806741303,-0.000284
-0.0002845136258320159,-0.000282
-0.0003843401614389419,-0.000418
-0.00040031987691773466,-0.000432
-0.0004418551530071471,-0.0005
-0.000704431273034951,-0.0004
-0.000313246821946084,-0.0003
-0.00026268741368767353,-0.000268
-0.0003692550761820849,-0.000282
-0.00020051915365041007,-0.00025
-0.00018038174884970747,-0.000284
-4.358917748179057e-05,-0.000366
-0.0004099615599542492,-0.0004
-0.00044636301793116124,-0.0004
-0.0003636764478759011,-0.000484
-0.0005165561651022864,-0.000534
-0.0004343324722031705,-0.000466
-0.00037536218286400287,-0.000384
-0.00040533996784077156,-0.000366
-8.642125615265261e-05,-0.000316
-0.000413363592654112,-0.000418
-0.00040497886527665497,-0.0005
-0.00047638707484453784,-0.000532
-0.00044357202725862704,-0.000634
-0.0005965788838300142,-0.0007
-0.0008274240529145831,-0.00075
-0.0005229189705847946,-0.0007
-0.0006970230294757312,-0.000666
0.0006175931430374902,-0.0007
-0.0007047448018944222,-0.0008
-0.0007177450464678482,-0.000884
-0.0007646258949372044,-0.000916
-0.0008270756524507118,-0.00095
-0.0008888808375480441,-0.000884
-0.0002565989656809607,-0.000766
-0.0008807189097425918,-0.0007
-0.0005934801236353872,-0.00075
-0.0007766738764673953,-0.000634
-0.0006041794734786631,-0.000584
-0.0009538638356626483,-0.00055
-0.0004558365756532487,-0.000616
-0.0005713543273285821,-0.000634
-0.0005967959240646406,-0.000766
-0.0006434443872155338,-0.00085
-0.0006663177928510627,-0.00095
-0.0006681817668907872,-0.000934
-0.0008768233097189112,-0.000732
-0.0006144838353413296,-0.000634
-0.00044779050520313935,-0.000466
-0.0005009219309711594,-0.0004
-0.0005566614687261944,-0.0005
-0.000469516422037315,-0.000534
-0.0002649645215655009,-0.0005
-0.00048474501735843416,-0.0004
-0.00048474501735843416,-0.000266
-0.00028768741520262614,-0.000268
8.899858450600838e-05,-0.000216
-0.0002891921209877415,-0.000216
-0.0006409043616416351,-0.000284
-0.0002467587630187179,-0.000284
-0.00010630397792630936,-0.000316
-0.00025988170909156325,-0.000334
-0.0004293553396253732,-0.0004
-0.00042546873363540674,-0.000432
-0.00043408107318185576,-0.000434
-0.0003551668296618706,-0.000434
-0.0003717994409827755,-0.0004
-0.00039304271745514566,-0.000432
-0.0005206738151951621,-0.000518
-0.00044708490747926414,-0.00055
-0.000476516699383066,-0.00055
-0.0008548445737528344,-0.000716
-0.0005854250197040475,-0.000816
-0.0007269934377669537,-0.00075
-0.0007104317136328214,-0.000634
-0.0007306269484924049,-0.00055
-0.0006452384602563928,-0.000416
-0.0005905217177037191,-0.000368
-0.0002670196188216493,-0.000316
-1.4998224180523867e-05,-0.000284
-0.00021318496218073135,-0.00015
-7.167436431482698e-05,-5e-05
-0.0002989769393371134,-3.2e-05
4.1794960432815675e-05,5e-05
0.00017856329253470739,0.000132
2.32048678166586e-05,0.000268
0.0001017525976827536,0.000382
0.00014881230119096769,0.00035
0.0006405504929876838,0.000284
0.00037791764743145504,0.00025
-4.866715270404318e-05,0.000216
0.00011132354639162097,0.000234
-7.830921119862346e-06,0.000266
0.0002036669818462276,0.000218
0.00023300090446211458,0.000266
0.00024548201972116713,0.000284
0.0004017428821875399,0.0002
0.0002411502879573868,0.000116
0.00010734005237070727,0.0
-1.3030143214371113e-05,-6.6e-05
5.995303309607875e-05,-0.00015
-2.7411346714311452e-05,-0.0002
-0.00010590496629903828,-0.00025
-0.00024186873055688838,-0.000184
-0.0001968948341962543,-0.00025
-0.0003806786824244412,-0.0002
-0.00022173446183373083,-0.000234
0.0005599381916814889,-0.000266
-0.00023810794242012814,-0.0004
-0.0004662892207296484,-0.000484
-0.00034850797056960756,-0.000432
-0.00039749803828746183,-0.00045
-0.00044225499303226026,-0.00045
-0.0004421179918081859,-0.000468
-0.0004503198405001235,-0.000432
-0.0004503198405001235,-0.000384
-0.00044318410038343334,-0.0004
-0.00042179940456516435,-0.000384
-0.00040048863339242234,-0.000382
-0.00038768740153867823,-0.000434
-0.00024407075008745811,-0.00035
-0.00038824680676718357,-0.00025
-0.00035566489400254533,-0.000184
-0.00010888343129273968,-6.6e-05
-0.00021505899533710973,0.000116
8.269694239750737e-05,0.0002
0.0001747708872136409,0.00015
0.000295666992154955,0.00025
0.00023731257716386154,0.00025
0.00024582053858220786,0.000234
0.00029128224292928126,0.000284
0.00041568951212427393,0.000316
0.00027021379784910736,0.000334
0.0003247934800064322,0.000316
-0.00026829923707881524,0.00025
0.0001497147124354917,0.000184
0.00017479346105483772,0.000166
0.00017874990887239522,0.000116
6.61972026388153e-05,8.4e-05
0.0001497147124354917,0.0001
0.0002078900357026296,0.00015
0.00011189206892732876,0.000334
0.00016453370447121595,0.000532
0.0011761722616566636,0.0006
0.00039963019155760837,0.0005
0.0004890734505455303,0.00035
0.00025779495049451826,0.000268
0.00013630180739415833,0.000232
0.00033494293147262865,0.000268
0.00021196985562738337,0.00025
0.0002541263314795691,0.000182
7.865877411901605e-05,8.4e-05
0.00019420949898702825,3.4e-05
0.00013541699960377865,-1.8e-05
-0.0003915597669752641,0.0
2.4035400755563083e-05,-3.2e-05
-2.1194260356977592e-05,-3.4e-05
-0.00014636305892300487,-0.000116
-4.6564516259825996e-05,-0.000218
-0.0003052946760322606,-0.000282
-0.00016485402301256294,-0.000318
-0.00023540282899055676,-0.000332
-0.0002885941360883048,-0.000318
-0.000292205043386922,-0.0003
-0.0003172863659567059,-0.000266
-0.000521606985640513,-0.000266
-0.0003173324406557324,-0.000234
-0.00015141232128433805,-3.4e-05
3.703802450731532e-05,5e-05
0.00036477724583265143,6.8e-05
7.659460246704615e-06,0.00015
-0.00020385810977172558,0.000166
0.00017479346105483772,0.00015
1.5119636461120042e-05,0.000134
1.8436216977215144e-06,1.6e-05
-0.00012246805137248242,-5e-05
1.5991160300389136e-05,-8.4e-05
-0.0004534277525185298,-0.000116
-0.00010896329278946831,-0.000134
-9.679592335122649e-05,-6.6e-05
-0.00012135533555673854,-5e-05
-0.00011310794470724437,-0.0001
-0.00018475424962157328,-3.4e-05
2.43024653717844e-05,5e-05
-3.484013256763929e-05,0.000218
3.05476488389631e-05,0.000232
0.00011370754224577498,0.000318
0.00046206121150087806,0.000416
0.0006703899355248242,0.000616
0.00039195421770532975,0.00085
0.000802641363057797,0.0008
0.0006662639225584951,0.000568
0.0004997147336448277,0.000516
0.0006610327874233079,0.000584
0.0005041554588961166,0.0005
0.0005411324166881803,0.000616
0.0005869606870803764,0.000716
0.0006020824979748991,0.00055
0.0002658034669091197,0.000334
0.00031045756225519253,0.000284
0.00026640111650466793,0.000282
0.00035976603060077975,0.000268
0.0002792998823424385,0.000266
0.0002747934572527689,0.00025
0.00022054726439815786,0.000234
0.00025415538457531647,0.0002
0.00010337745074060854,0.00015
0.00020754895275303003,3.2e-05
0.00015210214515450242,-0.00015
5.465982729400959e-05,-0.00025
-0.0002752065366286713,-0.00025
-0.00027135535450833304,-0.000282
-0.00025478972507008823,-0.000334
-0.00021374154691182197,-0.000334
-0.00047707567068889215,-0.0003
-0.0002417177649120474,-0.000216
-0.00018437845285763872,-6.6e-05
7.880574077189314e-05,5e-05
7.463779509574799e-05,6.6e-05
-4.429971107614155e-05,0.000284
8.036367111836249e-05,0.000432
0.00027453124961199075,0.000384
0.0004246377867194467,0.000416
0.00040404472365808094,0.00045
0.0004745418533897351,0.00045
0.0004243176306772389,0.00045
0.00042454185035983,0.000434
0.0004458205507018284,0.0004
0.0004329911927689697,0.0005
0.0004621626310652591,0.000466
0.0005410367170136613,0.000484
0.0003449745137601513,0.00045
0.0002483773885218041,0.000316
0.0004273542610337096,0.000218
0.00015828222974155647,0.000182
0.0002889251946596927,0.000218
0.0002159911551617213,0.00025
0.0001662360028654268,0.0001
0.00018611164380990953,8.2e-05
0.000160697403926398,1.8e-05
0.00024277079192657082,5e-05
9.553059517870213e-05,6.6e-05
5.3410941117503195e-05,5e-05
4.556457248587598e-05,1.6e-05
4.504472695253488e-05,0.000118
6.158655228016861e-05,0.000182
0.0005174581870244526,0.000218
0.00013159717825889078,0.000266
0.0001946600192086947,0.000334
0.00024858766350738677,0.000332
0.000286294637035909,0.000234
0.00029043201088692957,0.00025
0.0002863617964323923,0.000234
0.0005060012870783478,0.0003
0.00025382678676462265,0.000382
0.0002900697840685987,0.000368
0.00029152024951881563,0.000332
0.00013125598682862144,0.00025
0.0002533167698265121,0.00025
0.0002987196382030393,0.000334
0.00035736959398617585,0.000384
0.0004397840945215854,0.000266
0.00017463780115555826,0.0002
0.0003071649175180012,0.0002
0.0002606360197889823,8.4e-05
3.896122814204158e-06,3.2e-05
0.00012718071323012002,-6.6e-05
6.012077379722195e-05,-0.00015
-0.0001545468406524818,-0.000166
-0.00015433301539043306,-0.0002
-8.034933665526513e-05,-0.000318
-0.0004481229688704296,-0.00035
-0.0006290887654299074,-0.000316
-0.00029741538968102447,-0.000384
-0.00034796347650225976,-0.0004
-0.00036330390553206046,-0.000616
-0.00043178940917051753,-0.0008
-0.0005542394306735184,-0.00085
-0.0006708847896019952,-0.0009
-0.000844655911455446,-0.000866
-0.0008548948298885877,-0.000668
-0.0008232362256902279,-0.000616
-0.0004389846361417727,-0.00065
-0.0007024216587650847,-0.00075
-0.0008795417958565049,-0.000834
-0.0007146259313548156,-0.000932
-0.0007940800141352264,-0.001
-0.0008813566971859649,-0.000834
-0.000901742463549228,-0.000616
-0.001162815988234038,-0.0004
-0.0007181051233965413,-0.000368
-0.0005591483190481345,-0.000416
-0.0004524152925654364,-0.00035
-0.0004133039085619656,-0.000334
-0.0003791670141527007,-0.0004
-0.00037584352145777073,-0.000532
-0.00040592994489440146,-0.000718
-0.00049963692812802,-0.00085
-0.0008047360506056162,-0.0009
-0.0007535299397651511,-0.000782
-0.0005043329971522527,-0.000534
-0.0007699870490860827,-0.0004
-0.0006717644692152572,-0.0003
-0.0005125629324757887,-0.000316
-0.000389799579350898,-0.0003
-0.00033003051725437874,-0.000334
-0.000312851636727893,-0.000366
-0.0004256975686774037,-0.000418
-0.0004472487330144156,-0.000382
-0.00047190335180049306,-0.000584
-0.0006287333433081365,-0.000716
-0.000528323832581722,-0.0007
-0.0005988075107103215,-0.000734
-0.0002984339639991428,-0.000916
-0.0007686614547486811,-0.001
-0.0009191421318243874,-0.000868
-0.000881890343186333,-0.0008
-0.0008978065481638992,-0.000716
-0.0008485777835249755,-0.000584
-0.0007712500796626488,-0.00055
-0.0006649981945361371,-0.000566
-0.000605631694343355,-0.0005
-0.0005507771616162811,-0.000584
-0.0005507771616162811,-0.000566
-0.0005547959167858183,-0.000466
-0.00032522908391413607,-0.000418
-0.0003218183727606894,-0.000316
-0.00045639897889299206,-0.0003
6.190435626421765e-05,-0.00035
-0.000347124940648488,-0.000384
-0.00033830388429334973,-0.000382
-0.0003478150749459776,-0.000334
-0.0003630301003214931,-0.000334
-0.00043590745373855614,-0.000366
-0.0003545179969139364,-0.000316
-0.0003379498033871327,-0.000284
-0.0005138188624994226,-0.000334
-0.00025479593805390386,-0.00035
-0.00032161008987467943,-0.000382
-0.0007227009168343653,-0.0004
-0.00036714522577332623,-0.0004
-0.0003835090022707163,-0.000384
-0.00025066087188258625,-0.0003
-0.00024348008270229317,-0.000266
-0.0003589632980771149,-0.0003
-0.00031358113964663985,-0.00025
-0.0003637767234623097,-0.0003
-0.0002795417397738851,-0.000418
-0.0003185328285764303,-0.000416
-0.0003548438728460062,-0.000334
-0.0005684285444928857,-0.000316
-0.00025417945226932723,-0.000234
-0.0003266041454369651,-0.000132
-5.433300933062278e-05,-6.8e-05
-0.00018985400480375737,-6.6e-05
-4.5955274025428084e-05,-0.0001
-0.0002043330184203382,-0.000184
-0.00015568736696720996,-0.000266
-0.00015592551162305133,-0.000284
-0.00021031345912744969,-0.000266
-0.00027084458806741303,-0.000234
-0.00016801369017234143,-0.0002
-0.000246795942302821,-0.000266
-0.00024217864996861898,-0.000334
-0.00025972709455146547,-0.0004
-0.00030185260410336366,-0.0003
-0.00032622911789959816,-0.0002
-0.000255724098664686,-0.0002
0.00024283597894723968,-0.0002
-0.00022607493122236928,-0.000232
-0.00018000210595293467,-0.00025
-0.00022103478123729903,-0.000284
-3.933438809853347e-05,-0.000334
-0.00027596459954921194,-0.000316
-0.00029679594533272614,-0.000284
-0.0003050347563474273,-0.0003
-0.0005109952487309167,-0.0002
-5.0660874555784284e-05,-0.000116
-0.0001972294280294242,-0.0001
-0.000180972357063598,-0.000166
-0.00014648781169327127,-0.000184
-0.00014235862320188084,-0.00015
-0.00015077715710079821,-6.6e-05
-0.00014262240874331056,-0.0001
-0.00012612468820435857,-0.000218
-0.00013491944292801065,-0.000166
-0.00020436305770399286,-0.00015
-0.00015954527488907562,-0.0001
-7.561409624735671e-05,-1.6e-05
-0.00010944971025095847,8.2e-05
0.00025779495049451826,0.00025
0.0002334438408987743,0.00025
0.00017029988599359954,0.000184
0.0002038205510271437,0.0002
0.000245820558305966,0.000266
1.0355648675715446e-05,0.0003
0.0005060322533786352,0.00035
0.0002776470314098969,0.000334
0.00031169609592414263,0.000266
0.00031169611564790074,0.000268
0.00030355805358980365,0.000316
0.0005265128121235427,0.000334
0.0003454531501990533,0.000316
0.00024114488364765512,0.000316
0.00033983057735972264,0.0003
0.00027080574727855175,0.000284
0.00017887905017884888,0.000216
0.00027805407060673294,0.000168
0.0005254853621142592,0.000182
0.0001162139092263994,0.000134
0.00020788202785682278,0.000116
0.00013269693556553343,0.000118
0.00013683783996926196,-8.4e-05
6.877373195810064e-05,-0.000166
-7.08565891835775e-06,-8.4e-05
-5.659896342321916e-05,-0.000166
-0.00012601794322527845,-0.000134
-5.048865163060265e-05,-5e-05
-0.00010478971598037278,-5e-05
6.130180038383086e-05,1.6e-05
0.00016196985259747825,0.00015
1.4474776817717117e-05,0.0002
7.651087164985635e-05,0.00015
0.00024064135582597428,0.000168
0.00016649101133448205,0.000166
-0.00013276493793081193,0.00015
0.00015828223960343555,0.000166
-8.960413817576763e-05,6.8e-05
9.563694568261936e-05,8.2e-05
7.03980352161973e-05,0.0001
0.00010306748201948256,0.000118
0.00014525515099517435,0.000132
0.00024086533882346762,0.000184
0.0002910146704262877,0.000234
0.00016586227709609747,0.000166
0.00017808510974224272,0.000234
5.913189852793031e-05,0.00025
0.0003741048082969504,0.000232
0.00021969916252168582,0.0002
0.0003911502378758278,0.0003
0.0003698267646028405,0.0004
0.0002811000500245643,0.000384
0.00033702747629968746,0.000384
9.1106086320473e-06,0.000366
0.000291369599454105,0.000366
0.00033234708766318,0.000318
0.0003494808599547883,0.000332
0.0004615554548945268,0.00045
0.00032761823775291046,0.00045
0.00038594454638864753,0.00035
0.0003941384661298109,0.000368
0.00040335967809019266,0.00035
0.00046937300588276946,0.00035
0.00035429986716353806,0.000282
0.00024065944251219315,0.000184
4.556457248587598e-05,5e-05
0.00021370270612296066,-5e-05
-4.603476077075199e-05,-8.4e-05
2.2416338469825986e-05,-0.000232
-0.00030923433893163685,-0.000384
-0.0004586900117440696,-0.000384
-0.0004589633435844415,-0.000516
-0.00033328635745887166,-0.0007
-0.0004992119600350303,-0.000666
-0.0008713008941234403,-0.000784
-0.0006689039720190204,-0.000866
-0.0007559255085343966,-0.000568
-0.00023355615268672535,-0.000316
0.00026803434229785537,-0.0001
-0.00021762405036009427,-5e-05
-0.00015040011774010054,-0.000116
-0.00014801488422012295,-0.000234
-0.00012667390611178207,-0.000366
-0.0005254687396952169,-0.000468
-0.000504894848126768,-0.000516
-0.00039868047758824786,-0.000616
-0.0010270807138524174,-0.000668
-0.0010377285452394188,-0.00055
-0.0005889578998154436,-0.0004
-0.0003061701742087959,-0.000182
-0.0005062901462254537,-6.8e-05
-0.00015417944620951696,-0.000116
-6.285166102588362e-05,-0.0001
-0.00011753226965363583,-0.000116
-0.00012161008761693794,-0.000134
0.0007917580299985456,-0.000234
-0.00014729563765561145,-0.000332
-0.00020614541483251382,-0.000368
-0.00026925972492919685,-0.000332
0.0004097005113061276,-0.0003
-0.00036349092620679025,-0.0003
-0.0006152833970490071,-0.00035
-0.00026268741368767353,-0.000284
-0.000309117968758582,-0.00035
-0.0005351643080389833,-0.000416
-0.0006395945463107494,-0.0004
-0.0002795417594976433,-0.0003
-0.0003676284184003597,-0.000218
-0.0003354878050004552,-0.000182
-0.00027708066840384044,-8.4e-05
-0.00019792295481331476,1.6e-05
3.666982053955919e-06,5e-05
-5.22505749456855e-05,0.000184
0.00020370534455581944,0.00015
9.828526948155209e-05,0.000266
0.0001605791599963194,0.000384
0.00024376419872929625,0.000416
-0.00025771783530924574,0.00045
0.0003772811617561195,0.0005
0.0004364331858028341,0.000518
0.0004699978939883158,0.000566
0.0005074695236346533,0.000566
0.0005367740578509044,0.000618
0.0005818579536107125,0.0006
0.0005869416339300085,0.00055
0.0008982831286228802,0.000632
0.0006519507463003965,0.00055
0.0005821334550644802,0.000418
0.0005355978118101758,0.0005
0.0005230727125704602,0.000682
0.0005351236132168564,0.000634
0.0005558955313170801,0.000484
0.0005728940972466052,0.000432
0.0005554435022279156,0.000434
0.0004939573686423348,0.0004
0.0004367531840549768,0.000534
0.00044875071221183295,0.000716
0.0005179525038510798,0.00055
0.0003698267646028405,0.000384
0.000543083964214068,0.000432
0.0005173252883420723,0.000434
0.0004484839286591652,0.000366
0.0002748188417295014,0.000268
0.00019515541098014079,0.0002
0.00021657527425918217,0.000266
0.00030429988385739104,0.0003
0.0003700447515778578,0.00035
0.00040828225475296123,0.000416
0.0005161971682712174,0.000534
0.0007679965818763012,0.000534
0.0005368920848196434,0.00055
0.0004855161918690671,0.0006
0.0005538267852202954,0.00055
0.0003325007949104031,0.0004
0.00025331716430167505,0.000316
0.0005931641640445904,0.000284
0.00038494699759671167,0.0002
0.0001247934580249326,0.000132
0.00010730999336329447,0.000118
0.00018186780111242284,0.0002
0.00014922918254311804,0.0003
0.0003201470359576921,0.000366
0.0002436531342471824,0.0005
0.0003387984133722425,0.000584
0.00014262667422787492,0.0006
0.0006208057093166134,0.0006
0.0005699694978363975,0.000566
0.0006849895401987029,0.0005
0.0003030621983100412,0.000384
0.00036650074726686803,0.000332
0.00044320817838305426,0.000318
0.00023668319204145816,0.00025
0.0005529276185339862,0.0002
0.00015828222974155647,0.000182
0.0001373125908278094,0.000118
-0.00017816154401412816,0.000116
0.00015306747518750862,0.000134
0.00013683783996926196,0.000232
0.00015222396894668433,0.00035
0.00040356456848980176,0.000384
0.0003208057305846987,0.000316
0.0003190988760023564,0.0004
0.0003616961186778059,0.000384
0.000257652525236954,0.00025
0.00033602239303214026,0.000266
0.00032332609157172695,0.000368
0.0003993391477824224,0.00045
0.000349282064196446,0.0004
0.0002192991252589912,0.000316
0.00038229107521995363,0.000266
0.00029449305379392944,0.000284
0.0003152237689633884,0.000266
0.0005192991237146639,0.00035
0.00029064133913212127,0.000434
0.000407369597016081,0.000434
0.0003692722508663551,0.000432
0.00040331715366763226,0.000284
0.00027805407060673294,0.00025
0.00034791978366889483,0.000316
0.00020363694256257295,0.000168
9.103669467545456e-05,0.00015
0.00021934902636709774,0.000182
0.00028300092721577784,0.000234
0.00018272253017163155,0.0003
0.00020811656306492362,0.00025
0.00024045472962640736,0.0002
0.0002609992919664949,0.000234
7.030600416069325e-05,0.000132
-0.0006163812214273515,5e-05
0.00015225398850658085,0.000118
0.00013186779808251772,0.000116
0.00030290271200168165,0.000116
5.839869593745654e-06,0.000184
0.0002326969416253437,0.000234
0.00016126539885157542,0.000216
0.00018666679856853461,0.00025
0.00021996523601906036,0.000184
0.00019128223686947098,0.000216
0.00016169609669630628,0.00015
0.0003035645821537496,0.000234
0.00023716261743068594,0.000232
0.00022880573999972946,0.000234
0.00021160352626735837,0.000284
0.00026694249421822883,0.000282
0.00024957458119368256,0.00025
0.0002619698783810467,0.000234
0.0002619698586572885,0.000284
0.00029968016550093726,0.0003
0.0002663470931311091,0.0003
0.0003238796980153377,0.000282
0.000598536797420709,0.0003
0.0002534622325428307,0.000284
0.00025363696531623624,0.000266
0.00028269696437900697,0.000268
-0.00012364493843535068,0.000232
0.0002620274914785879,0.000218
0.00017932619763787256,0.000166
0.00015752022206938688,0.000134
9.566698003533449e-05,0.0001
0.00011172174441386858,3.2e-05
8.282237910129453e-06,0.0
-9.403296653703048e-06,-3.2e-05
2.3787455857393464e-05,-1.8e-05
0.00019004843690247566,1.8e-05
-4.2358631934889145e-05,5e-05
4.9339126573086454e-05,8.2e-05
-4.843915738884215e-06,0.0001
0.00015803669853828984,0.0001
8.731258286696473e-05,0.0001
8.696065678132504e-05,0.000118
4.115027583776628e-05,0.00015
0.00018993746117727345,0.00015
0.0001021616980123158,0.000116
0.0001166969440633677,0.000116
0.00014496523147420264,0.000118
8.714834806383178e-05,0.0001
2.080573829270049e-05,0.0001
0.00012477088418373576,0.000132
0.000321430875099101,0.00015
0.00011996523982112916,0.000118
0.0001417949627944213,0.000166
0.0001497147124354917,0.000166
0.00019582055527606084,0.0002
0.0002038205510271437,0.0002
0.0001538205381353595,0.000184
0.00024223935498711495,0.000184
0.00018714834426176297,0.000182
0.00018731259385771455,0.00015
0.00017463780115555826,0.000168
-4.011251008110745e-05,0.00015
0.00017887119026122815,0.00015
0.00018994376291800075,0.00015
0.00013706123125401096,0.000116
0.00016169609669630628,8.4e-05
9.137744725210517e-05,6.6e-05
7.046739627718357e-05,0.000116
9.566698003533449e-05,0.000134
9.933912960299159e-05,0.00015
0.000157794954296587,0.000184
0.00021671363642256856,0.0002
0.00030691247313750477,0.000266
0.0001989531811634227,0.000234
0.00024064713488711073,0.000216
0.00021231257564890895,0.0002
0.00017865877524788677,0.000184
0.0001834438378688692,0.000182
0.00013731258096593034,0.0002
0.00018731258399583547,0.000184
0.0001997147154653968,0.000184
0.00013283138256292806,0.000166
0.0001538205381353595,0.000166
0.0003610224339946091,0.000268
0.0007749655378941182,0.0004
0.0002476167417889465,0.000566
0.0005951554352193819,0.000634
0.0004634542216436189,0.000616
0.0005517099131536371,0.000566
0.0005947499147519231,0.000584
0.0006456669541930166,0.00065
0.0006032040697580501,0.00075
0.0007034622598119769,0.000666
0.0006610328268708242,0.000584
0.0006799344987762333,0.000584
0.0007081312678400348,0.000616
0.0006988805096899521,0.000516
0.0005081165812443545,0.0005
0.0005528159820628861,0.000584
0.0005528159426153699,0.00055
0.0005366961095587158,0.0006
0.0005484839347189755,0.000784
0.000955378911435474,0.0007
0.0006955865631847231,0.000582
0.0006644814865349415,0.000484
0.00037032617015906905,0.000384
0.0003412822459591864,0.000316
0.0002821023719659712,0.000266
0.00018714834426176297,0.000184
0.00028687510723811305,0.0002
0.00022409391169273904,0.000184
0.00023731257716386154,0.000266
0.00020765944524615772,0.000316
0.00026945472901690134,0.000368
0.00039951137563854356,0.000382
0.0003950447333690522,0.000384
0.00038250077821655004,0.0004
0.00033270304232642075,0.000366
0.00036231260446238254,0.00035
0.0001229243558080904,0.00035
0.0003827136370144497,0.00035
0.000353820540393101,0.000384
-0.0004795691481935689,0.00035
0.00025315608036890574,0.0003
0.0003286587843376022,0.000334
0.00024064713488711073,0.000366
0.0006310442332745921,0.00035
0.0005780965934849661,0.000384
0.00040404472365808094,0.000382
0.0002785472631791459,0.000368
0.00020203448583209154,0.000382
0.00043221612796890817,0.0004
0.0003746377836895416,0.000434
0.0002568159223114804,0.000434
0.00039130996086928513,0.00045
0.00040382054342300613,0.00045
0.0005080367000238677,0.000466
0.0004497147306149225,0.000434
0.0004497147306149225,0.000382
0.00040779495958423364,0.0004
0.00046547610409105136,0.0004
0.0004411313060979138,0.000434
0.00032753529934991123,0.000466
0.0004996801776205579,0.000484
0.00048285482573506107,0.0005
0.00043574545780383816,0.000484
0.00048319719072894006,0.000482
0.0004873125923133872,0.000518
0.0003872414229341902,0.000532
0.0005034622082448401,0.000568
0.0005242344024776778,0.000582
0.0003193462513770096,0.00055
0.00046194160663148745,0.000484
0.00047477088566931356,0.00045
0.0003871483662432626,0.000384
0.00030765252826685913,0.00035
0.00032463778065963645,0.000316
0.0003161971955991131,0.000334
0.00033278945211085353,0.000366
0.0006181753094828948,0.0004
0.00034103670489404067,0.0004
0.00042045824347351237,0.000416
0.00042880573239559186,0.0004
0.0002912822232055231,0.0004
0.00040382054342300613,0.000368
0.0003955645727387189,0.000382
0.0005152051421315621,0.000384
0.0003791554315975956,0.000366
0.00042477088263940843,0.000384
0.00037883294815192666,0.000384
0.000570086775302327,0.0004
0.00038319718466912976,0.000366
0.0004495745341420286,0.000384
0.00038319718466912976,0.000382
0.00033628195768932694,0.000384
0.0003826969507150591,0.000384
0.0005436531524266133,0.000382
0.00036571625451041327,0.000384
0.0003036669879060379,0.00035
0.00035813128607821513,0.0003
0.00028300090749201973,0.0003
0.00027080574727855175,0.000316
0.00020715027642964742,0.000318
0.00029006976434484057,0.000316
6.14606160844135e-05,0.00035
0.0003912822292653334,0.000384
0.0003832138709685203,0.000366
0.00042080569719699275,0.0004
0.0004161972016589233,0.0004
0.00039994809909138767,0.000384
0.00038731254680606067,0.00035
0.00032915538912017415,0.000332
0.000278394680186137,0.00035
0.0003784582361946901,0.000334
0.00037454184732992486,0.0003
0.000328547266209051,0.000284
0.0002614888159198929,0.00025
0.00026619719256920795,0.00025
0.0002415305817381784,0.00025
0.0002581312800184049,0.000232
0.00011509142028849475,0.0002
0.0001621483427468104,0.0002
0.0004376122720647355,0.000184
8.689206741237619e-05,0.00015
9.502116009145688e-05,0.0001
0.000157548959585004,6.6e-05
1.5789475011478584e-05,0.0
7.430246655258721e-05,-1.6e-05
-0.00017520653056886102,-0.000168
-0.0003345517548864151,-0.0003
-0.0003342837484607424,-0.000382
-0.00026434474191331406,-0.000468
-0.0005518572346122952,-0.000532
-0.0006855109030068206,-0.00055
-0.0005259646344224957,-0.0006
-0.0005386722573200842,-0.000618
-0.0007290786334780312,-0.0007
-0.0006183401850863017,-0.000832
-0.0006897705247108232,-0.000934
-0.0015802607298120417,-0.000984
-0.0008651941819166853,-0.000966
-0.0009438443243151104,-0.000916
-0.0009506609340250163,-0.0009
-0.0009423585730615723,-0.0009
-0.0009211732055431155,-0.000968
-0.0011014386508983846,-0.000966
-0.0009343324236071892,-0.001
-0.0009594032925851564,-0.001066
-0.00036270252814622284,-0.00115
-0.0012754581343143957,-0.00125
-0.0011188221456918653,-0.001268
-0.0013297925120916727,-0.00125
-0.0012306538031025332,-0.001282
-0.001246506892054036,-0.0013
-0.0010472422605330893,-0.00125
-0.0012710348054177905,-0.00125
-0.0012710348054177905,-0.0012
-0.0012508781502291386,-0.001168
-0.0012178665751170722,-0.001066
-0.0003885865287774711,-0.001
-0.0011104801005270338,-0.0009
-0.001035920192197663,-0.0008
-0.0004930081280431698,-0.0006
-0.0003006533798843963,-0.000366
-0.00030249591419901733,-0.000234
-0.00022916704451050152,-0.000234
-0.00026655614995276075,-0.000266
-0.00014263039686535924,-0.0002
-0.0001596104421859863,-0.0001
3.377449611737806e-06,-6.6e-05
-7.536219427020927e-05,-1.8e-05
-2.983000214246556e-05,-1.6e-05
-5.4682829905080505e-05,1.6e-05
6.996523679122402e-05,5e-05
7.309999630833026e-06,8.4e-05
3.257252529124522e-05,0.000116
0.00013257528928717485,0.000118
9.566698003533449e-05,0.000116
7.004472846748746e-05,0.0001
8.319720100627571e-05,0.0001
1.5547021947217432e-05,0.0001
8.291895301918624e-05,8.4e-05
4.948084300809236e-05,6.6e-05
0.00018151216202931235,6.6e-05
7.864465190818431e-05,0.000118
7.548960357167647e-06,0.0001
1.214834844991362e-05,5e-05
-7.117320334412353e-05,-5e-05
-2.2793763454676824e-05,-0.0001
-1.960943320241295e-06,-0.000118
-0.0002082050485530356,-0.00015
-0.00012130083881298422,-0.00015
-0.00011445981109049499,-0.000132
-0.0001087177517243226,-8.4e-05
-7.65412016370781e-05,-6.6e-05
-7.771652693711758e-07,-5e-05
-8.37640024222198e-05,-1.8e-05
3.2991159900584415e-05,0.0
-1.2949837933084204e-05,3.4e-05
-1.3246803766653174e-05,6.6e-05
4.5666981936368885e-05,8.4e-05
0.0001829189590789965,0.0001
0.0001497147124354917,0.0001
9.582053935437152e-05,0.0001
0.00011231257945097776,0.0001
9.948083987432307e-05,0.000116
0.00012004472656645306,0.000134
0.000140882028924927,0.000134
0.00012064465425606704,0.0001
0.0001161214639719743,8.2e-05
0.00011194161007684918,1.8e-05
-9.186872146717295e-05,-0.000118
-0.0001844689651837656,-0.000182
-5.26039310037907e-05,-0.000168
-0.0001256386356323941,-0.000132
-0.000150285286020181,-0.000134
-0.00014570012368799704,-0.000134
-0.00023527649831963873,-0.0001
-5.055172820915e-05,-5e-05
0.00010253006385036926,0.0
4.082862695361387e-05,3.4e-05
0.00013647551453214036,8.4e-05
1.5786949137701154e-05,0.000132
0.00014529988447864697,0.000134
9.49817520226834e-05,8.4e-05
4.044726539007278e-06,8.2e-05
7.794959999690226e-06,6.8e-05
5.803669494394935e-05,6.6e-05
4.948084300809236e-05,6.6e-05
7.032620375450339e-05,6.8e-05
7.083296380705022e-05,6.6e-05
1.669694663270162e-05,5e-05
-3.83456459646093e-05,1.6e-05
0.00012664331971570442,-1.6e-05
3.820546303932482e-06,-1.6e-05
7.821340526209015e-06,-0.000168
-4.777705894648067e-05,-0.000432
-0.00016221382047104638,-0.000734
-0.0009378516154304327,-0.000884
-0.0006542978979524702,-0.000916
-0.0007462472970977978,-0.000916
-0.0008643686242957729,-0.000918
-0.0009088550874213723,-0.000782
-0.0008844469367170734,-0.0007
-0.0008312980356993368,-0.000268
-0.0006730296299577029,0.00025
-0.00038517345077304714,0.000568
-4.9528622357597916e-05,0.00065
0.00014135069500408677,0.00065
0.0005254132126069652,0.000616
0.0006201652394421326,0.0006
0.0006284582513442159,0.000666
0.0006323470663950945,0.000818
0.0006728650699344262,0.001
0.0007671800971841354,0.001066
0.0010035645259536309,0.001
0.0009687095684053432,0.000984
0.0010117154873495546,0.000932
0.0009943125843780594,0.000884
0.0006984483227014813,0.000816
0.0009024642497694661,0.0007
0.0006159911399534462,0.000634
0.0007560833530617563,0.000516
0.0004927526020473288,0.000418
0.0005643122506302482,0.00025
0.00045101160716046516,8.2e-05
-1.7303053800423823e-05,-1.6e-05
-0.0001047001010852415,-0.000116
-0.00014602546707859695,-0.000168
-0.0002503198481042611,-0.00025
-0.00013960500905103117,-0.000316
-0.0002143976380027535,-0.0004
-0.0003049552301545871,-0.000416
-0.0003471609167833443,-0.00035
-0.00029570009333019614,-0.0003
-0.0005169873264553337,-0.000268
-0.0002007771404069452,-0.0003
-0.0003052292720502522,-0.000332
-0.00030056345927101375,-0.000334
-0.00027979937150277365,-0.000316
-0.00040028528144594853,-0.00035
-0.00014066153187982023,-0.00035
-0.00033785161851908747,-0.000318
-0.00015462254043624189,-0.000216
-0.0002043330184203382,-0.000216
-0.00027649049411262907,-0.000218
-0.00019662254771506414,-0.000166
-0.0001880583735860049,-0.000116
-5.869000722858669e-05,-8.4e-05
-0.00014726102246006718,0.000116
-6.515660898833244e-05,0.00035
6.188116112463926e-05,0.00045
0.00020285120720935505,0.000434
7.570215811839965e-05,0.000384
0.00027378746669234704,0.000282
0.00022481883869959624,0.000218
0.00013257528928717485,0.00015
6.168320362601809e-05,0.000132
0.000509201072362193,0.00015
0.00014948083797328867,0.00015
0.0001411448677259658,0.00015
0.0001036669807173569,8.4e-05
5.3050972669479914e-05,-3.4e-05
-0.00015031984204445084,-0.000166
-0.00030885512995754323,-0.000284
-0.00010342774117107292,-0.00035
-0.00021148568152151668,-0.000432
-0.00031041350408857085,-0.000484
-0.0005502852905356639,-0.000534
-0.00033204017097176135,-0.000566
-0.000918014642913793,-0.0006
-0.0005132845458912775,-0.000616
-0.0005797862339355218,-0.000668
-0.0006134134269868065,-0.000732
-0.0006552799044229879,-0.00075
-0.0006928198177200229,-0.000784
-0.000734547005976185,-0.0008
-0.0008134445631967797,-0.000816
-0.000788107896854052,-0.000818
-0.0008048445312754131,-0.000832
-0.000816786083406654,-0.00085
-0.0008293412022062662,-0.00085
-0.0006265793905761659,-0.000784
-0.0008296714568126442,-0.0007
-0.0007975289893794741,-0.00065
-0.0007479050395223593,-0.0006
-0.0006851856187874951,-0.000484
8.875199180573746e-07,-0.000316
2.2919335599139246e-05,-0.000166
-0.0003955855438027009,-0.0001
-0.00027016932548356464,-8.4e-05
-9.171775582233197e-05,-0.0001
-0.00018025906707404626,-0.0001
-7.945272419563575e-05,-8.4e-05
-9.220503126730144e-05,-8.2e-05
-0.00042852875636903724,-0.0001
-3.3912775700001556e-05,-3.4e-05
-7.561409624735671e-05,-5e-05
-6.714522731765356e-05,-6.6e-05
-6.310793181546015e-05,-8.4e-05
-5.896329962144225e-05,-6.6e-05
0.00017424816817528506,0.0001
-3.0856421585386004e-05,0.00035
7.067978417035749e-05,0.000682
0.0002595097340276348,0.001068
0.0005409890644139832,0.00135
0.0008530978132986911,0.0015
0.001142274853118794,0.001532
0.00135795249163746,0.00145
0.0014562916783664383,0.00135
0.0007482869459422449,0.001284
0.0014016530813435347,0.001134
0.0013016526808085614,0.000966
0.0009075489557241858,0.000866
0.0010585381901798997,0.000784
0.0009342642338662085,0.000784
0.0008481427318824998,0.000816
0.0009282138527127152,0.000884
0.0008159863000285631,0.000932
0.0008525677964698217,0.00095
0.0005715324084317984,0.000984
0.0009366035504772248,0.001
0.0009658313987218085,0.00105
0.0009951051638753534,0.001084
0.0010285120819956762,0.001032
0.0010407449145872008,0.001018
0.0010453854415084975,0.000966
0.0007815901170947255,0.000966
0.0009947565267263846,0.000918
0.000966121416861571,0.0009
0.0009367741215376618,0.000866
0.0009116035292385141,0.000834
0.0008786991724757232,0.000816
0.0008532040849075757,0.000784
0.0006747708977889341,0.0007
0.0007822238019964044,0.000666
0.0007399920011118634,0.000666
0.0007161972592858706,0.000684
0.0005863874357736534,0.000616
0.00041621388795831394,0.00045
0.000601709876736026,0.000318
0.000513454224673524,0.000366
0.0004864188299368098,0.000516
0.0005198268131400722,0.00055
0.00043507599400488436,0.000534
0.0005542998792831586,0.000466
0.0005782005771379059,0.000484
0.00047880573542549704,0.000484
0.0006400290362698493,0.000466
0.00039971472758501737,0.0004
0.0003911313030680087,0.000384
0.000465991170311247,0.00045
0.0004241564481256789,0.000532
0.0004400697339870397,0.000568
0.0005328548287649663,0.000516
0.0005154383952953836,0.000434
0.00031593830154970327,0.000332
0.0003818742333153196,0.00025
0.00038050197256614713,0.000218
9.389392758971839e-05,0.000266
5.2302674007616e-06,0.000266
0.00022477087051978788,0.0002
0.00011644382907509437,0.0001
7.309999630833026e-06,-5e-05
-5.871775855629654e-05,-6.6e-05
4.3272223073942194e-05,-5e-05
-7.11942584559432e-05,-0.000116
-0.00018391279465159604,-0.000184
-0.00022983477261873857,-0.000216
-0.0002459552565594114,-0.000268
-0.0002500519008498628,-0.000266
-0.00022967380702851813,-0.00025
-0.0002505191369565571,-0.0003
-0.00026268741368767353,-0.000284
-0.00021655614692285563,-0.00025
-0.0002588687363207581,-0.00035
-0.0003878516215489926,-0.000382
-0.00031779488388919744,-0.0004
-0.00034693839334395363,-0.000434
-0.0002133636397057659,-0.000434
-0.00022536221322180377,-0.000466
-0.0003716743529086206,-0.000434
-0.0004423474974579598,-0.0004
-0.00036721051141278585,-0.0004
-0.00042568242083114845,-0.0004
7.910270020744778e-06,-0.000366
-0.00022117320257195988,-0.000384
-0.00029689482053230645,-0.000382
-0.0003794527325131875,-0.000418
-0.0003345517548864151,-0.000432
-0.0003655577393752768,-0.00045
-0.0006325051175781834,-0.000418
-0.0004298300115888881,-0.000466
-0.0004298055146812721,-0.000534
-0.0010968150864090925,-0.000516
-0.0004846240712734897,-0.000516
-0.0005086304095768609,-0.000534
-0.0005791942450585611,-0.000566
-0.0005712434798078079,-0.00055
-0.0005419632847091075,-0.000534
-0.0005461794352501589,-0.00055
-0.0005132845458912775,-0.00055
-0.0006382467824691929,-0.00055
-0.0005461794352501589,-0.000566
-0.0005541794310012418,-0.0006
-0.0006347345334088164,-0.000568
-0.0005257377717563132,-0.000566
-0.0005252290960337566,-0.000566
-0.0009707607058951784,-0.000568
-0.00043922416146068417,-0.000516
-0.000554546884615481,-0.000566
-0.0005667861077046447,-0.000568
-0.0005550539035423535,-0.00065
-0.0005761925652015232,-0.0007
-0.0006224099064468854,-0.0008
-0.0006815841394452711,-0.000866
-0.0008050480015644357,-0.000934
-0.0007975544724749973,-0.00095
-0.0008889776417530193,-0.000916
-0.0009172837593319762,-0.000934
-0.0009338028012534827,-0.000882
-0.0009211287876397732,-0.000818
-0.0008885986300165071,-0.000766
-0.000851576820398422,-0.000734
-0.0009213621591461435,-0.000666
-0.00015056475194933592,-0.00065
-0.0004011466179641358,-0.0006
-0.000604333003212063,-0.000584
-0.0006885941997750621,-0.000566
-0.00026709878998684293,-0.000534
-0.0005716100655766888,-0.000482
-0.0008542831567009984,-0.000468
-0.0005134802844671074,-0.000482
-0.0004457001024199116,-0.000418
-0.000690046972904982,-0.000416
-0.0004931215791000191,-0.000384
-0.00042588340592664484,-0.000432
-0.00039225499000235513,-0.000434
-0.00032985296398355845,-0.000434
-0.00042169400080163807,-0.000466
-0.0003557656035116331,-0.0005
-0.0005506533753101638,-0.000516
-0.0005652308104798876,-0.0005
-0.0005507772010637975,-0.000484
-0.0006316175090141471,-0.00045
-0.0004881079181221375,-0.000416
-0.0004633039115918707,-0.000434
-0.00044662254314083166,-0.000466
-0.00044196331809681367,-0.000484
-0.0003015001405453145,-0.00045
-0.0007708337505757265,-0.000466
-0.00038867642966709554,-0.000468
-0.0004673030218982956,-0.000466
-0.0004626873863597778,-0.00045
-5.189309674642558e-08,-0.0004
-0.0004466828189457225,-0.000416
-0.00043365290984004654,-0.0004
-0.0004170088192919014,-0.000434
-0.0004128516427877033,-0.000434
-0.00018069797986404446,-0.000466
-0.00043408107318185576,-0.00045
-0.000446333037818781,-0.000434
-0.00032945276893079863,-0.000416
-0.0004628516852651248,-0.000484
-0.0006656944431986516,-0.000466
-0.00045066086427844864,-0.00045
-0.00045462253889191456,-0.00045
-0.0004419632786492974,-0.000484
-0.00047568242386105357,-0.000516
-0.00046285164581760845,-0.000516
-0.0004921786651181446,-0.0005
-0.0004888483480028966,-0.000484
-0.0005043330365997689,-0.00045
-0.001382003982332299,-0.000434
-0.0004676529608153022,-0.00045
-0.0005096224751640324,-0.00045
-0.00044617946863786495,-0.000432
-0.0004417177573079098,-0.000418
-0.0001872233880086992,-0.000416
-0.00042934121741454147,-0.000384
-0.0005396830210299771,-0.0004
-0.00040484458593120456,-0.000432
-0.0004084465780911403,-0.00045
-0.0004171451893557151,-0.000518
-0.00028003475483247476,-0.00055
-0.0004886982107558977,-0.0006
-0.000546469413942405,-0.000632
-0.0005760925263002123,-0.000668
-0.000613576581914181,-0.000682
-0.00015175231942723963,-0.00065
-0.0006584693939050815,-0.000584
-0.0004837861271324622,-0.000484
-0.0006018783420634154,-0.000416
-0.0005357314844281977,-0.0003
-0.00022981838217572018,-0.0001
-2.5362201102183214e-05,3.4e-05
-0.0001998187629986851,8.2e-05
0.00011189205906544968,0.000184
0.0002113351056427646,0.00025
0.0001354023054039607,0.0003
0.00020197671494448516,0.00035
0.00026947607012321414,0.00035
0.0003074320166507993,0.000366
0.00019084219982525854,0.000334
0.0003497147048313541,0.000316
0.00034103668517028256,0.000318
0.00033300091052192486,0.0003
0.0003166969364592301,0.000316
0.0006550642993136322,0.000334
0.0003166969364592301,0.000332
0.0002825007721567398,0.000284
0.0002708329660647917,0.000266
0.0002620612388287738,0.000268
0.0002867740624251368,0.000282
0.0002747934769765271,0.000268
0.0002708329660647917,0.000282
0.00030326176329495115,0.000268
0.0002793261938358038,0.000266
0.0001261679376968963,0.000266
0.0002832139240799845,0.000284
0.0002451553942862878,0.000284
0.0003415202131012045,0.000316
0.00028705015559164895,0.000284
0.0005751915205953218,0.00025
0.00019153059843203142,0.000182
0.0002567666129161182,0.000168
0.00024922917874104926,0.000166
0.00024487504078801633,0.000166
0.00026956330830548895,0.000268
0.0002832139240799845,0.000282
0.00022932619080589863,0.0003
0.0003111290181537189,0.00025
0.0002871626401843492,0.00025
0.0002699652390489655,0.000268
0.0002493466139970439,0.000232
0.00024968016247103213,0.0002
0.00023687510420820792,0.000184
-0.0003401275429714261,0.00015
0.00019076564205801916,0.000134
0.0001663470870712988,8.2e-05
0.0001365865592904961,3.4e-05
9.886687379984946e-05,0.0
-5.885512466989662e-05,-1.6e-05
9.823997880191188e-05,1.6e-05
-6.322592919856194e-05,5e-05
3.312625015124862e-06,6.6e-05
5.3462227819619436e-05,6.8e-05
4.948084300809236e-05,5e-05
5.8282238474564825e-05,5e-05
8.257252493112943e-05,3.2e-05
-0.0001604575973220674,3.4e-05
4.1282236408899776e-05,3.4e-05
3.731258415163169e-05,5e-05
7.40354019363659e-05,5e-05
0.0007092827408405334,6.6e-05
-2.5614098148391113e-05,8.4e-05
9.948083987432307e-05,0.0001
9.128223080966073e-05,0.0001
0.0001573819585247912,0.000116
4.971471130662095e-05,8.4e-05
9.971470940558655e-05,6.6e-05
0.00018612902044083516,8.4e-05
-5.124954637751184e-06,8.2e-05
0.0001491099820107694,0.0001
5.803669494394935e-05,8.4e-05
8.731258286696473e-05,0.000116
7.880574077189314e-05,0.0001
9.971470447464702e-05,0.000134
0.00010803669057744518,0.000134
0.00012064465425606704,0.000132
0.00035853818720874415,0.000118
0.00012932620446984652,0.0001
7.064465615710144e-05,8.2e-05
0.00010753059373626596,0.000134
0.00019994810669552528,0.0002
0.00022481883869959624,0.000216
0.00027269958308810764,0.000184
0.00015679176450982172,0.00015
0.00018731259385771455,0.000184
0.00019968015944112698,0.000232
0.00027453124961199075,0.000284
0.0002582822259394877,0.000266
0.00026231259840257224,0.000284
0.0002783285069775609,0.00025
0.00026093156058102534,0.000216
0.00025337745983032393,0.000218
0.00024130999122708597,0.0002
0.00040948848090607,0.000166
0.00019948085086507288,0.00015
0.000373134004921059,0.000134
0.0001618920620953548,3.2e-05
0.00011920133866817765,-1.6e-05
7.327972065962127e-05,-8.4e-05
1.4531114034653338e-05,-0.000132
-5.155726512313454e-05,-0.000168
-0.00024196332570095128,-0.0002
-0.0007253941565615336,-0.000232
-0.00020031986479811413,-0.000184
-9.220504112918051e-05,-0.000116
-0.00018405180769900123,-8.4e-05
-0.0001554322204318477,-8.4e-05
-0.00011801369700431534,-1.6e-05
-7.59060966248127e-05,-1.6e-05
-6.691278282791606e-05,-8.4e-05
-0.0001294527272255409,-0.000134
-6.373458519736046e-05,-0.000182
-0.00010552575732494466,-0.000218
-0.00015575190310386,-0.000282
-0.00020533997544490917,-0.000318
-0.00025131869866423453,-0.000332
-0.00022583771358316071,-0.000368
-0.00032576560958319327,-0.000332
-0.00033796199266966626,-0.000334
-0.0003418834308165166,-0.000366
-0.000350425435441421,-0.00035
-0.00034584455316475444,-0.000334
-0.00034633303175897077,-0.00035
-0.0003502852784160434,-0.000416
-0.00036328453680156214,-0.00045
-0.0004668028273917413,-0.000468
-0.00042211810104926946,-0.000482
-0.000454614570493624,-0.000534
-0.0004842774853953677,-0.000566
-0.0005134803239146237,-0.000618
-0.00047340472427048194,-0.000666
-0.000597248742104131,-0.0007
-0.0006387538408435817,-0.000716
-0.0006759321782063046,-0.000768
0.0002887013497285064,-0.000816
-0.0007511331086753843,-0.0008
-0.0007759485155378589,-0.000766
-0.0009090278675427214,-0.000684
-0.0007677641026481213,-0.0005
-0.0003553837515539481,-0.000484
-0.0006114805381361237,-0.000316
-0.0004992310920804308,-0.000216
-0.0004600625486258561,-0.00015
-0.00010862254514375722,-8.4e-05
-2.93553449717693e-05,-5e-05
-0.00012657941944838898,-1.6e-05
-7.622917178322597e-05,1.6e-05
-3.4427477030671475e-05,-1.6e-05
0.00038393812736760063,0.0
-1.70810481096845e-05,0.0
-5.0598379828102204e-05,1.6e-05
-2.852892578144221e-07,5e-05
6.189206589742362e-05,8.4e-05
3.669610206525972e-05,8.2e-05
5.7310000195268394e-05,0.000118
8.290124108437212e-05,0.000132
0.00010346222345311527,0.000118
0.00011203802473760092,0.000132
0.000875850193954243,0.00015
0.00018212145850404518,0.000168
0.0001415305954021263,0.000166
0.00015363694939454688,0.000166
0.0001623125824808829,0.000184
0.00035209506658306986,0.000184
0.0001747708872136409,0.000182
0.0001408900466326129,0.0002
0.00022865877827779192,0.0002
0.00029079903057848967,0.0002
0.0001952998875085521,0.0002
0.00019994810669552528,0.000184
-0.0002462421977929033,0.00015
-0.000138107956084076,6.6e-05
0.00014871579284236476,0.0
-0.0001842774672159369,-6.6e-05
3.55161824745767e-05,-8.4e-05
-7.11942584559432e-05,-0.0001
-6.344455719571895e-05,-8.2e-05
9.128223574060026e-05,-3.4e-05
-8.717760457330944e-06,-1.6e-05
0.00019810539486708097,0.0
-0.00030070335988753545,1.6e-05
-0.0008251102982941226,3.4e-05
8.036694379513973e-06,3.2e-05
2.0155413935556546e-05,6.8e-05
0.00019140265041294553,0.0001
0.0001574695320109545,0.0001
7.430246162164768e-05,0.000116
9.55645693521067e-05,0.000166
0.00011982679876271019,0.000168
9.038004145741587e-05,0.000182
8.989744547406628e-05,0.0002
0.00011982679876271019,0.0002
0.00018716262426265987,0.000234
0.0002035305920586557,0.000234
0.001467870944508074,0.0003
0.00024109967679398705,0.000332
0.00027394411277953374,0.0004
0.00031501700480675553,0.000434
0.00036518158287462163,0.000434
0.00039896617151590256,0.0004
0.0004289460472110346,0.000416
0.0005114058729426611,0.00045
0.000424531238977948,0.000466
0.00043234705427547395,0.000434
0.00044103667150633465,0.000434
0.0004456669815209123,0.0004
0.0004329189249191268,0.00035
0.00040364567258329353,0.000332
0.0003779978836795884,0.00035
0.00039781485630546916,0.000318
0.0006608730644298506,0.000266
0.0003157225236355982,0.000234
0.00030782864170333485,0.0002
0.0002534211479546149,0.000182
0.00021969916252168582,0.0002
0.0002035305920586557,0.000218
0.00019968015944112698,0.00025
0.00022915540278412204,0.000232
0.0002245418579639676,0.000234
0.00023321390132632121,0.000216
0.0002326969416253437,0.000218
0.0002915306044918417,0.00025
0.0002118751224170135,0.000232
0.00022865877827779192,0.000218
0.00022916999836514927,0.0002
0.0002245418579639676,0.000166
0.0002033854054749512,0.0002
0.0001955305765838147,0.000184
0.00018714834426176297,0.000166
7.406781793287702e-05,0.000134
0.00017038991508765188,6.6e-05
0.0001363830594158362,3.4e-05
0.00037729402164642995,5e-05
7.005406273602952e-05,5e-05
2.005406463706392e-05,5e-05
4.582054495361056e-05,5e-05
2.0265542771893413e-05,6.6e-05
5.382054686836785e-05,6.6e-05
5.77949605641256e-05,8.4e-05
0.0005748263549370273,0.0001
8.319720100627571e-05,8.4e-05
8.319720100627571e-05,6.6e-05
-3.451260477082482e-05,5e-05
7.453125721612838e-05,0.0
4.922283529506419e-05,1.6e-05
3.2347082119281705e-05,3.4e-05
0.0001461044658827723,1.6e-05
1.619719960891017e-05,3.4e-05
8.677407002927439e-05,5e-05
3.3197200133656616e-05,3.4e-05
4.1282236408899776e-05,1.6e-05
3.3197199825472894e-05,3.4e-05
0.00013299115486578074,0.0001
4.520407519458744e-05,0.00015
7.367456564298423e-05,0.0002
0.00011947605117161965,0.00025
6.328303709666626e-05,0.000282
0.0003323399476627315,0.00025
0.00024477068238367176,0.0002
0.00024477068238367176,0.000134
0.0002939700191754433,6.6e-05
0.0001607819103681698,-5e-05
8.520710127063516e-05,-8.2e-05
-0.00013785164584698319,-0.000118
-4.771149717440706e-05,-0.00015
-0.00015871776461610682,-0.0002
-0.00013857659257759855,-0.000266
-0.0001848865763149673,-0.000316
0.0008308244832809623,-0.0003
-0.0002716053136953032,-0.000284
0.00036520008375976154,-0.00025
-0.00028810792572627516,-0.00025
-0.00018768740914281584,-0.0002
-0.00024674485776922573,-0.000216
-0.0003594510271685217,-0.00025
-0.0002295417564677381,-0.000234
-0.00022546876096330245,-0.00025
-0.0002378516519067935,-0.000266
-0.00023446896821367074,-0.0003
-0.0002631079439350807,-0.000318
-0.00028416861785454553,-0.0003
-0.0002964694185166375,-0.000266
-0.0002964693790691212,-0.000234
-0.00028030082832984925,-0.000216
-0.00025479593805390386,-0.000234
-0.0005999093981828437,-0.000232
-0.000246363045259057,-0.00025
-0.00023330305742221013,-0.000218
1.6934029903807828e-05,-0.000216
-0.0004627819420563244,-0.0002
-0.00022145274739614738,-0.000166
-0.00020051915365041007,-0.000168
-0.00013409875707535998,-0.000166
-0.0004893447555478871,-0.0002
-0.00015923434956567959,-0.000166
-0.0002485785558401978,-0.00015
-0.00017095525201455374,-0.000118
-0.00017536221019189864,-0.000166
-0.00015048865769041295,-0.0002
-0.00015923434956567959,-0.000116
-0.0001508725806427032,-6.8e-05
-0.0001387415620907224,-3.2e-05
-0.000105561200918331,3.2e-05
0.00012477088418373576,0.000118
-0.00016311620212993314,0.000132
-0.0008647038492892033,0.0001
-3.8039340931558734e-05,1.8e-05
9.090270625543679e-05,-1.8e-05
5.650025116650909e-05,-8.2e-05
2.868929213776535e-06,-0.0001
-4.668321876728147e-05,-0.000118
-5.896329962144225e-05,-8.2e-05
-9.617945729040803e-05,-8.4e-05
-7.315126946283713e-05,-6.6e-05
-8.797250014511085e-05,-0.0001
-8.330304833249469e-05,-8.4e-05
-8.38027990544908e-05,-3.4e-05
8.269694239750737e-05,-6.6e-05
-6.678609712935144e-05,-5e-05
-5.896329962144225e-05,3.4e-05
2.009051537485056e-05,6.6e-05
-5.376181076182159e-06,0.0001
0.00017177529213599065,8.4e-05
-0.00021706204159551383,0.000132
9.489612132669737e-05,0.000168
0.00012020060342707211,0.000216
0.00015216071485431366,0.000216
0.00013271363172680307,0.000168
3.702749695140548e-05,0.0001
0.00017382034999924336,1.6e-05
-6.806631696114076e-05,-5e-05
5.6451232696579506e-05,-8.4e-05
-6.242251296324192e-06,-0.000182
-7.67730741378294e-05,-0.0003
-0.00016960642309005742,-0.00045
-0.0002573869692663652,-0.000518
-0.0003657410125359591,-0.000582
-0.0005419525944321931,-0.000584
-0.0005348655719981208,-0.000516
-0.0005508202777515859,-0.0004
-0.0005223543977316554,-0.000268
-0.0003091786390386357,-0.00025
-0.0002208445850375079,-0.0002
-0.00024693252932797436,-0.000182
-0.00016738404864108215,-0.0001
-0.0001843402084905958,-6.8e-05
-0.00013886603872837478,-3.2e-05
-7.935534800167444e-05,-3.4e-05
-0.0001596224342309384,-6.6e-05
-5.042542712386921e-05,-5e-05
-0.0001584694030535464,-0.0001
-6.310793181546015e-05,-0.000118
-0.00020077716013070337,-0.0002
-0.00011834019423476675,-0.000232
-0.00013843933494466827,-0.000218
-0.00019309730069807016,-0.00015
-0.0002007708090805807,-0.000116
-1.3039339416606168e-05,-6.6e-05
-0.00013887096966791102,-3.4e-05
-5.462255410018973e-05,-3.4e-05
-6.333318699535384e-05,1.8e-05
-8.900313700840955e-06,3.2e-05
-5.243506751550804e-06,6.8e-05
0.0001329710169087148,6.6e-05
4.5462228370331915e-05,0.0001
6.590123532050243e-05,-1.6e-05
5.3435487334514505e-05,-3.4e-05
2.7618245152728506e-05,-3.4e-05
2.6126954062465248e-06,-1.6e-05
7.453125721612838e-05,0.0
-2.1355344289746897e-05,3.4e-05
6.216262654977612e-05,6.6e-05
9.47053235522828e-05,0.0001
4.9078093728652816e-05,5e-05
-9.188342552886997e-05,-5e-05
4.011474525131779e-05,-0.0001
-8.400884329395137e-05,-0.000116
-5.5607390930001205e-05,-0.000184
-0.00011368944054487196,-0.000184
-0.000146954022164542,-0.0002
-0.0001718055235044217,-0.000182
3.99144628147053e-05,-0.000168
-0.0001837860892292733,-0.00015
-0.00017545814655151536,-0.000132
-4.5844584294718976e-05,-0.0001
-0.00013812489879232246,-6.8e-05
-0.00011327824949694639,-1.6e-05
-8.006342105719684e-05,3.4e-05
0.0001243176124978081,6.6e-05
0.00029743317580179716,5e-05
4.515541421777423e-05,3.4e-05
4.5666981936368885e-05,3.2e-05
3.273610058121519e-05,3.4e-05
2.426220116863394e-05,-3.4e-05
1.577491394702812e-05,-8.2e-05
-1.3705361419763673e-05,-0.000118
-7.983000024143116e-05,-0.000116
-8.83456440635749e-05,-8.4e-05
-0.00027965477663181344,-5e-05
-9.269000889444701e-05,-6.6e-05
-7.961009019999474e-05,-6.6e-05
-2.9786210468444375e-05,-5e-05
-7.604299923009637e-05,-3.4e-05
-4.886510661672901e-07,0.0
-3.8107935231447115e-05,0.0001
9.957456224208806e-05,8.4e-05
3.6108106016588514e-05,8.2e-05
8.716262313378915e-05,6.8e-05
0.00010338539941514094,6.6e-05
-2.5468743912742358e-05,0.0
5.321027899854641e-05,0.0
3.266754603702682e-05,1.6e-05
1.982679825020689e-05,6.8e-05
2.0305999898053227e-05,0.0001
4.500558515449636e-05,0.0001
7.014702573910592e-05,8.2e-05
-0.00014741538059130906,6.8e-05
0.00021005150318645344,3.2e-05
6.98790562954797e-05,0.0
4.470533161699161e-05,-5e-05
1.1423426373995943e-05,-6.6e-05
-2.197094743614653e-05,-0.000116
-5.902785548185047e-05,-0.000118
-0.00011016317775433352,-0.000166
-0.00015436305467408774,-0.00015
9.014707428808753e-05,-0.000116
-0.0001975394263361874,-0.0001
-0.00013365291138437387,-0.000134
-0.00012546874504161312,-0.000134
-7.188063537750622e-05,-0.000166
4.303095443356471e-06,-0.000166
-0.00015040011774010054,-0.000168
-0.0001173324383979909,-0.000166
-0.00016655614389295047,-0.000184
-0.00015187107617503,-0.000166
-0.00017119426451575349,-0.000134
-0.00016294983222998102,-8.2e-05
-0.0001424619559708019,-6.8e-05
-0.00011348032926101983,-1.6e-05
-5.8205039463320174e-05,-3.4e-05
-5.0653389389568296e-05,-3.2e-05
-3.797250204614524e-05,3.2e-05
4.9229190043391505e-05,1.8e-05
5.8282238474564825e-05,0.0
3.904322966652894e-06,3.2e-05
2.0169995956500038e-05,-1.6e-05
8.047436431293634e-06,-1.6e-05
-4.171776265430591e-05,0.0
-4.88653531637057e-07,0.0
0.00022446239094240183,1.6e-05
-2.852892578144221e-07,0.0
3.820546303932482e-06,-1.6e-05
-2.8528679234465177e-07,-1.8e-05
-6.268741142993207e-05,-5e-05
-0.0003068636615451702,-6.6e-05
-3.8030139798384146e-05,-6.6e-05
-0.00013833318167833249,-5e-05
-5.8205039463320174e-05,-1.8e-05
-0.0003623452519911863,-1.6e-05
-3.803014472932367e-05,-1.6e-05
-2.5362201102183214e-05,0.0
-1.2687413330966464e-05,-3.4e-05
-5.919389007791414e-05,-6.6e-05
-9.658905071392383e-05,-0.0001
-6.388081714024665e-05,-0.000118
-8.030082607210779e-05,-0.00015
-0.00018048782322101068,-0.00015
0.00017540204747427732,-0.000132
-0.00013783738556984445,-0.000168
-0.00015031984204445084,-0.000182
-0.0001584694030535464,-0.0002
-0.00016831051300866384,-0.00015
-0.00017545814655151536,-0.000134
-0.0001380301261344363,-0.000116
-9.196330674935676e-05,-0.0001
-0.00010077716393277213,-0.00015
0.000722417422549475,-0.000184
-0.00013830391162124547,-0.000184
-0.00015535431158717538,-0.000182
-0.00015031984204445084,-0.00015
-1.700883943111607e-05,-6.8e-05
-3.7851649649051975e-05,-5e-05
1.619719960891017e-05,1.8e-05
-6.398465286500043e-05,0.0001
0.00017014702686797664,0.0002
6.468438792363264e-05,0.000282
0.00014752461591672054,0.000384
0.0004867740548209992,0.000434
0.0003227528205412458,0.000432
0.0003911313030680087,0.000384
0.00039805382935915264,0.000384
-2.2224442106764168e-05,0.000366
0.0003739440991155859,0.000384
0.00032479346028267404,0.00035
0.00034470532390898985,0.00035
0.0004166969622427985,0.000366
0.00036671364551228394,0.000366
0.0003786587873675073,0.00035
0.0003573100085128201,0.000334
0.00014906681656606932,0.000316
0.00043714836927316776,0.000318
0.0002491099880705797,0.000332
0.00032864466212677046,0.00035
0.00031160353232716865,0.000334
0.00028705015559164895,0.0003
0.00029128224292928126,0.0003
0.0003201699944121727,0.0003
0.00034115027429343895,0.0003
0.0003866961004690003,0.000316
8.002459999209372e-05,0.000334
0.00026214835866849976,0.0003
0.0002786446590968653,0.000316
0.0003161971955991131,0.000284
0.00023731257716386154,0.000266
0.00025779495049451826,0.000268
0.0003204582571374602,0.0003
0.0002791554058140272,0.000316
0.00029951134985497515,0.000316
0.0002992228504445899,0.000334
0.0002990363425875718,0.000334
0.0003288329648457797,0.00035
0.00033319718163922463,0.00035
0.0002946126783870782,0.000416
0.0003617154874083042,0.000516
0.0004063149282205575,0.000568
0.0006661972168084491,0.000666
0.0005392607898302955,0.0007
0.0007711817321316029,0.000716
0.0006115196850869674,0.000684
0.0006910367261033767,0.00065
0.0006162139000779345,0.000634
0.0005783256652120608,0.000566
0.000319004616162182,0.00055
0.0005989385703741204,0.0005
0.0005613105707732102,0.000534
0.0005368920848196434,0.000582
0.0005407656336817179,0.00065
0.0005865606498176818,0.000618
0.0005443596574433631,0.00055
0.0004621626310652591,0.000466
0.0004581448620836291,0.000434
8.756274915339542e-05,0.000432
0.0004693126117353298,0.000368
0.000669604298790397,0.00035
0.00032477087657959813,0.000316
0.00019994810669552528,0.00025
0.00029128224292928126,0.000266
0.00030765252826685913,0.000284
0.0002783899267604241,0.000234
0.000258036684874342,0.000232
0.00022854726014924072,0.000268
0.0002206587628029509,0.00025
3.860705254957837e-05,0.000232
0.0002743779565636887,0.000284
0.0003827162405505248,0.000384
0.00045382054645291126,0.00045
0.00030761388942465327,0.000516
0.0005161971682712174,0.000534
0.00043669610349890544,0.0005
0.0004992228625642105,0.000432
0.0004993391143947164,0.000334
0.00029155342488001534,0.00025
0.0003766433348652301,0.000216
0.0003059292437939821,0.000234
0.0002667136197287156,0.000266
0.0002659911779153846,0.0003
0.0003196991685814961,0.000384
0.00028123133135877663,0.000416
0.0004995745766194501,0.00045
0.00039994809909138767,0.000384
0.00029948085692488313,0.00035
0.00032479346028267404,0.00035
0.00035828223199929794,0.000316
0.0003373125832236718,0.000318
0.0003330872216875669,0.000332
0.00037405147525492664,0.000334
0.0003706446299580764,0.00035
0.0003991099577127788,0.000334
0.0003332139073861315,0.000332
0.0003161971955991131,0.00035
0.0003827162405505248,0.00035
0.0004036369546821935,0.0004
0.00040356456848980176,0.000434
0.0005450675036756669,0.00045
0.0004661972046888285,0.0005
0.0007181614300169711,0.0005
0.0004917949346943619,0.0005
0.00040312098116912325,0.000516
0.0005038205889303328,0.000534
0.0005123126135520979,0.000516
0.0008416955876101639,0.0005
0.00045779496261413876,0.000468
0.0004666969652727037,0.00045
0.00041231256804477134,0.000416
0.00045382058590042753,0.00045
0.0004205472765177784,0.000466
0.00047864463176896957,0.0005
0.000524531205590242,0.0005
0.0004536669772719952,0.000484
0.0009420093592145431,0.000466
0.0004871483723030729,0.000468
0.0004791553982098896,0.000482
0.0004747934496486313,0.000468
0.000466575309132466,0.000466
0.00049128227477266,0.000484
0.0004747934496486313,0.000532
0.00048683780200732346,0.00055
0.0005071502748853202,0.000568
0.0007631149517354414,0.000582
0.000662880785218935,0.000584
0.0005706587642885288,0.000534
0.0002673361804308008,0.000466
0.0004075305823300596,0.000434
0.0004991274390223055,0.000432
0.00039994809909138767,0.0004
0.00039566697849100716,0.0004
0.00036530387017511993,0.000384
0.0004282655381075197,0.000434
0.00015479548350046132,0.000382
0.0004641089320714803,0.000368
0.00040396523691275704,0.000382
0.0003406292909457999,0.000384
0.00037880568991817046,0.000384
0.00039971472758501737,0.000366
0.00033319718163922463,0.00035
0.0003706446299580764,0.000334
0.0004038961248642173,0.0003
0.0003291554088439323,0.000332
0.0002786446393731072,0.000318
0.00029933910227509586,0.000316
0.00036671364551228394,0.000366
0.0003868751132979233,0.0004
0.00033689205297626464,0.000384
0.000407890028098492,0.000384
0.00035813128607821513,0.00035
0.0003790447024193702,0.000332
0.00036194164001919347,0.0003
-5.909453164625927e-05,0.000284
0.0003577949565543285,0.000334
0.00033220292671489897,0.00035
0.0002660872326175502,0.000316
0.0003162139016222618,0.0003
0.00032453125264189593,0.000266
0.0001246377981256531,0.00025
0.000257652525236954,0.000268
0.00046055881339546564,0.000266
0.00024566696940129173,0.000234
0.00022865877827779192,0.000216
0.00020814486665786156,0.000216
0.00022479345422286376,0.000234
0.00016669694709327284,0.0002
0.0006705324594011791,0.000184
0.0001166969440633677,0.000132
6.599115839935473e-05,0.000118
6.187511086182832e-05,0.0001
0.0001542998944914338,0.000116
4.5666981936368885e-05,8.4e-05
-8.446580972066649e-06,-5e-05
6.086441125414935e-05,1.6e-05
-8.003475257473324e-05,-0.000116
-0.00034171775124809954,-0.00035
-0.00012842298926031258,-0.00045
-0.0005165561651022864,-0.0005
-0.0005263217133399508,-0.000568
-0.0004689714151522554,-0.000582
-0.0006339740641897821,-0.000568
-0.0004963630209610663,-0.000516
-0.0005271979610192956,-0.00055
-0.0004626873863597778,-0.0005
-0.000534168613280313,-0.000484
-0.0005131079393608482,-0.000466
-0.000500777158586376,-0.000484
-0.0007064425441005016,-0.000466
0.00013042101111319481,-0.00045
-0.0003316637627713243,-0.000416
-0.00045462257833943083,-0.000434
-0.00044196331809681367,-0.000366
-0.0004007179418046148,-0.00035
-0.000508849737767432,-0.000368
-0.0003803008146659014,-0.000382
-0.00030543222952156306,-0.000418
-0.00038012097343913633,-0.000432
-0.0004006458711923534,-0.000318
-0.00022611094680474188,-0.000216
-0.00018810795911398115,-0.0002
-0.00021268741065776843,-0.000216
-7.233304907995459e-05,-0.0002
-0.00029225498394254483,-0.000234
-0.00011336362378407655,-0.000134
-0.0001298445791286054,-0.000116
-0.00013783736584608628,-0.00015
-0.00015962241450718026,-0.000166
-6.310794167733922e-05,-8.4e-05
-0.000108751430041355,-8.4e-05
-9.646940639701695e-05,-0.000116
-0.00012970010260019408,-0.000116
-0.0001584694030535464,-0.000118
-9.633301660944505e-05,-0.000116
-0.00013378609606124722,-0.0001
-0.00025215912799878823,-0.000116
-8.454704548245092e-05,-0.0001
3.273610058121519e-05,1.6e-05
0.0003726718772677243,-3.4e-05
0.00014951134076525975,6.8e-05
-1.403995032199402e-05,0.000482
0.0006191792882199858,0.000834
0.0010573182362911223,0.00095
0.0010364188632657663,0.001066
0.0008275789783257373,0.001218
0.001224317639708205,0.0012
0.0011058034152479836,0.001032
0.0011269872837608216,0.000868
0.0010759779371316098,0.000732
0.0004989531598953372,0.000618
0.0004332138739984255,0.00045
0.0003706446299580764,0.000382
0.0002786587813076971,0.0003
0.00027032620354677507,0.000268
0.00034823510739035715,0.000282
0.0003284582528885431,0.00035
0.00038731258625357694,0.000384
0.0003198136058262527,0.0003
0.00023301086495997774,0.00025
0.0002203261807931118,0.000234
0.0002868078886703553,0.000182
-4.6744845649605176e-05,-1.6e-05
0.00015986921318377324,-1.6e-05
-5.095674718785103e-06,-5e-05
-5.417945987346483e-05,-3.4e-05
-1.2687413330966464e-05,-1.6e-05
-8.830390859134032e-05,-1.8e-05
-0.00015470011397702573,-0.000116
-0.0005353281335741347,-0.000116
-6.028322484545199e-06,-0.0001
-8.85093808418147e-05,3.2e-05
-7.654119177519903e-05,0.000118
0.00033262152403400793,0.00035
0.0004412822322952385,0.00045
0.00042080569719699275,0.0004
0.00026231259840257224,0.000266
7.438590298047963e-05,0.000134
0.00030944792279951385,0.0
0.00011974117792860324,1.6e-05
8.294248346265308e-05,3.4e-05
9.563694568261936e-05,6.6e-05
7.054726517032152e-05,0.0001
-5.949025580393445e-06,0.000118
1.521207801734048e-05,0.0001
8.714834806383178e-05,0.0001
7.027226913785619e-05,0.000116
-2.852892578144221e-07,0.000134
0.00011214833971690529,0.000132
0.0001834438378688692,0.000184
0.00016621391225630453,0.00015
0.00013301086876204654,0.000134
0.00017015540946518822,0.00015
0.00014582054238427663,0.000166
0.00014104743236073003,0.000166
0.0004736552310136061,0.000234
0.0002042998777975808,0.000216
0.00018638305258386227,0.00025
0.00021621389556245152,0.000218
0.00018319720213514644,0.000266
0.00024566696940129173,0.000234
0.00025952152883500543,0.000232
0.0002038205510271437,0.000218
0.0002897317385777535,0.000232
0.0002861402789046671,0.00025
0.0002070021510059793,0.00025
0.00026231255895505597,0.00025
0.00023731257716386154,0.00025
0.00024103667911047226,0.00025
0.0002417949589923525,0.00025
0.00024088204484661634,0.000234
0.0002581448894115248,0.00025
0.00028272252636956275,0.000284
0.000270547267428063,0.000266
0.0002331971953031725,0.000266
0.00025363692586871997,0.00025
0.00022880572027597133,0.000234
0.00023714833742978904,0.000234
0.0001997147154653968,0.00025
0.0002370501525617438,0.000232
0.00023319717557941435,0.00025
0.0002573774577058654,0.000268
0.0002660872326175502,0.000266
0.0002916525367646934,0.000266
0.00016454426654370253,0.000284
0.0008856091150091707,0.000316
0.00024971471849530194,0.000284
0.00028705015559164895,0.000284
0.00026231255895505597,0.000266
0.00027064466334578244,0.00025
0.0007117313270716724,0.000266
0.00026619719256920795,0.000268
0.0002535645594000864,0.00025
0.00048762422769207643,0.00025
0.00023702748996363532,0.000282
0.00031561595617034136,0.000284
0.00026619719256920795,0.000266
0.00025356459884760265,0.000284
0.0002788057430296346,0.00025
0.0002618920681551651,0.00025
0.000278458249858638,0.000284
0.0002788057430296346,0.000266
0.00026231257867881413,0.00025
0.0002747934769765271,0.000266
0.0003279978806496833,0.00025
0.0003283899297903292,0.0003
0.0002786446590968653,0.0003
0.0002873125999175248,0.000284
0.00027080574727855175,0.000266
0.00039128226871284967,0.000284
0.0002831972180568358,0.000384
0.00038731254680606067,0.000382
-3.138625596949259e-05,0.000368
0.00033714834348959934,0.000366
0.0003203899143154882,0.000366
0.0003286587843376022,0.000334
0.0003581448560238188,0.000334
0.0002954109580504762,0.0003
0.00024103669883423042,0.0003
0.000295530582643625,0.000282
0.00034912742993259004,0.000334
0.0003154337480925989,0.000366
0.0002532040485487141,0.000384
0.0003996801715607475,0.0004
0.00037916998773110654,0.00035
0.00035366699093594304,0.000316
0.00032864466212677046,0.000334
0.00029465269789235416,0.000316
0.00029951134985497515,0.000334
0.0003745312359480429,0.00035
0.0003334438469585846,0.00035
0.00033714834348959934,0.0003
8.868495702774651e-05,0.000266
0.00023714833742978904,0.000284
0.0003616960792302896,0.000334
0.00029537744738538806,0.000316
0.0002831971983330776,0.000316
0.00038344381054097345,0.00035
0.00039971472758501737,0.000434
0.0003528030114341644,0.00035
0.00026214835866849976,0.000266
0.00025709968801991095,0.0003
0.000328547266209051,0.0003
0.0002568750344146407,0.000318
0.0002788267882795752,0.000282
0.00027064466334578244,0.000284
0.00029563695287130036,0.000284
0.0002911448866775603,0.0003
0.0002873125801937667,0.0003
0.0002917949422984995,0.000332
0.0003035645821537496,0.000318
0.00031216262197554366,0.000332
0.000353156086428716,0.0003
0.00034735392877147613,0.0003
0.00024128223989937613,0.00025
0.000360602317946123,0.000284
0.0003659803950794896,0.0003
0.0002829911639554961,0.000316
0.0002868920499463595,0.0003
0.00029971472152520706,0.000284
0.00036608721895360234,0.000316
0.00031641881174562905,0.00035
0.000257652525236954,0.000284
0.0002618078871554027,0.0003
0.0003033854115347615,0.000284
0.0003038267897945278,0.000332
0.00027015541552499853,0.000268
0.00029179496202225765,0.0003
0.0002954109580504762,0.000266
0.00024103667911047226,0.00025
0.0002323470816033697,0.00025
0.00022865877827779192,0.000234
0.00018308722245973053,0.000182
5.7530598102770124e-05,8.4e-05
6.562154749906838e-05,0.0
-0.0003481574399398566,-0.0002
1.3012976370241306e-05,-6.6e-05
-4.807529203151044e-05,-0.000118
-7.11942584559432e-05,-0.0001
-8.78373825399393e-05,-0.0001
-4.643542426276771e-05,-6.6e-05
-2.1341222078915154e-05,-6.6e-05
-8.342470447273237e-05,-0.000118
-0.00016303012764938885,-0.000116
-9.213465689824047e-05,-0.000134
-0.00015436305467408774,-0.00015
0.00015106297923288086,-0.000132
-7.110387433424425e-05,-0.000134
-0.00017546875793339733,-0.000134
-0.00017134122623769103,-0.000166
-0.0001504886379666548,-0.000184
-0.00015503476698147003,-0.00015
-0.0001046145985936834,-0.00015
-0.0001674247190303769,-0.00015
-0.00012520653740083498,-0.000132
-0.0001211731866502705,-0.00015
-0.0001837838604446029,-0.000168
-0.00020986423081194173,-0.000166
1.4800261972828712e-05,-0.00015
-0.00015868999356463882,-0.0001
-0.00015871776461610682,-0.0001
-3.7837374579094613e-05,-6.6e-05
-3.3286363934138515e-05,-5e-05
-4.179454378089921e-06,0.0
9.968016324319578e-05,0.000116
-1.7676924034074522e-06,6.6e-05
2.4770886136702233e-05,3.4e-05
6.231258628295171e-05,5e-05
1.2312585718516335e-05,6.6e-05
8.321390209848489e-05,8.4e-05
2.8871185370515946e-05,1.6e-05
2.3957002515141803e-05,-3.2e-05
-4.682836737054451e-06,-1.8e-05
-1.2687413330966464e-05,-1.6e-05
-2.9341222760937557e-05,-3.4e-05
-2.5206531341024685e-05,-3.2e-05
-1.752388592755353e-05,-3.4e-05
-2.983000214246556e-05,-5e-05
3.705016078224884e-05,0.0
7.5380333951553795e-06,6.6e-05
-5.605314440021094e-06,6.8e-05
8.714834806383178e-05,6.6e-05
8.636180403652995e-05,6.6e-05
4.968016760969995e-05,6.8e-05
4.537744949415077e-05,8.2e-05
6.621390619649427e-05,3.4e-05
4.896617865946895e-05,0.0
-1.3566821742553982e-05,-3.4e-05
-5.1288130979382824e-06,-3.2e-05
-4.88653531637057e-07,-6.8e-05
-6.336362075417141e-05,-3.2e-05
-2.8528679234465177e-07,1.6e-05
-2.9741950355167245e-05,-3.4e-05
4.948084300809236e-05,-1.6e-05
5.56784090085372e-05,1.6e-05
7.029989472660787e-05,3.4e-05
0.00010415541000217783,6.6e-05
2.4262200552266498e-05,6.8e-05
4.545315913978992e-05,0.000116
0.00010429989146152867,0.000116
9.089004360270777e-05,8.4e-05
9.548202542427033e-05,0.000134
0.00011205015484886004,0.000166
-0.0001975176710309536,0.00015
9.971470447464702e-05,0.000134
5.715027473634132e-05,0.00015
0.00014582054238427663,0.000166
0.00018696984425055176,0.000166
9.9078085663944e-05,0.000168
0.0001331971991052413,0.00015
0.0001623125824808829,0.000166
0.0001331971991052413,0.000134
0.0002009826375339828,0.000116
7.453125721612838e-05,0.0001
0.00017463780115555826,0.0001
0.0001489578822498351,6.6e-05
-8.915649762279033e-05,3.4e-05
1.2312585718516335e-05,0.0
4.907809126318305e-05,1.6e-05
-7.536219427020927e-05,-3.2e-05
3.896122814204158e-06,0.0
-4.6225510702846e-06,-5e-05
-2.0955272510475525e-05,-6.8e-05
-9.244063155834213e-05,-6.6e-05
-7.11942584559432e-05,-0.0001
-4.636304793225504e-05,-5e-05
-0.0001226269656918558,-5e-05
0.0002766145321185283,-8.4e-05
-3.35561602908629e-05,-5e-05
-5.2946677147088724e-06,1.8e-05
7.794959999690226e-06,0.0
-3.0002111656037855e-05,1.6e-05
9.103669467545456e-05,1.6e-05
-8.725690875179963e-07,5e-05
8.714834806383178e-05,8.4e-05
3.6892064382471046e-05,8.4e-05
0.00017080574121874147,0.000116
8.269694239750737e-05,8.4e-05
1.1383064168422196e-05,6.6e-05
8.7050158264847e-05,0.000116
7.548960357167647e-06,5e-05
-9.109952595223433e-06,1.8e-05
2.4793466757940917e-05,5e-05
0.00013714834123185784,5e-05
-2.5229115044100577e-05,-1.8e-05
-4.873686286334154e-06,-3.2e-05
-4.240329145426871e-05,-5e-05
-1.7098760044498612e-05,-5e-05
6.88836919097584e-05,-5e-05
-0.00013067016633515503,-0.0001
-9.639920954177928e-05,-8.4e-05
-7.15417614888189e-05,-0.0001
-9.26225536415915e-05,-0.0001
-2.586157707277456e-05,-5e-05
-0.00020127218701262376,-6.6e-05
-7.954176710178084e-05,-3.4e-05
1.6213905632058893e-05,-1.6e-05
-1.7652918753337382e-05,0.0
6.206123164009278e-05,0.0
5.803669494394935e-05,1.6e-05
-9.23435526878278e-06,5e-05
0.00015382371366042083,5e-05
8.269694239750737e-05,0.0001
3.672174788178762e-05,8.4e-05
0.00013291895604909137,8.2e-05
8.714834806383178e-05,0.0001
7.854726585234393e-05,0.000118
6.196985886501683e-05,6.6e-05
7.854726585234393e-05,8.4e-05
7.065877836793318e-05,6.6e-05
3.4531592573769586e-06,5e-05
-7.179496164806852e-07,5e-05
3.705016078224884e-05,1.6e-05
2.915541373975762e-05,0.0
2.845824179733788e-05,-3.2e-05
7.765645564147387e-06,0.0
-0.00016312490030727505,-6.8e-05
-7.612029663826619e-05,-8.2e-05
-9.617945729040803e-05,-0.0001
-0.00010031982915266662,-8.4e-05
-4.5844589225658516e-05,-8.4e-05
-0.00016691278888772635,-0.00015
-0.00014780656188659663,-6.6e-05
0.00017960534798689716,-0.000134
-0.00010935863579772445,-5e-05
-1.6802800122595034e-05,0.0
-0.00011765291988220812,-1.6e-05
1.5991159067654254e-05,5e-05
6.572371903172867e-05,0.0
-1.2687413330966464e-05,1.6e-05
3.297101762894639e-05,5e-05
-5.913464977032597e-05,6.8e-05
6.231258628295171e-05,6.6e-05
4.948084300809236e-05,0.0001
3.70612313578751e-05,8.4e-05
0.00017177854655608455,8.2e-05
4.054896008867285e-05,8.4e-05
8.7050158264847e-05,0.0001
7.854726585234393e-05,0.000116
9.103669467545456e-05,8.4e-05
0.0001621483427468104,0.000134
0.00020326177695889904,0.0002
0.0001246377981256531,0.000132
-3.0258816368293574e-05,8.4e-05
0.00013647551453214036,0.000134
0.00017864465303705503,0.00015
0.0001621626227477073,0.00015
0.0001290447267173608,0.000116
0.00010429989146152867,0.000116
3.714834934849875e-05,5e-05
1.5736101289203634e-05,5e-05
8.218010103907873e-05,1.8e-05
-4.435429311294275e-06,1.6e-05
-6.737845089583779e-05,-3.4e-05
7.799057610444828e-06,0.0
-4.955273611900483e-06,-1.6e-05
-5.189309674642558e-08,0.0
4.1282236408899776e-05,-3.4e-05
-2.5206531341024685e-05,-1.6e-05
-4.435429311294275e-06,-5e-05
-1.6802795191655493e-05,1.6e-05
3.666982053955919e-06,3.4e-05
-4.795925369847935e-06,3.4e-05
-1.6556159457932744e-05,1.6e-05
1.5918952854555586e-05,5e-05
7.083296380705022e-05,3.4e-05
4.155413804246623e-06,3.2e-05
6.98790562954797e-05,1.8e-05
-0.00010579905957967929,0.0
-3.830390063049565e-05,-3.4e-05
-3.1983295473542343e-07,0.0
-2.5229115044100577e-05,-3.4e-05
7.832851458169851e-05,5e-05
-3.0173200465126148e-05,-1.6e-05
-3.378609986331601e-05,-3.4e-05
0.00011513440821937154,-1.6e-05
-3.768741484591903e-05,0.0
-3.7851649649051975e-05,-1.6e-05
-6.701959684014971e-05,5e-05
0.0001277577416365278,6.6e-05
-0.00016938620733036974,3.4e-05
6.216262408430635e-05,3.2e-05
-1.2851648134099416e-05,3.4e-05
7.019447617026298e-05,8.4e-05
-8.868721171232379e-06,-3.4e-05
-5.042542712386921e-05,-1.6e-05
9.43713263627968e-05,-1.8e-05
-4.220503809927537e-05,-1.6e-05
-1.678609903038585e-05,-1.6e-05
-1.2687413330966464e-05,-1.8e-05
-1.7057512735278117e-05,-3.2e-05
7.038991888972068e-05,-1.8e-05
1.2312585718516335e-05,0.0
-2.1610081557127657e-05,3.4e-05
-5.862255197573116e-05,1.6e-05
-2.119425542603806e-05,-1.6e-05
1.619719960891017e-05,5e-05
-2.103475925579942e-05,3.4e-05
3.871184587499715e-06,-1.8e-05
-8.985337891264033e-06,3.4e-05
1.1753194050094746e-05,0.0
7.765645564147387e-06,-3.4e-05
-3.7851649649051975e-05,-3.2e-05
-7.095527554038066e-05,-5e-05
-0.0001092343563976535,-5e-05
-4.171776265430591e-05,-6.8e-05
-4.662254848722779e-05,-8.2e-05
-4.213465879927487e-05,-5e-05
-2.9167037321820517e-05,-3.4e-05
-1.742470500972196e-05,-6.6e-05
-6.305837587312111e-05,-3.4e-05
-2.9355349902708834e-05,-1.6e-05
0.00014526177817791104,3.2e-05
2.8832965619647723e-05,1.8e-05
4.155413804246623e-06,3.2e-05
-1.714522428774843e-05,1.8e-05
2.4818840140059432e-05,1.6e-05
9.50447250515005e-05,3.4e-05
-1.3439332300844957e-05,-5e-05
1.6213905632058893e-05,1.6e-05
0.00012860079423091474,1.6e-05
0.00011194161007684918,6.8e-05
-2.9671482298255096e-05,-1.8e-05
-5.189309674642558e-08,0.0
4.515541421777423e-05,3.4e-05
4.994810746768894e-05,3.4e-05
-5.189309674642558e-08,0.0
-4.435429311294275e-06,-3.4e-05
-7.573779379656237e-05,0.0
-8.96330645341619e-06,-3.4e-05
-5.087256472101383e-05,1.8e-05
0.0001768879466560015,0.0
-3.376399939231467e-05,-1.8e-05
4.440104950188577e-05,-3.2e-05
-6.285165116400455e-05,-1.8e-05
9.113127995763836e-05,5e-05
-5.8868714339258446e-05,1.8e-05
1.6713636630296847e-05,1.6e-05
6.453643015190876e-05,0.0
-0.00011330390024441381,-6.6e-05
6.59803990892867e-05,6.6e-05
0.00011696830352792508,5e-05
6.162084696464303e-05,5e-05
2.3686217505040403e-05,8.4e-05
0.00014481593248692493,8.2e-05
0.0002326969416253437,8.4e-05
4.5666981936368885e-05,5e-05
5.8282238474564825e-05,1.6e-05
-3.048782399317433e-05,1.8e-05
4.13099975984887e-05,3.2e-05
4.470533161699161e-05,-1.6e-05
3.249100884793472e-05,-1.6e-05
-8.717762922800714e-06,-3.4e-05
-1.2851648134099416e-05,-5e-05
-5.896329962144225e-05,-3.4e-05
-5.473821421795135e-05,-6.6e-05
-7.522910821212664e-05,-8.4e-05
-7.13008357830791e-05,-0.0001
4.4124544601922356e-05,-6.6e-05
1.1941616344387745e-05,-3.4e-05
-3.0223145951688542e-05,0.0
-0.00029161078627777464,0.0
-2.945273102760968e-05,0.0
-8.868721171232379e-06,1.8e-05
1.5448270021125514e-05,5e-05
8.731258286696473e-05,8.2e-05
0.00013300091812606246,8.4e-05
3.6892064382471046e-05,8.4e-05
9.948084480526261e-05,8.2e-05
2.8458242413705324e-05,8.4e-05
4.113127939320299e-05,8.4e-05
0.00013689206058040224,8.2e-05
-9.534017193382675e-05,3.4e-05
6.585477600819214e-05,3.4e-05
5.37499086940417e-05,3.2e-05
0.00014510516167636156,5e-05
5.722909333935806e-05,0.0
-2.9194261038999995e-05,-1.6e-05
-1.700883943111607e-05,-3.4e-05
-2.5697534576283527e-05,-8.2e-05
-9.643543222361238e-05,-8.4e-05
-3.38028009555252e-05,-6.6e-05
-6.699908413167901e-05,-8.4e-05
-6.680279329062109e-05,-6.6e-05
-7.522910821212664e-05,-8.4e-05
-7.919425420702606e-05,-8.4e-05
-0.00012134122320778589,-6.6e-05
-8.717762922800714e-06,-3.4e-05
-1.7303053800423823e-05,-1.6e-05
-3.416861749783843e-05,0.0
2.032620134096569e-05,0.0
4.5462228370331915e-05,3.4e-05
0.0001166969440633677,8.2e-05
-2.593218812693326e-05,8.4e-05
0.00010788203165889158,8.4e-05
4.153059797146021e-05,5e-05
7.080574008987075e-05,0.0001
1.531083957097157e-06,8.2e-05
7.45418636670708e-05,8.4e-05
7.054726517032152e-05,8.4e-05
6.205016168083397e-05,1.6e-05
7.032620375450339e-05,3.4e-05
1.669694663270162e-05,3.2e-05
1.669694663270162e-05,0.0
-2.9541759140936172e-05,-1.6e-05
-0.00017246806426426663,-1.6e-05
-2.518116165711082e-05,-5e-05
-2.0955272510475525e-05,-6.8e-05
-9.171775582233197e-05,-6.6e-05
-0.00011322592236658802,-6.6e-05
-0.00010960864429408999,-8.4e-05
-0.00014662254468515902,-0.0001
-0.00013330305136239986,-0.0001
-8.785166254083618e-05,-8.4e-05
1.9699166427618766e-05,-5e-05
-8.400884329395137e-05,-3.2e-05
-5.0319831053701025e-05,-3.4e-05
-0.00011763765369340397,-5e-05
-3.38028009555252e-05,0.0
-0.00014321270137707077,0.0
-2.154175352797423e-05,3.4e-05
-4.88653531637057e-07,5e-05
2.045824203986664e-05,0.0
-8.010427882219398e-05,-3.4e-05
1.1696101166674597e-05,-6.6e-05
8.047436431293634e-06,-3.4e-05
-8.132463704801355e-05,-3.4e-05
-8.833318851030641e-05,-3.2e-05
-5.0051893661181784e-05,-5e-05
-8.689999267742013e-06,-6.8e-05
-0.00010896329278946831,-5e-05
-3.768741484591903e-05,-1.6e-05
-2.983000214246556e-05,-1.6e-05
4.088203395973069e-05,1.6e-05
1.2312585718516335e-05,0.0
4.299892798127695e-06,1.6e-05
2.0832965708084622e-05,3.4e-05
4.563695128185841e-05,5e-05
7.854726585234393e-05,8.4e-05
6.694248949501758e-05,8.2e-05
-8.960738273398247e-05,5e-05
4.1282236408899776e-05,5e-05
4.582054495361056e-05,5e-05
-1.3529282499864724e-05,3.4e-05
0.00016577491070939469,0.000116
6.171545197058498e-05,0.000134
0.00018983055840812816,0.000116
9.903635019170942e-05,0.000168
0.0002161971895393028,0.0002
0.00019968015944112698,0.0002
0.0001993541848902664,0.00025
0.00024504472427933684,0.00025
0.0002454109550205711,0.00025
0.00023696064614728228,0.000266
0.0002902291125868931,0.000284
0.0002326969416253437,0.00025
0.00022080572452488846,0.000216
0.00019103669580432527,0.000184
0.0004940603266598511,0.00015
0.00014531716249078188,0.000132
0.00012854726395130953,0.000118
0.0001455305932776677,0.0001
0.0002489578784477663,8.2e-05
0.00016969916935365975,0.000118
0.0001288057339399192,0.000116
8.675319243127803e-05,0.000134
0.00012020060342707211,5e-05
0.00010369916495970982,8.2e-05
9.469915987786252e-05,8.4e-05
9.8483941966406e-05,5e-05
7.880574077189314e-05,5e-05
-3.4276274700732764e-05,1.6e-05
-8.96330645341619e-06,1.8e-05
3.308722354007793e-05,5e-05
-0.00013148369246359908,5e-05
0.00023996761197150304,6.6e-05
0.00011202750211263064,5e-05
3.2713636145239326e-05,3.4e-05
-4.196330865039115e-05,0.0
0.00012390748653282236,3.2e-05
2.8547265904275997e-05,1.8e-05
2.080573829270049e-05,3.2e-05
2.0169995956500038e-05,6.8e-05
3.4531592573769586e-06,5e-05
9.165252464507285e-05,8.2e-05
5.7530598102770124e-05,8.4e-05
0.00015780610808181796,0.000116
8.241881768390631e-05,8.4e-05
3.321390430770301e-05,3.4e-05
0.00019504598356995294,0.0001
8.273609898836452e-05,8.2e-05
5.404472710344265e-05,5e-05
-0.0002497406204988202,6.8e-05
2.0299892313070177e-05,5e-05
6.216262408430635e-05,5e-05
2.8965238342367633e-05,3.2e-05
2.0169995956500038e-05,5e-05
4.52998932116553e-05,3.4e-05
4.1282236408899776e-05,1.6e-05
3.269694645582782e-05,0.0
-4.33301862806648e-06,-1.6e-05
8.036694379513973e-06,-5e-05
-1.3107933716494549e-05,-1.6e-05
-2.0955272510475525e-05,-1.8e-05
8.282237910129453e-06,0.0
1.1875109064658066e-05,0.0
-0.0004928123105723073,0.0
-4.70010735278007e-06,1.8e-05
4.299892798127695e-06,6.6e-05
2.0328513335240735e-05,6.6e-05
0.00020273897902551064,8.4e-05
1.1666807687624786e-05,0.0001
7.015541326725703e-05,5e-05
7.453125721612838e-05,6.6e-05
0.00014064135962804308,0.0001
7.845824266995698e-05,6.8e-05
0.0002689016945622768,0.000116
0.00048761894172489364,6.6e-05
8.696985298356009e-05,-1.6e-05
5.7322502592462485e-05,-1.6e-05
2.4317613834407116e-05,-5e-05
-5.06082530361285e-06,-8.4e-05
-4.220094541946031e-05,-0.00015
-7.62291619213469e-05,-0.000166
-0.00011367644258825447,-0.000168
-0.00014284970533217224,-8.2e-05
0.0003481900386029961,5e-05
2.4793466757940917e-05,3.2e-05
0.00014470533151312746,6.8e-05
1.554710577318955e-05,3.2e-05
0.0005960938916319157,8.4e-05
0.0003401764926300677,8.4e-05
6.647087471401517e-05,-1.8e-05
6.02674199390292e-05,-1.6e-05
-5.911562620559522e-05,0.0
-2.179939018780229e-05,3.4e-05
3.666982053955919e-06,0.0
8.282237910129453e-06,0.0
8.131279661697785e-06,3.2e-05
6.621390373102449e-05,3.4e-05
1.608722363169893e-05,0.0001
0.0001036669807173569,8.4e-05
9.912742957588298e-05,5e-05
6.634708101148854e-05,8.2e-05
6.196985639954705e-05,5e-05
6.608722542886918e-05,8.4e-05
-1.2687413330966464e-05,6.6e-05
4.515541421777423e-05,8.4e-05
7.064465615710144e-05,8.4e-05
3.623393866261336e-05,0.000116
8.705016319578653e-05,0.000116
3.0501992961613495e-05,0.00015
0.00011591896014710075,0.000168
0.00013694161652274127,0.000132
0.00014101464161281416,0.000134
0.00014563695364346404,0.00015
0.00010730999336329447,0.000134
0.00013731258096593034,8.2e-05
0.00011583138666093745,0.0001
0.00011583138666093745,6.8e-05
2.045824203986664e-05,5e-05
1.1941616344387745e-05,0.0001
7.896524187307132e-05,0.000116
0.00031775647702301537,0.000166
0.00010697214017909115,0.0002
0.000336555447319764,0.000234
0.0002075202349611711,0.0002
0.00019940162052860486,0.000184
0.00029052672437354134,0.000182
0.00016136180858138764,8.4e-05
0.00019948085086507288,8.4e-05
0.0001322713954835575,0.0001
-0.0005314044469188558,8.2e-05
8.731258286696473e-05,0.0001
-0.00025711156643138815,0.0
6.947311423269045e-05,-0.000116
-5.919389007791414e-05,-6.6e-05
-0.000678350863220096,-3.4e-05
0.0001694563600290171,0.0
2.4541866492656354e-05,1.6e-05
5.7520235733334754e-05,3.4e-05
3.377449611737806e-06,6.6e-05
0.0004635896055195254,8.4e-05
-2.0221573362183366e-05,0.000116
7.426220050033442e-05,0.00015
0.00010320407890651499,0.000134
0.00012038991205774674,0.000184
0.00014537744815755173,0.000216
0.00017021379178929708,0.000134
0.0001661334294611943,0.0001
0.00017424817803716414,0.000116
0.0001403913412697985,0.00015
0.00012453125038415443,0.00015
0.0001284582309070435,0.000184
0.00014940161749869973,0.000182
0.00016608722655773992,0.000168
0.0001706587794968039,0.000182
7.477088608477016e-05,0.00015
0.0001701699853224573,0.0002
0.00017454186479594152,0.00025
0.00019460077890110655,0.000334
0.00033186476288150484,0.0004
0.00029409504807832373,0.000384
0.0003405502972944296,0.000232
0.00017847790838569814,0.0002
0.00030179494684923213,0.000184
0.00033128149190564426,0.000266
0.0003494808599547883,0.0003
0.00023632354903544426,0.000318
0.00035715849060275113,0.000316
0.00029948085692488313,0.000284
0.00030415540732897975,0.000316
0.0003895556509248462,0.0002
0.0003560447097040674,0.000166
0.0006331123087635999,0.000218
0.00022361647840308388,0.000182
0.00019101466436647742,0.000218
0.00022025805493247936,0.000266
0.00020404473126221852,0.000266
0.0002321214615339503,0.000318
0.00026612145333793156,0.00035
0.0004162359785674362,0.00035
0.00018571452566342034,0.000366
0.00046572253272531363,0.0004
0.0006408820099145831,0.000484
0.00039871579813001136,0.000482
0.0004317237440705792,0.000468
0.0004576471133230847,0.000432
9.786551832259165e-05,0.000434
0.00045346220521493496,0.000434
0.00044162361110121025,0.000416
0.0004615606619666771,0.000416
0.00046511342362628316,0.000384
0.0005642685427821991,0.000384
0.0005783126475316852,0.00035
0.0003829189218892217,0.000382
0.0003746377836895416,0.000368
-0.000606762536292834,0.00035
0.0003621626250054488,0.000366
0.0002868920499463595,0.00035
0.00035828223199929794,0.00035
0.000353820540393101,0.000416
0.00034556460915633006,0.0004
0.0005326392086409264,0.0004
0.00041214834803445703,0.000434
0.00039088203421257364,0.000434
0.00041657530610256086,0.000432
0.00043731258928348207,0.00045
0.00043731258928348207,0.000434
0.0004246377867194467,0.00045
0.0004412822717427548,0.000466
0.0004497147306149225,0.000468
0.0004541554164186952,0.000516
0.0004743859173578416,0.0005
0.0004869698328443454,0.000534
0.0005038960914765114,0.00055
0.0005245312450377584,0.000532
0.0005285472783286716,0.000568
0.0005456369680208261,0.000482
0.0005322029191107614,0.000418
0.0004986021164478746,0.000416
0.0004694624334021984,0.000416
0.0004322963247695253,0.000418
0.0004169424835841861,0.00035
0.00039130996086928513,0.00035
0.000291369599454105,0.000316
0.00035757984924800033,0.000184
-1.6630789227813465e-05,8.2e-05
0.00023034683611862215,0.000118
0.0001727864799066837,0.000132
0.00018731258399583547,0.0002
0.00011578947367487955,0.0002
0.0002575305929641023,0.000234
0.00022832564400272474,0.00025
0.0003943956639360203,0.00025
0.000232991160925591,0.000266
0.00024971471849530194,0.000268
0.00025828224566324585,0.000266
0.0003474979516534501,0.000284
0.00027080574727855175,0.000282
0.0002747934769765271,0.0003
0.0003581448560238188,0.000334
0.000299480837201125,0.0004
0.0003278819049517913,0.000434
0.0003656895090943688,0.000432
0.0005659911763710574,0.000468
0.0004329012129843127,0.000466
0.0004495745341420286,0.000484
0.0004620274838744503,0.000482
0.0004747934496486313,0.000484
0.0006303652231766962,0.000384
1.6733785447636832e-06,0.00035
0.000423530258252095,0.000332
4.67028120773942e-05,0.000334
0.0006011780453214072,0.000384
0.0003494808599547883,0.00035
0.000357890044792345,0.000332
0.00020755341032237078,0.000334
0.000502829864558715,0.000366
0.00047880573542549704,0.000384
0.0005616035869242107,0.000416
0.0003020853200166412,0.00045
0.0004032040576384295,0.000518
0.00044076661380981487,0.000532
0.00047781359094329284,0.000568
0.0005159383531168401,0.00055
0.0005415305999176093,0.000582
0.000557530591419775,0.000618
0.00057887907441809,0.000632
0.0005947052996109993,0.000618
0.0006120380254510152,0.000632
0.0006248188629388374,0.000634
0.0006288330027489687,0.000616
0.0003609801462571465,0.0006
0.000591047410320481,0.000568
0.0006038961369838379,0.000582
0.0006201554564580926,0.000568
0.0005791699998507271,0.0006
0.0005791699998507271,0.000582
-0.0006675234667389434,0.000568
0.0005791699998507271,0.000566
0.000679851698439541,0.000584
0.0005747934557084417,0.000582
0.000578805702037791,0.000584
0.0005747934557084417,0.000584
0.0005834438226605941,0.0005
0.0006092448257175686,0.000416
0.00034948084023103015,0.000366
0.00046444048844589586,0.00035
0.00040655027210274234,0.000334
0.00035828223199929794,0.00035
0.00041621613646674243,0.00035
0.00035814487574757696,0.000366
0.00034971472455511224,0.000368
0.000365736096611107,0.00035
0.00011121132313871609,0.00035
0.00035828223199929794,0.0003
0.00034136958276025195,0.000332
0.0006824188244571308,0.00035
0.0003358498101483725,0.000384
0.0006145442445034535,0.000434
0.0003740353806682804,0.000432
0.00041205016316641177,0.00045
0.0004243859143279365,0.0005
0.0004533171961450537,0.000534
0.0004779978897393987,0.000516
0.0004992228231166942,0.000518
0.0005166969683026089,0.00055
0.0005291554406873111,0.00055
0.0005330872140834294,0.00055
0.0005416524927429446,0.000532
0.0010094661110756791,0.000518
0.0005371626553338749,0.00055
0.0005958205203440276,0.00055
0.00030676340097344573,0.000516
0.0005330872140834294,0.0005
0.0004570570179269059,0.000484
0.0005118920635809326,0.000482
0.0004951554291595716,0.000534
0.0004994808493207456,0.000566
0.0007687131854572213,0.000618
0.0005487740712012869,0.000666
0.000594751255967477,0.000666
0.00018168488297938713,0.000584
0.00030653549294808153,0.000384
0.0005721420303485406,0.000232
0.00015818377860277627,0.000234
0.00039948084326093527,0.000284
0.00028197045947149816,0.000332
0.0002694779044327216,0.000368
0.0003032480750067986,0.000382
0.0003743024403535622,0.00035
0.00035753059902391256,0.000384
0.00037065875216890816,0.000334
0.0003164438411947149,0.000316
0.0003494808599547883,0.000366
0.00034933914475251726,0.000468
0.00036954116458490254,0.000566
0.0005042999157007698,0.000566
0.0008965569053100397,0.00055
0.0005364906274463624,0.000534
0.0005536669438842892,0.000516
0.0006233989495899869,0.000484
0.00042477088263940843,0.000434
0.000491056990007129,0.000466
0.0004742622099467569,0.000516
0.0004742622099467569,0.00055
0.0004903913526172553,0.00055
0.0002968865712923279,0.000518
0.0004534211403504773,0.000466
0.0005201470086297964,0.000434
0.000490884367675845,0.0004
0.0005330872140834294,0.000466
0.0004081448590537239,0.000434
0.0004329189249191268,0.0004
0.00042854727226886125,0.0004
0.00023594140122138707,0.000432
0.00041608722198350747,0.000518
0.0004894470579723107,0.00055
0.00047348331873761526,0.00055
0.0006028331842098936,0.000566
0.0005455645818284344,0.000566
0.0009258575736696943,0.000534
0.0005536670227793218,0.000534
0.0007279979048889244,0.00055
0.000499948105151198,0.00055
0.0005417949377242671,0.00055
0.0004198790750393459,0.00055
0.0004258149795005662,0.0005
0.0005369606840504713,0.000482
0.0005197498904833072,0.00045
0.0002608917185895727,0.00045
0.0004699652708923442,0.000468
0.0004451051699939133,0.000466
0.0005080367000238677,0.000466
0.0004490781265970381,0.000484
0.00047080573967441414,0.000484
0.00047477088566931356,0.000466
0.00047477088566931356,0.000466
0.0004700290575261847,0.000484
0.00047477088566931356,0.000466
0.00047029986472551404,0.000434
0.00010403878835120664,0.000434
3.5636936634906776e-06,0.0004
0.00036641885422305045,0.000332
0.00039896617151590256,0.000268
0.00024067064560681943,0.000282
0.0003192170607611606,0.000268
2.110643931296815e-05,0.000282
0.00023603619360303138,0.000318
0.00019853677318146782,0.0003
0.00013829791088969544,0.0003
0.00029968016550093726,0.000266
0.000295530582643625,0.00025
0.000278458249858638,0.000284
0.00027453124961199075,0.0003
0.0003494808599547883,0.0003
0.0002829911639554961,0.000282
0.00029128224292928126,0.000268
0.0002871626401843492,0.00025
0.0001918449655512237,0.000232
0.00028272252636956275,0.000234
0.0002456369301176371,0.000216
0.0002326969416253437,0.000218
0.00022479347394662193,0.000216
0.00022080572452488846,0.0002
0.00021231257564890895,0.000166
0.00019948085086507288,0.0002
0.00010633216339856396,0.000168
0.00018308721259785148,0.000182
-0.00021695292976545632,0.0002
-0.00016017239177929231,0.0002
0.00018716262426265987,0.000234
0.0003786587873675073,0.00025
0.00021694247146456555,0.000216
0.0002594668348536697,0.000184
0.00022038992797943609,0.000184
0.00020782133785301094,0.000182
7.571729610277585e-05,0.000168
0.00017932619763787256,0.000182
0.00017883296561794335,0.000134
9.971470940558655e-05,0.00015
0.00015804743812459972,0.00015
0.00016601086602808197,0.00015
0.00014859507358063896,0.00015
0.0002778224347910794,0.000166
0.0001538205381353595,0.000184
3.4766057750321946e-05,0.000134
0.00015803669853828984,0.0001
0.00014520407632345817,0.000116
0.00021216263563949151,0.000184
0.0001538205381353595,0.000166
0.0001247934580249326,0.000134
-4.0471023901967536e-05,0.00015
0.00015803669853828984,0.000116
9.935417389951661e-05,6.6e-05
9.089004360270777e-05,8.4e-05
-0.0003885637281130556,5e-05
5.4126311963539206e-05,1.6e-05
1.608722363169893e-05,3.4e-05
7.002904068335297e-05,1.6e-05
4.1282236408899776e-05,3.4e-05
-1.3030143214371113e-05,-1.6e-05
1.649100964117596e-05,-1.8e-05
0.00021871313240450657,-1.6e-05
-4.546841424645444e-06,1.6e-05
-3.8107935231447115e-05,0.0
6.123393832846361e-05,1.8e-05
-4.219388924498397e-05,1.6e-05
2.038991894165275e-05,0.0
8.282237910129453e-06,-3.4e-05
4.1036695343754064e-05,-1.6e-05
-8.96330645341619e-06,0.0
-3.7851649649051975e-05,-3.4e-05
0.00016121131630674214,-3.2e-05
-8.446896898583439e-05,-3.4e-05
-9.753944986201433e-05,-3.4e-05
-3.7837374579094613e-05,-5e-05
-3.768741484591903e-05,-3.2e-05
-9.24465782714228e-05,-5e-05
-4.171776265430591e-05,-1.8e-05
-9.22550014085615e-05,-5e-05
-3.7837374579094613e-05,-3.2e-05
-3.7837374579094613e-05,-6.8e-05
-3.470892519751996e-05,-1.6e-05
3.5645713707281238e-06,0.0
-2.962697563800116e-05,-6.6e-05
-3.824680035066621e-05,-8.4e-05
-0.0005175685461603472,-0.000116
-6.755173397301971e-05,-0.000118
-0.0004882873648737396,-0.0001
-4.3027859048745204e-05,-6.6e-05
-0.00010051916731435794,-3.4e-05
-8.030082607210779e-05,-1.6e-05
-0.0001714527246424841,-5e-05
-4.1963303719451625e-05,-3.4e-05
-3.38028009555252e-05,-5e-05
-0.0002098118445103089,-5e-05
-4.617945426050289e-05,-3.2e-05
-5.433300933062278e-05,0.0
0.0004298789415237715,0.0
-2.103475925579942e-05,1.6e-05
0.0004976574667752832,-3.4e-05
1.9574515357980282e-05,0.0
-4.955273611900483e-06,1.8e-05
-5.191563236081274e-07,1.6e-05
-5.191563236081274e-07,1.6e-05
0.000538885801740445,5e-05
1.5991160300389136e-05,0.0
2.0044727286684646e-05,0.0
-4.1985345019178536e-05,0.0
-2.852892578144221e-07,1.8e-05
7.665332995692254e-06,0.0
4.299892798127695e-06,-1.8e-05
-3.198304892656565e-07,-1.6e-05
-0.00012611093088305252,1.6e-05
-4.844583881191368e-06,-5e-05
-1.758117851402489e-05,-6.6e-05
-6.680280315250017e-05,-5e-05
-3.828454669281598e-05,-6.6e-05
-5.8205039463320174e-05,-0.000134
-7.980551319569429e-05,-0.00015
-0.00018819210066622726,-0.000134
-0.00012180552047451656,-5e-05
5.77949605641256e-05,3.4e-05
4.5530598312471405e-05,3.4e-05
0.00014844272727272787,6.6e-05
7.826554155288142e-05,6.6e-05
3.820546303932482e-06,1.8e-05
4.548202855803962e-05,1.6e-05
-2.067379968892936e-05,0.0
0.0003071696314961978,1.6e-05
1.2312585718516335e-05,5e-05
7.477088608477016e-05,8.4e-05
0.00016920134169808276,5e-05
6.669694842987187e-05,6.6e-05
0.00025659913848571,0.0001
-0.0001226186225421605,5e-05
8.29803974567471e-05,5e-05
-0.00010996213348756267,5e-05
-5.4894830719500845e-05,5e-05
4.994810746768894e-05,6.8e-05
-1.3396462712517047e-05,1.6e-05
0.0001408213389211152,3.4e-05
4.152023313655507e-05,-1.8e-05
2.4227994624703725e-05,0.0
7.520235168899388e-06,0.0
3.530597197323557e-06,0.0
-5.63453418931776e-07,1.8e-05
4.299892798127695e-06,1.6e-05
8.282237910129453e-06,3.4e-05
2.4793466757940917e-05,0.0
-4.185512876790599e-05,-1.8e-05
-6.297249863015827e-05,0.0
3.530597197323557e-06,1.8e-05
-3.1983295473542343e-07,0.0
0.0001497147124354917,1.6e-05
4.155413804246623e-06,1.6e-05
1.231258448578145e-05,3.4e-05
1.619719960891017e-05,3.4e-05
8.282237910129453e-06,1.6e-05
2.4770886136702233e-05,1.6e-05
3.703802450731532e-05,1.8e-05
2.0658775338028045e-05,3.2e-05
4.959989314678514e-05,1.8e-05
2.0832966324452063e-05,3.2e-05
2.4818840140059432e-05,6.8e-05
3.703802450731532e-05,3.2e-05
2.032620134096569e-05,1.8e-05
1.5991159067654254e-05,1.6e-05
0.00010776564176207859,1.6e-05
1.879232226845171e-05,1.8e-05
1.2312585718516335e-05,1.6e-05
1.644383904083758e-05,0.0
1.2312585718516335e-05,0.0
8.282237910129453e-06,3.4e-05
1.2148349682648505e-05,3.2e-05
1.608722363169893e-05,3.4e-05
2.4637798229517273e-05,3.4e-05
3.344383864103286e-05,1.6e-05
2.880573820426359e-05,-1.6e-05
6.184532059062023e-05,0.0
8.036694379513973e-06,3.2e-05
7.438589804954009e-05,5e-05
5.404472710344265e-05,5e-05
1.1721748215937373e-05,0.0
3.249100915611844e-05,1.8e-05
0.00032682772925022154,5e-05
5.429989336256306e-05,3.2e-05
4.971471130662095e-05,3.4e-05
3.970833968021215e-05,3.4e-05
4.582054495361056e-05,6.6e-05
4.1144869062564816e-05,3.4e-05
4.165252654610725e-05,3.2e-05
4.1144869062564816e-05,3.4e-05
8.282237910129453e-06,1.6e-05
2.880573820426359e-05,1.8e-05
2.4793466449757195e-05,-3.4e-05
7.865346696100028e-06,-5e-05
-1.3246803766653174e-05,-6.6e-05
-0.0001516704066596639,-8.4e-05
-5.417945987346483e-05,-8.4e-05
-0.00010508489188289012,-5e-05
-7.135534238871249e-05,-6.6e-05
-0.0006246513143224704,-6.6e-05
-6.680280315250017e-05,-6.8e-05
-6.268741142993207e-05,-0.0001
-7.536219427020927e-05,-8.2e-05
-7.934121592896362e-05,-8.4e-05
-8.380278919261173e-05,-0.000116
-0.00014262240874331056,-0.0001
-0.0005679807362879642,-0.0001
-0.00010028528299027585,-6.8e-05
-9.64354223617333e-05,-8.2e-05
-8.783737267806021e-05,-6.8e-05
-7.983001010331024e-05,-0.0001
-5.1412339879225447e-05,-0.000116
-9.195256716304686e-05,-0.000116
-0.00010048865466050779,-0.0001
3.820546303932482e-06,-0.0001
-0.00010820503263134623,-8.4e-05
-7.145272844455288e-05,-8.4e-05
-0.00010028528299027585,-0.0001
-0.00010925498744867306,-0.00015
-0.00010517319514810479,-0.000116
-7.145272844455288e-05,-6.6e-05
-0.000108751430041355,-6.8e-05
-7.935533813979535e-05,-0.0001
-8.803015269016835e-05,-0.000132
7.908882107972812e-05,-8.4e-05
0.00019230656066308852,-0.0001
-7.985297841966996e-05,-8.4e-05
-0.0001004886447986287,-8.2e-05
-0.00010454683762257666,-0.0001
-9.171776568421105e-05,-0.000118
7.446130690786753e-05,-0.000116
-0.00011285165419390969,-0.000134
-0.0003850252859018627,-0.00015
-8.052688992608541e-05,-0.000116
-0.0001293553411697005,-0.000116
-0.0001293553510315796,-0.000184
-0.0002306053206781849,-0.000166
-0.0005014199558643178,-0.0001
-1.714522428774843e-05,-3.4e-05
-0.0001584694030535464,-5e-05
-0.00010051915745247886,-8.4e-05
-1.1466109831830725e-06,-3.2e-05
-0.00013006343394898106,-5e-05
-5.446940898007375e-05,-3.4e-05
-7.985297841966996e-05,-3.4e-05
-0.00010031982915266662,-6.6e-05
0.00012405146010540096,-3.4e-05
-5.871775855629654e-05,-3.2e-05
1.669694663270162e-05,-1.8e-05
-3.7938764557838414e-05,-5e-05
-3.378609493237647e-05,-3.2e-05
-3.3286363934138515e-05,-6.8e-05
-4.246940056063084e-05,-8.2e-05
-5.846940685561518e-05,-0.0001
-0.00044944737978234257,-0.0001
-8.78373825399393e-05,-0.000118
-0.00010031982915266662,-0.000132
-0.0001251779675371621,-0.000118
-8.3786083169463e-05,-0.00015
-9.237635183054793e-05,-0.000132
-0.00013328636506300927,-0.000118
-0.00012983000327133632,-0.000132
-0.00011701959987005485,-0.000134
-0.0001291670285888122,-0.000116
-7.067379778789496e-05,-8.4e-05
-0.00011699907729970507,-0.000116
-0.00012546874504161312,-0.00015
-0.00011708104923855525,-0.000118
-8.39127787299067e-05,-0.000116
-0.00010051915745247886,-0.00015
-0.00015005189479005255,-0.00015
-0.00013391277189793278,-0.000166
-0.00010894299704233722,-0.000184
-0.00023827827679546738,-0.00015
-1.784997535709822e-06,-6.6e-05
-7.935533813979535e-05,-0.0001
-0.00012612468820435857,-6.8e-05
-9.684391125479301e-05,-3.2e-05
-0.00013004064314644465,-3.4e-05
-1.6802800122595034e-05,-6.6e-05
-5.042542712386921e-05,-5e-05
-4.5844584294718976e-05,-1.8e-05
-7.536219427020927e-05,-5e-05
-0.00012221050840050554,-3.2e-05
7.014702573910592e-05,-5e-05
-7.135534238871249e-05,-5e-05
-4.570010776630768e-05,-6.8e-05
-5.031983598464055e-05,-8.2e-05
1.1323550193689765e-05,-8.4e-05
-7.520653437092981e-05,-0.0001
-8.3786083169463e-05,-6.6e-05
-8.330305819437377e-05,-6.8e-05
-5.913464977032597e-05,-8.2e-05
0.00023155720426094135,-5e-05
0.00032908282541395915,-6.8e-05
-6.728636066905931e-05,-5e-05
-8.330304833249469e-05,-0.0001
-3.3802796024585657e-05,-6.6e-05
-0.00010028527312839679,-8.4e-05
-7.546874201170795e-05,-6.6e-05
-7.935533813979535e-05,-3.4e-05
-6.29498360320498e-05,-0.0001
-5.4363038752398366e-05,-6.6e-05
-6.708103634677103e-05,-5e-05
-0.00020273675494991426,-8.4e-05
-7.546874201170795e-05,-0.0001
-0.00018025009276409034,-3.2e-05
-0.000206960183557721,-6.8e-05
-3.7837374579094613e-05,-5e-05
-6.312488438558568e-05,-6.6e-05
-7.161008458703279e-05,-6.6e-05
-6.268741142993207e-05,-3.4e-05
0.00018638305258386227,-1.6e-05
1.2312585718516335e-05,-1.8e-05
2.932620126073566e-05,0.0
8.036694379513973e-06,3.4e-05
-5.191563236081274e-07,0.0
3.530597197323557e-06,-1.6e-05
-4.603476077075199e-05,-1.8e-05
2.8832965619647723e-05,-1.6e-05
-1.2687413330966464e-05,-3.4e-05
-0.001124848227175324,-1.6e-05
0.0003035720377343284,-5e-05
-7.145272844455288e-05,-0.0001
-0.00014030847660902673,-0.000116
-0.00012135534541861762,-0.000134
-0.0001168028061824053,-0.00015
-0.00012546874504161312,-0.000134
-0.00019658905677373412,-0.000116
-0.00013380280208439595,-0.00015
-0.00015885514059158596,-0.000166
-8.877669693595237e-05,-0.000184
-0.00036117370020489624,-0.0002
-5.253331501869247e-05,-0.000216
-0.00031708104163441763,-0.000284
-0.00022194592024480216,-0.000334
-7.863314287344122e-05,-0.00025
-0.0002720823327860373,-0.000232
-0.00027596459954921194,-0.000168
-0.0002474699425661481,-0.000116
6.836826672937163e-06,-3.4e-05
-0.0002099615872821449,0.0
-8.114346446757369e-05,1.8e-05
0.00045859811404579863,1.6e-05
-5.191563236081274e-07,-3.4e-05
-5.191563236081274e-07,-5e-05
-0.00014625008123635096,-0.0001
-0.00034900425977204923,-6.6e-05
-7.134122017788075e-05,-6.6e-05
-7.095527554038066e-05,-8.4e-05
-0.000638786424492037,-0.0001
-9.58445873246241e-05,-0.0001
-0.00018803935988315323,-6.6e-05
-8.785165267895711e-05,-0.000118
-9.646940639701695e-05,-8.2e-05
3.209142060892162e-05,-8.4e-05
-8.797250014511085e-05,-8.4e-05
-9.237634196866886e-05,-8.2e-05
-0.00017212577816542025,-0.000134
-9.654684187149379e-05,-0.0001
-0.00010051915745247886,-8.4e-05
-0.00010051914759059978,-8.2e-05
-0.00010051915745247886,-8.4e-05
-0.0008895963365985082,-0.0001
-0.00022169400840577562,-0.000116
-3.378386121676656e-05,-8.4e-05
-9.633301660944505e-05,-0.0001
-0.00010028528299027585,-5e-05
7.849258173288722e-05,-3.4e-05
-5.896329962144225e-05,-0.0001
-0.0005041745759268329,-0.0001
-7.173446260589446e-05,-5e-05
-0.0007907059102768967,-3.2e-05
1.8848727285806557e-05,-6.8e-05
-6.312488438558568e-05,-6.6e-05
-0.00031391987546902016,-0.0001
-6.709876800534328e-05,-6.6e-05
-4.2446575241517675e-05,-5e-05
-7.095527554038066e-05,-6.8e-05
9.061388140304213e-05,-6.6e-05
-4.844583881191368e-06,-5e-05
-5.871775855629654e-05,-0.0001
-7.145272844455288e-05,-8.4e-05
6.83049105543455e-05,-8.2e-05
6.844842308407746e-05,-0.000134
-0.0001887094351186095,-0.000166
-0.00011737843420198478,-0.000168
-0.00017116704572951353,-0.000182
-0.00016293876720166174,-0.000168
-0.0003004001071060578,-0.000182
-0.0001751811658158867,-0.0002
-0.00018328636809291442,-0.000184
-0.0001837860892292733,-0.00015
-0.0003057114784893784,-0.000116
-9.186872146717295e-05,-0.000118
-0.00023379707839246515,-0.0001
-0.00010484458747553187,-0.000132
-0.00015539922258447127,-0.0001
-0.00011283738405489187,-0.0001
-7.15417614888189e-05,-8.4e-05
-0.00010443542797469525,-0.000116
-6.730305683032897e-05,-0.0001
-6.285166102588362e-05,-6.8e-05
-7.995527569128842e-05,-5e-05
-0.0001756823859578646,-8.2e-05
-7.545813062982602e-05,-0.000134
-8.42774611561266e-05,-0.000116
-9.630083729803166e-05,-8.4e-05
-0.00021473862233356233,-0.0001
-5.971450853602753e-05,-0.000134
-0.00015953046234670878,-8.2e-05
-4.435429311294275e-06,-5e-05
-8.985340356733797e-06,-5e-05
-6.71686196948134e-05,-8.4e-05
-9.689013388200554e-05,-0.0001
-0.00010834746775078954,-8.4e-05
-3.768741484591903e-05,-5e-05
-7.995527569128842e-05,-3.2e-05
-0.0003977918433887881,-8.4e-05
-2.945273102760968e-05,-1.6e-05
2.0213790712358434e-05,1.6e-05
-5.189309674642558e-08,0.0
2.4541866492656354e-05,1.8e-05
-9.661460284260055e-05,3.2e-05
-7.806115388723946e-05,6.8e-05
-0.00011678403902653043,6.6e-05
2.038991894165275e-05,3.4e-05
-5.051915935351326e-05,3.2e-05
-2.5206531341024685e-05,1.8e-05
1.644383904083758e-05,5e-05
0.0001246377981256531,8.2e-05
4.490432461291538e-05,0.0001
6.172174878037275e-05,0.000118
0.0003573599096209267,0.0001
0.00017415644283803227,0.0001
0.0001417949627944213,8.2e-05
-0.00020742785358709444,1.8e-05
-6.384836169621924e-05,-3.4e-05
-5.462254423831066e-05,-8.4e-05
-0.00010896329278946831,-0.0001
-0.00012522911124203178,-0.0001
-8.017319363315222e-05,-8.2e-05
-9.171775582233197e-05,-8.4e-05
4.018020347366114e-05,-8.4e-05
9.01649193582691e-05,-8.2e-05
-0.0001296737911068288,-0.0001
-0.0001464694094269221,-8.4e-05
-0.00021853702367710486,-0.0001
-9.171776568421105e-05,-8.4e-05
-9.185512193593205e-05,-6.6e-05
-8.38027990544908e-05,-6.6e-05
-7.935534800167444e-05,-5e-05
-6.691277296603699e-05,-3.4e-05
8.282237910129453e-06,-1.6e-05
-4.196330865039115e-05,-1.8e-05
-4.179454378089921e-06,0.0
9.968016324319578e-05,1.8e-05
0.00031405726645918346,0.0
3.7053324361988853e-06,-1.8e-05
-3.38028009555252e-05,-3.2e-05
-0.00011691278585782121,-6.8e-05
-3.0120942367921273e-05,-8.2e-05
-0.0001261926069655305,-0.0001
-7.112094524691864e-05,-0.000134
-9.661460284260055e-05,-0.000134
-0.00017995526202734056,-0.000132
-0.00010871776158620168,-0.000134
-0.00022770640160108186,-0.000134
-0.00013355615648879412,-0.000116
-0.00012985297158769603,-0.000116
-0.00013380280208439595,-0.0001
-0.00010028528299027585,-0.000134
-0.00012536219730011443,-0.000116
-2.5614098148391113e-05,-8.4e-05
-8.484014052848396e-05,0.0
-7.11942584559432e-05,-6.6e-05
-6.755172411114064e-05,-0.000218
-9.39640847755742e-05,-0.00035
-0.00020200066429594706,-0.000316
-0.0002402339663105656,-0.0002
-0.00014171775885223712,-0.000134
-0.00024471579587382854,-0.000116
-0.0002052293054379582,-0.00015
-0.0002082050485530356,-0.000184
-0.0001918687078032251,-0.000166
-0.00019220505705086987,-0.000216
-3.0063427889170774e-05,-0.0001
-0.00016755174003283,-1.8e-05
6.557252409819926e-05,1.8e-05
-5.0319831053701025e-05,3.2e-05
8.223600310060087e-05,3.4e-05
7.520235168899388e-06,1.6e-05
-5.189309674642558e-08,1.8e-05
3.283138081768989e-05,6.6e-05
6.644383837253806e-05,8.4e-05
0.00011214833971690529,0.0001
-3.895791086494292e-05,6.6e-05
6.14606160844135e-05,3.4e-05
-1.6556159457932744e-05,-1.8e-05
-0.00015938610416084637,-8.2e-05
-1.390401564793423e-06,-0.000118
-0.00012520653740083498,-0.000116
0.00015315607430909544,8.4e-05
4.0911149924957196e-05,0.000316
0.0002912822232055231,0.00035
0.00013703801639067443,0.0002
0.00018319720213514644,0.000216
0.00022015541249509335,0.000218
0.00018319720213514644,0.000182
0.0002897796870338037,0.00015
0.0002033774568004188,0.000168
0.0003229674742011366,0.000182
1.4065596360387459e-05,0.0002
0.00021181502412594602,0.000184
0.00017932619763787256,0.000166
0.0005534154659679419,0.00015
0.00017453125341405958,0.000118
0.00033918111345152777,8.2e-05
-3.4081044011675124e-05,3.4e-05
9.492936572105058e-05,3.4e-05
8.282237910129453e-06,1.6e-05
-2.1167036639798115e-05,0.0
2.0644653127196302e-05,0.0
0.00012820060904003403,3.4e-05
3.731258415163169e-05,3.2e-05
1.608722363169893e-05,6.8e-05
3.290123558899722e-05,8.2e-05
0.0001036669807173569,0.0001
-6.959268929457829e-05,0.000134
0.00018249100283664778,0.000134
0.00017479346105483772,0.000132
0.00016991764942263067,0.000134
0.00010674338403212673,8.4e-05
8.716262806472869e-05,5e-05
-0.00035475263074082796,5e-05
2.4531252953488355e-05,1.6e-05
0.0001247934580249326,-1.6e-05
2.4317613834407116e-05,-1.8e-05
7.350045416796024e-05,-1.6e-05
8.036694379513973e-06,-3.4e-05
4.9401621300768534e-05,-1.6e-05
-2.1194260356977592e-05,-3.4e-05
7.832851458169851e-05,-1.6e-05
-3.342470637376677e-05,-3.4e-05
-2.5229115044100577e-05,-3.2e-05
-7.973446821885639e-05,-1.8e-05
-0.00012206341847414004,-3.2e-05
-8.37640024222198e-05,-1.8e-05
-2.5468743912742358e-05,-3.2e-05
-8.689999267742013e-06,-3.4e-05
-7.11942584559432e-05,-1.6e-05
-0.00010106140301139811,0.0
5.415541436868199e-05,5e-05
4.537744949415077e-05,8.2e-05
0.00014948083797328867,0.000118
0.0001492228314929954,0.00015
0.00017883296561794335,0.00015
0.00010366698564829643,0.00015
0.00011231257945097776,0.0001
5.7432023690501514e-05,3.2e-05
-0.00020703801350736072,-1.6e-05
-0.00010093318872157727,-3.4e-05
-8.812489576241732e-05,-8.2e-05
-0.00012161008761693794,-8.4e-05
7.834624130933123e-05,-3.4e-05
-5.189309674642558e-08,0.0
-4.873686286334154e-06,1.8e-05
-5.189309674642558e-08,0.0
-5.189309674642558e-08,0.0
-4.612881351146589e-05,1.6e-05
-5.189309674642558e-08,0.0
-7.21180995636916e-05,3.4e-05
1.1460617985447895e-05,-1.8e-05
1.1696101166674597e-05,-5e-05
-2.5229115044100577e-05,-1.6e-05
1.6713636630296847e-05,1.6e-05
8.282237910129453e-06,0.0
-1.3107933716494549e-05,-8.2e-05
-2.1425481973710118e-05,-0.000118
7.065877343699365e-05,3.2e-05
8.714834806383178e-05,5e-05
-0.00043640275675309054,0.000118
-0.00029521680208437196,0.0001
0.0006593634868764734,0.000132
0.00011996523982112916,0.000118
0.00010788203165889158,0.000132
0.00012016999215443124,0.000168
0.00019922284438477958,0.000182
0.00014935418186036128,0.0001
0.00014470533151312746,1.8e-05
0.0001153866948098028,-3.4e-05
6.446538517507086e-05,-8.4e-05
-1.6887135448557816e-06,-0.000132
-2.1711466604931917e-05,-8.4e-05
-0.00017256613078976303,-6.6e-05
7.548960357167647e-06,-6.8e-05
-8.816215394155301e-05,-3.2e-05
1.6696945399966738e-05,0.0
4.520407396185255e-05,1.6e-05
0.0001284582309070435,3.4e-05
-0.00016352448392353234,3.2e-05
2.0155413935556546e-05,6.8e-05
3.702749695140548e-05,8.2e-05
5.3462227819619436e-05,0.000118
0.00013283138256292806,0.0002
0.00011572758052182089,0.0002
0.0002665752772890873,0.000266
0.00026657529701284543,0.000266
0.00030804743735243605,0.0003
0.0003412822262354283,0.0003
0.00021231257564890895,0.000218
7.22936067164699e-05,0.000216
0.00015779905683828115,0.0002
0.0001495998905774512,0.000184
0.00020415540126916948,0.000132
0.00018221613254314063,0.000118
0.000157647114867412,6.6e-05
9.933912467205207e-05,5e-05
-5.0777165833806545e-05,0.0
4.5666981936368885e-05,0.0
-5.0319831053701025e-05,-3.4e-05
3.2551524493604256e-06,-3.2e-05
-0.00015479593199409358,-5e-05
0.00010605300318766028,-1.8e-05
9.101465337572763e-05,3.4e-05
-6.939154640901672e-05,0.000166
0.00040803669396405736,0.0004
0.0006785472479708707,0.000618
0.0002989587098755135,0.0008
0.0004901135632075428,0.000966
0.0006907777531589344,0.001084
0.0008626449011911427,0.000466
-0.0004313667684809889,-0.000384
0.0005186673717412832,-0.000682
0.00010370415507052047,-0.000768
-0.00035409480395917967,-0.000816
-0.0007676197247385007,-0.0008
-0.0007677843786714942,-0.000616
-0.00040923438443896343,-0.000484
-0.0006824048055741636,-0.000316
-0.0006583838716897652,-0.000234
-0.00010128036631244359,-0.000216
-0.00031512752173271536,-0.000168
-9.178660306721148e-06,-6.6e-05
-4.220503809927537e-05,-5e-05
-0.00012672027666718068,-3.4e-05
0.00021746448044762814,-1.6e-05
-1.75089895592146e-05,-1.6e-05
-0.0001888807951293723,-3.4e-05
3.820546303932482e-06,0.0
-1.6802795191655493e-05,5e-05
0.0003867961393703112,6.6e-05
0.00015803669853828984,0.0001
5.310516616045276e-05,0.000116
8.344383673999846e-05,0.0001
0.00010415541000217783,0.0001
0.0001455305932776677,0.0001
0.00010382054003639392,0.000118
8.234707744459382e-05,0.0001
0.00010429989146152867,6.6e-05
7.932619650900184e-05,6.6e-05
9.8866878730789e-05,0.0001
9.128223080966073e-05,6.8e-05
-0.00015205464519208448,8.2e-05
8.319720100627571e-05,0.0001
5.325515054832603e-05,8.4e-05
8.321390209848489e-05,8.4e-05
0.0001702200836681453,6.6e-05
7.915540848722526e-05,5e-05
2.865877567334376e-05,3.4e-05
9.912742464494344e-05,5e-05
-2.697889345510571e-05,8.2e-05
5.356456946969372e-05,6.8e-05
2.8645676439850962e-05,6.6e-05
-0.00012183476094596635,3.4e-05
-4.179454378089921e-06,1.6e-05
4.545315913978992e-05,3.4e-05
3.705016078224884e-05,5e-05
3.731258415163169e-05,5e-05
-1.6556159457932744e-05,0.0
-0.00016699910005336837,-3.4e-05
-9.403296653703048e-06,-6.6e-05
-1.3566821742553982e-05,-6.8e-05
-9.762867028198273e-05,-8.2e-05
-0.00020187829810041616,-0.0001
-7.084457594779247e-05,-0.000118
-9.246940852147552e-05,-0.000182
7.907838721166947e-05,-0.0002
-0.00015104212606771664,-0.000218
-0.0002378516519067935,-0.000216
-0.0002006533935483442,-0.000216
-0.0002211942675456586,-0.000234
-0.00022935534722951076,-0.000234
-0.00020470013673068902,-0.000266
-0.0002379498367748387,-0.00025
-0.0006658241466322124,-0.00025
-0.00045618406882424534,-0.00025
-0.0006239937636734362,-0.000266
-0.00025417945226932723,-0.000268
-0.00020051915365041007,-0.000232
-0.000254363060733898,-0.000268
-0.0002588834502443342,-0.00025
-0.00025028527235623315,-0.00025
-0.0002503198481042611,-0.000232
-0.00022934122501867902,-0.000268
-0.0007009979979021867,-0.000232
0.00018291295319464138,-0.000218
-0.00020871776764601197,-0.000232
-0.00023768741217272096,-0.00025
-0.00023328637112281957,-0.000268
-0.00020499441520221073,-0.00025
-0.00023350899318100088,-0.00025
-0.00020005189781995767,-0.000232
-0.00024587369881948234,-0.000218
-0.00025031982838050296,-0.000232
-0.00015113313148779715,-0.000234
-0.0001327531727090785,-0.00025
-7.178677987437377e-05,-0.000234
-0.00030077081514039096,-0.000232
-0.00019570012671790216,-0.000234
-0.00023768741217272096,-0.00025
-0.00023378609225917842,-0.000234
-0.0006033689059139408,-0.000216
-0.0002752291203317472,-0.00025
-0.00021268743038152656,-0.000216
-0.0002417177649120474,-0.000218
-0.00023768741217272096,-0.000232
-0.00028883829649038034,-0.000268
-0.00022967380702851813,-0.00025
-0.00027919426632664663,-0.0003
-0.00026312488664332717,-0.000382
-0.00030125611820954596,-0.000468
-0.00035205465731170504,-0.000582
-0.00043559270200608,-0.00065
-0.0007395944734755271,-0.000684
-0.0005980468442537057,-0.000716
-0.0006592334134005818,-0.000784
-0.001080025829001001,-0.000884
-0.0007688999544321691,-0.00095
-0.0008357314631601122,-0.001
-0.0009065048044008274,-0.001082
-0.00098079378718832,-0.001118
-0.0012018736841678385,-0.001132
0.00022033085532379213,-0.001168
-0.0011257656186141592,-0.00115
-0.001142469432701967,-0.001132
-0.0011458737533577748,-0.001118
-0.0011424693538069344,-0.001116
-0.0010172251463825797,-0.001116
-0.0011206738121065075,-0.001068
-0.0011050255346595813,-0.0011
-0.0011004886758110943,-0.00115
-0.0009487297414175341,-0.001166
-0.001121970925337148,-0.001084
-0.0011258434880113152,-0.001032
-0.0011093293375818284,-0.00105
-0.0010842762988812244,-0.001084
-0.0010630584266093448,-0.0011
-0.0012395976595758816,-0.001116
-0.0010881079939285155,-0.001068
-0.000823822968047522,-0.001082
-0.0007159763776274799,-0.00115
-0.0006531106855022131,-0.00115
-0.0011134393743040603,-0.0012
-0.0017400321648193486,-0.001284
-0.0012223544401503274,-0.001284
-0.001230921651738141,-0.001282
-0.0012633965039435687,-0.001318
-0.001455655651046614,-0.001316
-0.0009059882786225291,-0.001116
-0.001260064214452506,-0.000918
-0.0004207549526763599,-0.000816
0.00026584654359690813,-0.0008
-0.0009156223088408834,-0.000884
-0.0008557001903811597,-0.001
-0.0008769536443127326,-0.001032
-0.0009312971739137887,-0.001
-0.000980398996445292,-0.00095
-0.0010543539376648428,-0.000934
-0.000979970990893548,-0.000916
-0.000950777146408006,-0.000984
-0.0008474732530688617,-0.001016
-0.0005013905280171657,-0.001068
-0.0009973663199419156,-0.001116
-0.0013364105430045757,-0.00115
-0.0010887539075602442,-0.001184
-0.0011305645667608756,-0.001232
-0.0014314553887531621,-0.0012
-0.0011922343679823014,-0.0011
-0.0010353134893971263,-0.000984
-0.001131401958636675,-0.000866
-0.0010406020601160314,-0.000818
-0.0009447132742039416,-0.000816
-0.0008726928391832413,-0.0008
-0.0006387390085774567,-0.0007
-0.00036127519866430987,-0.0005
1.2542250391090294e-05,-0.000316
-0.0002378516519067935,-0.000218
-0.00018472156735432717,-0.00015
-0.0001506608460990178,-0.00015
-2.179939018780229e-05,-8.2e-05
-0.00011895576286458962,-3.4e-05
-1.3030143214371113e-05,-5e-05
1.1969857067846571e-05,-3.4e-05
-5.048865656154219e-05,-3.2e-05
3.666982053955919e-06,0.0
-3.4939658651238393e-05,1.6e-05
2.032620134096569e-05,3.4e-05
2.00966198779964e-05,6.6e-05
-1.3672255091717481e-05,8.4e-05
0.00012851217538556976,8.2e-05
0.0001283899078088296,0.0001
8.269694239750737e-05,0.000118
9.563694568261936e-05,0.0001
0.00013344383483896406,0.000116
0.0001330872194298254,0.0001
-5.191563236081274e-07,8.4e-05
1.158655171573324e-05,6.6e-05
0.00011977684834520826,6.6e-05
5.382054686836785e-05,6.8e-05
7.080574502081027e-05,6.6e-05
4.506222439147917e-05,6.6e-05
2.416230033363008e-05,5e-05
0.0001064423403115613,3.4e-05
9.128223080966073e-05,5e-05
4.582054495361056e-05,5e-05
-3.6370839196929144e-05,5e-05
4.299892798127695e-06,5e-05
-1.4087134482416128e-05,6.6e-05
5.382054686836785e-05,6.8e-05
2.3128126988288936e-05,6.6e-05
7.864465190818431e-05,6.6e-05
5.77949605641256e-05,6.8e-05
4.088203395973069e-05,6.6e-05
6.644383837253806e-05,8.4e-05
6.669694842987187e-05,8.2e-05
9.968016324319578e-05,8.4e-05
9.130999693018919e-05,0.000116
5.715027473634132e-05,0.000118
0.00017416231065608037,0.000132
0.0001373125908278094,0.000134
0.00017038991508765188,0.000166
0.00013706123125401096,0.00015
0.000157794954296587,0.000168
0.00017929989600638636,0.000182
0.00021216261591573338,0.000218
0.0003036669879060379,0.000216
0.00011573609132346042,0.000184
0.00022080572452488846,0.000216
0.0001972186541484031,0.000366
0.00024374402132471402,0.00055
0.0005637358829697382,0.00075
0.0004655385889568544,0.000968
0.0006529346462516961,0.0011
0.0012033126262342249,0.001216
0.001004206810413861,0.001334
0.0011511325562165652,0.001416
0.0012635349402929138,0.0015
0.0013638994414032417,0.00155
0.001447957838284995,0.001616
0.0015186884973130846,0.001684
0.0015857820953392569,0.001684
0.0016321196726142705,0.001716
0.0016740938812174393,0.001716
0.0016995998563000825,0.001718
0.001724637826049464,0.00175
0.0017081448194887086,0.00175
0.0017330871684586037,0.001766
0.00174556441786106,0.001766
0.0017577950413916724,0.001818
0.0017743614203327266,0.001832
0.0017947564174148015,0.00185
0.0018157224567426872,0.001868
0.0018415305998001103,0.0019
0.0018618752618513993,0.001916
0.0018828548711248886,0.0019
0.0018955645452933241,0.001916
0.0019077950110338716,0.00195
0.0019200447271623682,0.00195
0.0019284582512267168,0.001934
0.0019371483812752894,0.0019
0.0019329912442186076,0.001716
0.0015996800864884057,0.0016
0.0017841182112217748,0.0015
0.001187684230335509,0.001434
0.0015598582921640724,0.001366
0.0014728588462578184,0.001318
0.0008477623000354012,0.0013
0.0013532132670304065,0.001182
0.001289821345037834,0.00105
0.001209836850953391,0.000918
0.001108955429589602,0.000832
0.0009849011959416447,0.000684
0.0008677021516745246,0.0006
0.00041593369225010766,0.000516
0.0005451554321894768,0.000518
0.00041202748084454515,0.000466
0.0004910366745362398,0.00045
0.0006686669863558357,0.0004
0.00036933051484791513,0.000316
0.00023321392105007938,0.000234
0.00020753058993419716,0.000184
0.00014529989434052603,0.00015
0.00021945044593147878,0.000166
0.00019994810669552528,0.000216
0.0007061437441792908,0.000218
0.00036921106776858966,0.0002
0.00017064465728597217,0.000182
0.00019128223686947098,0.0002
0.00017479346105483772,0.000218
0.0002042998777975808,0.000216
0.0006966058081106185,0.000234
0.00021669693039941983,0.000216
0.00022080572452488846,0.000216
0.00021621389556245152,0.000218
0.00019968015944112698,0.000216
0.00021644383513490462,0.000184
0.00021644383513490462,0.0002
0.00022403539130232315,0.000166
0.00019103669580432527,0.000166
0.00017864465303705503,0.000168
0.00016694248815841856,0.00015
0.00022795112928306963,0.00015
0.00015828223960343555,0.000116
0.0002236128886791015,0.0001
3.731258415163169e-05,3.4e-05
-5.983792636668385e-07,1.6e-05
-3.7851649649051975e-05,-5e-05
-4.6294670593706244e-05,-3.4e-05
-1.2687413330966464e-05,-3.2e-05
-6.680280315250017e-05,-5e-05
-0.00031088060212895805,-6.8e-05
-7.116702980782417e-05,-5e-05
-5.433300933062278e-05,-6.6e-05
-5.871775855629654e-05,-0.0001
-8.479487450354144e-05,-6.6e-05
-7.095527554038066e-05,-6.8e-05
-7.536219427020927e-05,-8.2e-05
-7.934121592896362e-05,-6.8e-05
-3.7851649649051975e-05,-5e-05
-1.7652918753337382e-05,-5e-05
-6.283737116310765e-05,-6.6e-05
-5.871775855629654e-05,-8.4e-05
-6.285165116400455e-05,-0.000132
-8.37640024222198e-05,-0.000168
-9.636304603122065e-05,-0.0001
-0.00012179939624761255,-5e-05
-0.00011357657133888783,-3.2e-05
3.2246630251784676e-05,0.0
-6.322592919856194e-05,0.0
-2.103475925579942e-05,-1.8e-05
1.619719960891017e-05,-5e-05
-9.765562279748773e-05,-1.6e-05
-3.8107935231447115e-05,0.0
-2.145273034558728e-05,1.6e-05
0.0001515758166684061,1.8e-05
-4.5844589225658516e-05,3.2e-05
-2.5362201102183214e-05,3.4e-05
-0.00018812488209846945,-8.2e-05
-0.00014171777857599529,-8.4e-05
-0.00012561408941538278,-8.4e-05
-0.00013378608619936814,-0.0001
-0.00037082698081119993,-0.000116
-0.0002326886229084806,-0.000116
-0.00013768742583666885,-0.000134
-0.00011680279632052624,-0.000134
-0.00012522911124203178,-0.00015
-0.00013768740611291071,-0.000116
-0.00015005189479005255,-0.000134
-8.768741294488463e-05,-0.0001
0.00017139232578597044,-0.0001
-0.00019706080962104356,-0.0001
-7.161008458703279e-05,-8.2e-05
-5.048865656154219e-05,-0.000118
-8.805837738807369e-05,-0.000132
-0.00011680279632052624,-0.000134
-0.0001721753242458802,-0.0001
-0.00012134122320778589,-8.4e-05
-0.00026470485828952343,-8.2e-05
-0.00010028528299027585,-8.4e-05
-6.352449758748018e-05,-5e-05
1.5991160300389136e-05,-5e-05
-5.191538581383571e-07,-3.4e-05
-5.4955274176335855e-05,-8.2e-05
-0.00014570010396423887,-0.00015
-8.010426896031491e-05,-0.0002
-0.00023380279828232715,-0.000234
-0.00015446940517800496,-0.00025
-0.00013518556573478054,-0.00025
-0.00026870882064045196,-0.00025
-0.00028482488645930037,-0.000266
-0.00025417945226932723,-0.000268
-0.00021268741065776843,-0.000216
-0.0002673030689499495,-0.00025
-0.00025066087188258625,-0.000266
-0.0002505191369565571,-0.000234
-0.0003172837229731145,-0.000184
-0.00012135534541861762,-8.2e-05
3.300091946266149e-05,0.0
0.00033153640175590877,0.0001
0.0001830009211559676,0.000182
4.7524619718789334e-05,0.000184
0.00022477087051978788,0.000234
0.0002331971953031725,0.000232
0.00020779494746461308,0.000218
0.00022083296303488655,0.0002
0.00019104744525251424,0.0002
0.00020814486665786156,0.0002
0.00020828222290958254,0.000216
0.00020828222290958254,0.000216
0.00017883296561794335,0.000218
0.00021231257564890895,0.000232
0.00019968015944112698,0.000218
0.00021669693039941983,0.000232
0.00023294248269048942,0.000234
0.00024933909924519074,0.000234
0.00023297100324476693,0.000232
0.00043297103508814564,0.000234
0.00019582055527606084,0.0002
0.0002036669818462276,0.0002
0.00021621389556245152,0.000234
0.00026619719256920795,0.000266
0.000258036684874342,0.000266
0.00023731257716386154,0.000268
0.0002698224390399965,0.00025
0.00029971472152520706,0.000266
0.00024153060146193654,0.000266
0.00027015541552499853,0.000268
0.0002659012178544858,0.00025
0.00026231259840257224,0.000232
0.00026619719256920795,0.00025
0.00025366696515237463,0.00025
0.0002861480106178599,0.000234
0.00021231257564890895,0.000216
0.00022080572452488846,0.000234
0.00019582055527606084,0.000216
0.00024971471849530194,0.00025
0.00017409389880095483,0.000234
0.00023689204691645436,0.000234
0.00023694161272067246,0.000232
0.00019515541098014079,0.000218
0.0001664438321049995,0.000166
0.00019128224673135006,0.000184
0.00021669693039941983,0.0002
0.00022080572452488846,0.000216
0.0002831972180568358,0.00025
0.00021694247146456555,0.000216
0.0002200447424881424,0.000234
0.00020776563796000977,0.00025
2.431761445077456e-05,0.00025
0.00028047068462591906,0.0004
0.00028182359636835135,0.0005
0.00034736953026416877,0.000584
0.00043041586166799164,0.000816
0.000571190240675501,0.001116
0.0007480760595201598,0.001368
0.0009636397736117812,0.001582
0.0012134104803491143,0.0017
0.0014359842547705267,0.001784
0.0016046241226000358,0.001866
0.0017303936920463378,0.00195
0.0018226929906611559,0.001968
0.0018901823261707471,0.002
0.0020247709401488567,0.00205
0.001991057041456767,0.00205
0.002016133354191982,0.00205
0.002036960538262528,0.00205
0.0020499480807357083,0.002066
0.002053820722304908,0.00205
0.0020538205645148433,0.002016
0.0020450447544608894,0.002
0.002032347072337406,0.002
0.0020159911853432737,0.002018
0.0020082821939198603,0.002016
0.0020082821939198603,0.002016
0.0020123124677641543,0.002034
0.0020208056758114082,0.002034
0.0019447707459529302,0.00205
0.002033197087418418,0.00205
0.0020417949102788722,0.00205
0.0020458204504212115,0.002016
0.002041131245264813,0.002034
0.0020371483084400672,0.002016
0.002012162567202253,0.002
0.0020161971013783063,0.001984
0.002008036672578473,0.002016
0.002003666834513957,0.002034
0.002008036672578473,0.002066
0.0020242620671887183,0.002034
0.002037050005229473,0.002032
0.002041144815210417,0.002
0.0020324188668170533,0.002018
0.00202065861547068,0.002
0.0020286445284584476,0.002
0.0020042998882553753,0.002016
0.0020082821939198603,0.00205
0.0020159910275532084,0.0018
0.001964073993574169,0.00175
0.0019007574163377103,0.0017
0.0018216613592151455,0.001634
0.0016873125861360779,0.0017
0.001694976922971051,0.001732
0.0016906138698793368,0.001634
0.0016739441384456032,0.001666
0.0016820892616091162,0.0017
0.0016820892616091162,0.0017
0.0016743176275298348,0.001668
0.0016830872837712476,0.0016
0.0016659864698794992,0.001516
0.0016192496837396332,0.0015
0.001569321277951794,0.0015
0.0015279693933656128,0.001434
0.0014867154964098954,0.00135
0.001388455362503562,0.00125
0.0013811777691182937,0.0012
0.0013062586517055882,0.00115
0.0012356655856143174,0.001132
0.0011818579899695741,0.000968
0.0011103404318865359,0.000766
0.001000165491265006,0.000666
0.0008785296270507097,0.000518
0.0002149939811211902,0.000316
0.0005622990071888831,0.00025
-2.852892578144221e-07,1.6e-05
0.00027055659676566556,-0.000266
7.334002605014926e-05,-0.00065
-0.0011543476321220468,-0.000934
-0.00046748298146760957,-0.001166
-0.0007623270514779015,-0.001434
-0.001053168539800335,-0.0016
-0.0012898070894697693,-0.001716
-0.0014841239768125544,-0.00175
-0.0016280627566817969,-0.00185
-0.0017312145403981275,-0.001934
-0.0018146258402226634,-0.00195
-0.0018729723459867409,-0.002016
-0.001938967093999145,-0.00205
-0.0019886764871765434,-0.001866
-0.0019722423363100925,-0.0016
-0.001887400353964759,-0.00165
-0.0017959542262322564,-0.001618
-0.0016861504867390132,-0.001666
-0.00163414524811355,-0.00185
-0.001698246515344045,-0.001916
-0.001765572853716327,-0.00175
-0.0017978638016008118,-0.001518
-0.0010086938320345898,-0.001482
-0.0016708890316368247,-0.00145
-0.0015529251789238785,-0.001434
-0.001471799310403107,-0.001384
-0.0014383792168123435,-0.001266
-0.0013852879091683901,-0.001366
-0.0013640141792134442,-0.00155
-0.0013940285320378136,-0.001734
-0.001483439325719829,-0.00185
-0.0016295589220796354,-0.001934
-0.0017705713274004371,-0.001966
-0.0015431734373169154,-0.001884
-0.0019096086744756424,-0.0017
-0.0018735534867967219,-0.00145
-0.0015819793792017547,-0.0014
-0.001613347570785189,-0.001482
-0.001510843041916141,-0.001518
-0.00134661466872835,-0.001382
-0.0019880022502281186,-0.0014
-0.001446897513479958,-0.001484
-0.0016768074214008125,-0.001584
-0.0014644847941425916,-0.001582
-0.0016711208252425435,-0.0017
-0.001618706910348318,-0.001784
-0.0016646050422918634,-0.001866
-0.001735606469071766,-0.001918
-0.0018190520093404414,-0.00195
-0.0018810570355552979,-0.001966
-0.001925948309093063,-0.001984
-0.0019551038105927714,-0.002032
-0.00198376416686801,-0.002034
-0.0020047380956991537,-0.00205
-0.0020256140368998337,-0.002016
-0.0020333031467750368,-0.001768
-0.0019698649133983405,-0.001616
-0.0015682761009930123,-0.001666
-0.0017703217035173553,-0.001784
-0.001710236666815355,-0.001834
-0.0017271738524095332,-0.001766
-0.0017640142034526854,-0.001566
-0.0011465416787035932,-0.001284
-0.0010868587699826508,-0.001266
-0.0014756575930763775,-0.001168
-0.001324674591328237,-0.001182
-0.0012262569040418423,-0.001134
-0.0011887053142799855,-0.001
-0.0011227861477087924,-0.00105
-0.0010932581038652434,-0.0013
-0.0017157097730154636,-0.001266
-0.0011572426853425533,-0.001168
-0.00119841153345315,-0.001
-0.000901852601014709,-0.00095
-0.0010991519572740988,-0.000832
-0.00028141742972594765,-0.000934
-0.000930515008560795,-0.000916
-0.0009091292476595861,-0.001018
-0.0009266389745051942,-0.000932
-0.0009509900841009381,-0.000818
-0.0008507771403481957,-0.000932
-0.0009267626030212464,-0.001084
-0.0009304588352975985,-0.000916
-0.0007386124670050095,-0.00075
-0.00037655113100497676,-0.000484
-0.0008139915424576537,-5e-05
-0.0005581139657235002,0.000416
0.0006493541529881383,0.000568
0.0004949027678177356,0.000566
0.0005786587994871279,0.0006
0.0005357280280614484,0.000766
0.000622953271550945,0.001
0.0008994687631724858,0.00125
0.0014958878328975942,0.00145
0.001110112030767218,0.00165
0.0013315299140663074,0.00165
0.0008979212371084378,0.00145
0.001547519898018956,0.001318
0.0015135046203024127,0.00125
0.0014132175152190454,0.001382
0.0013481583833980018,0.001518
0.00136454748520085,0.0015
0.0011689805060668419,0.0013
0.001422790322892118,0.001216
0.0013802979317149666,0.001334
0.0013349409407998843,0.001532
0.001342625080288035,0.001684
0.001437039870306441,0.0018
0.001583172721031721,0.001866
0.001717354394431785,0.00195
0.0018225886914280856,0.001984
0.0018982149450178017,0.001884
0.0019198096199652811,0.001566
0.0012669847044874873,0.001284
0.0016726658811277494,0.00115
0.0009997146850488465,0.000932
0.0006399155852129998,0.00075
0.0010239345922054106,0.00055
0.0002785472631791459,0.000318
0.0006318303039316985,-0.00015
0.0003586843797041141,-0.000384
7.434150480089549e-05,-0.0005
-0.0001867714575383254,-0.00075
-0.00045135853305154963,-0.0011
-0.0006903051174515823,-0.00125
-0.0009072822360518663,-0.0014
-0.0011309781345216576,-0.001584
-0.0013379474182392255,-0.001482
-0.0014320300601704716,-0.001268
-0.001436368498012021,-0.001332
-0.0014195760059075937,-0.001384
-0.0013684428729722649,-0.001366
-0.001338598617838137,-0.001418
-0.00137577206370884,-0.001382
-0.0013879725493370072,-0.001468
-0.0014094727080354564,-0.0014
-0.0014177972385030551,-0.00125
-0.001030605349432909,-0.001132
-0.00029505492920127685,-0.001
-0.0011991581171464504,-0.001
-0.00109808458637833,-0.000968
-0.0010265665549250966,-0.000932
-0.0009756974836638112,-0.000834
-0.0006348656569529636,-0.0008
-0.0008852059069304886,-0.000884
-0.0008637415665768305,-0.000916
-0.0008342106036170762,-0.00085
-0.0008635668140796668,-0.001
-0.0009138808587867549,-0.0013
-0.0010207675333454016,-0.001184
-0.0010877674829679021,-0.000982
-0.0011197780379065992,-0.000784
-0.0014444186315563084,-0.000784
-0.0009376085398350552,-0.000832
-0.0005130800105193151,-0.000718
-0.0007805069127302403,-0.000732
-0.0006666612229278815,-0.0008
-0.0007716701168161024,-0.0008
-0.000763439313647208,-0.00075
-0.0004016226311432045,-0.00055
-0.0001305995256953591,-0.000334
-0.000613063369727251,-0.0004
-0.0005124650631878737,-0.00045
-0.0007076595788730737,-0.000266
8.446529565774545e-05,-8.4e-05
-0.0001041794530414909,-8.4e-05
0.00020074674138656994,-8.2e-05
-5.0921908632952796e-05,-0.00015
-0.00012117320637402867,-0.000118
-0.00010919388324594021,-0.000116
-0.00028527926267568415,-0.000266
-0.00016401984610934118,-0.0003
-7.935533813979535e-05,-0.000118
3.3197199825472894e-05,0.0
-2.852892578144221e-07,5e-05
-9.193889513478772e-06,3.4e-05
5.3530597761758926e-05,6.6e-05
5.782862901927892e-05,8.4e-05
8.696985791449963e-05,5e-05
5.9478284703001065e-05,0.0
-0.0001688332912182941,-8.4e-05
1.0931572551667103e-05,-0.000132
-6.312488438558568e-05,-6.8e-05
-2.119425542603806e-05,-3.2e-05
4.935418319696031e-05,-1.8e-05
0.0002288955619943213,-1.6e-05
-5.443542494479011e-05,0.0
-2.1194260356977592e-05,-1.6e-05
-1.2687413330966464e-05,1.6e-05
-2.119425542603806e-05,-1.6e-05
-1.6556159457932744e-05,-1.8e-05
1.619719960891017e-05,-1.6e-05
-5.0319831053701025e-05,-1.6e-05
-1.6556159457932744e-05,-3.4e-05
-4.617945919144242e-05,-1.6e-05
-2.0700106251355104e-05,-1.8e-05
1.2148349682648505e-05,3.4e-05
-1.2687413330966464e-05,1.6e-05
-4.643542426276771e-05,0.0
-8.717762922800714e-06,0.0
4.497451530447862e-05,3.4e-05
6.621390373102449e-05,8.4e-05
5.8047434530259236e-05,6.6e-05
1.1969857067846571e-05,8.4e-05
0.00033205777957871074,5e-05
4.1794960432815675e-05,3.2e-05
3.34438392574003e-05,3.4e-05
7.864567261266831e-05,1.6e-05
-4.873686286334154e-06,1.8e-05
2.4793466449757195e-05,8.2e-05
7.880574077189314e-05,8.4e-05
0.00011619720320325068,0.000116
0.000141652527674978,0.0001
0.00019177018292221737,6.8e-05
2.038991894165275e-05,5e-05
2.4531253261672077e-05,0.0
-1.6802800122595034e-05,-1.8e-05
0.0001492228314929954,1.8e-05
0.0003586456422431175,0.0
1.1875109064658066e-05,5e-05
-3.198304892656565e-07,5e-05
0.00010320407397557544,0.000116
0.00022600626811119295,0.0001
7.032620375450339e-05,5e-05
6.644383837253806e-05,5e-05
2.4818840140059432e-05,3.4e-05
2.0644653127196302e-05,3.2e-05
-0.0001311609526090743,6.8e-05
8.696065678132504e-05,6.6e-05
4.957457153953175e-05,8.4e-05
0.00022634034912665104,0.0001
-4.363050515311845e-06,6.6e-05
0.00012438589614850569,5e-05
7.453125721612838e-05,1.6e-05
5.724857548146568e-05,3.4e-05
-5.0660874555784284e-05,0.0
8.282237910129453e-06,1.6e-05
0.00022075065579214793,1.8e-05
2.880573843540138e-05,5e-05
6.671363472926245e-05,8.2e-05
-5.578857483939495e-06,6.8e-05
5.803669494394935e-05,6.6e-05
0.0001655725153651909,6.6e-05
8.321389716754535e-05,5e-05
-4.6843913155827414e-05,6.8e-05
8.344383673999846e-05,0.0001
7.91699942063734e-05,8.2e-05
2.8389919084353642e-05,6.8e-05
0.00013966996453940734,8.2e-05
9.994810556665455e-05,3.4e-05
-5.092190370201327e-05,0.0
0.00010355805133206222,0.0
0.00022454183824020943,0.000234
6.196985886501683e-05,5e-05
0.0001331971991052413,6.6e-05
7.865877411901605e-05,0.0001
7.826554155288142e-05,0.000118
4.52998932116553e-05,0.0001
7.054727010126106e-05,8.2e-05
0.00010736959856040832,8.4e-05
9.56369506135589e-05,0.0001
0.0002120612160751105,0.000166
7.477088608477016e-05,8.4e-05
0.00016598038295986906,8.4e-05
0.00011623599983552168,8.2e-05
3.34438392574003e-05,3.4e-05
0.00010814486552899082,0.000116
-7.798139100930153e-05,0.0001
0.00014515541781211474,0.000134
9.506222002497501e-05,0.000134
0.0001834438378688692,0.00015
0.00012882679891361795,0.000116
9.566698003533449e-05,0.000134
8.344383673999846e-05,0.000132
0.00018714834426176297,0.000134
0.00013269693556553343,0.000134
0.0001743858991784108,0.000116
1.5621549400102775e-05,0.00015
0.0001246377981256531,0.000134
0.0002116543741158559,0.000166
0.00033259692850760126,0.000184
0.00015803669853828984,0.00015
0.00013269693556553343,0.00015
0.00024546221706798967,0.000166
0.00018308722245973053,0.0002
0.0006061202273997718,0.000234
0.00018669608834937976,0.000316
0.00032463778065963645,0.000384
0.0005115606649965822,0.00045
0.0004619606992293717,0.000516
0.0006695900976845327,0.0006
0.0007892586353664253,0.0006
0.0005399374725247304,0.0006
0.0005780966329324823,0.000516
0.0003996801715607475,0.000384
0.0003412485775040331,0.000366
0.00033213342019119637,0.000368
0.0005123126135520979,0.0005
0.00046169612473761617,0.000516
0.0005407450026306984,0.000484
0.0005703980556533697,0.000532
0.000911625304267506,0.000468
0.00043241880930760504,0.0004
0.00033689205297626464,0.000332
0.0004311472580675204,0.000368
0.0003907581295639074,0.000382
0.00036987903256192444,0.000818
0.0004791553982098896,0.000432
0.00047083295846065407,0.000434
0.0004286446681865807,0.000434
0.00036196069316956145,0.00045
0.00043731258928348207,0.001
0.0005734778415926613,0.000532
0.0005982562861323724,0.00045
0.0006023269147858307,0.000918
0.00033630179979002073,0.00045
0.001071492438949332,0.000466
0.0004958205142842172,0.000466
0.0003659911642514367,0.0004
0.00045762364205089226,0.000418
0.00040382054342300613,0.000416
0.00040382054342300613,0.000384
0.0001781193600482613,0.0003
0.00037831263541206455,0.000282
0.0002286446560669602,0.00025
0.00036097004769297626,0.00025
0.0004191308345503614,0.000268
0.0002665752772890873,0.00025
0.0002365554412599537,0.000266
0.0002582822259394877,0.000266
0.0003161971955991131,0.000334
0.000303820557086954,0.000284
0.000405611460662562,0.000182
0.00013469392663018707,0.0003
0.000273594430271383,0.0002
0.00024022910955698797,0.000268
0.0002331971953031725,0.000266
0.00026231259840257224,0.000284
0.00022477087051978788,0.000232
0.0003202998753595568,0.0003
0.00024971471849530194,0.000284
0.0004079344460018343,0.000366
0.00043234705427547395,0.000468
0.0004293261634780029,0.00045
0.0005360095649852085,0.000532
0.0004596312839449441,0.000518
0.000491156082168049,0.0005
0.00043271364004435485,0.00045
0.000499229213614333,0.000382
0.00046119143321420475,0.000234
0.00012887117736944394,0.0001
0.0002881432265442805,-5e-05
0.00016253448462189195,3.4e-05
7.692470568137332e-05,3.2e-05
2.768014570219647e-05,1.8e-05
7.647118105045451e-06,5e-05
3.321390430770301e-05,3.2e-05
3.2713636145239326e-05,6.8e-05
4.153059797146021e-05,8.2e-05
5.7530598102770124e-05,0.000318
0.00012219981341451703,0.000416
0.0002172769272314284,0.000484
0.00044885339409673526,0.0006
0.00045195400832462795,0.000616
0.0005269470109353443,0.000634
0.0005820437908599536,0.000566
0.0006033774415921437,0.000466
0.0005688806280442508,0.000368
0.00026149061078188407,0.0003
0.0004225064768618264,0.000266
0.0003481054039567964,0.000216
0.00015366697881632248,0.000184
0.0002403913374677297,0.000234
2.8013690015704437e-05,0.000216
4.971471130662095e-05,0.000116
-5.433300933062278e-05,-1.6e-05
-0.0006131621857555569,-0.00065
-9.18627254446969e-05,-0.0015
-0.001438107975690335,-0.0013
-0.0008809554370502652,-0.00105
-0.0011328656981761233,-0.001
-0.0012174884312259183,-0.000816
-0.001045785463756508,-0.000884
-0.0006045468481978699,-0.00065
-0.000840641416617668,-0.000416
-0.0006959734099622928,-0.0003
-0.0005680638522047867,-0.000218
3.269694645582782e-05,1.8e-05
4.922283529506419e-05,-6.8e-05
-0.00012546874504161312,-5e-05
-2.1610081557127657e-05,-6.6e-05
3.696065929872688e-05,-3.4e-05
2.8306000425983772e-05,-8.2e-05
-7.15325998031606e-05,-0.0001
-0.00013330305136239986,-0.000134
-8.839646232643522e-05,-5e-05
-7.983001010331024e-05,-6.6e-05
0.0001413400540365676,-3.4e-05
-2.1341222078915154e-05,0.0
0.0003321023947196345,0.00015
1.0447639050968318e-05,0.000166
-7.546874201170795e-05,-8.2e-05
0.0002617217337798258,0.000182
6.634708347695832e-05,0.00015
0.0001013220428352693,-3.2e-05
-6.779487860155082e-05,1.6e-05
-7.070010928126024e-05,-5e-05
3.7148348732131304e-05,5e-05
-4.978836106474321e-06,0.00015
3.714834934849875e-05,3.4e-05
-8.868721171232379e-06,0.0
5.711474485151308e-05,-1.8e-05
2.4035401371930524e-05,8.4e-05
0.00017709100274610314,8.4e-05
0.00021214833591483648,0.000166
0.00014994810366562015,0.000184
0.0003664438245008619,0.0003
0.00018158750678542583,0.0003
0.0008042275476878089,0.000432
0.0004247934466187262,0.0004
0.0003565338391823025,0.000418
0.0003862151563503954,0.00045
0.0005081448651135343,0.000516
0.00047827228666271035,0.000534
0.00045382054645291126,0.0005
0.0004992228625642105,0.0005
0.0012339564825235465,0.00055
0.0007077656682590612,0.00075
0.000572443606610576,0.000932
0.0006787469312983296,0.001118
0.0005679250908571635,0.001216
0.0009995703860342584,0.001166
0.0011053373822905363,0.001134
0.001157570548665122,0.001016
0.0011311743220348508,0.00085
0.0010384280830604698,0.000784
0.000942588448753677,0.000866
0.0005535688773587928,0.00085
0.0008367154964686449,0.000718
0.0008030450689395066,0.000266
0.0002608078531699406,0.00035
0.0005399411016962291,0.00025
0.0004610980214956306,0.000366
0.00030674338135892865,0.000368
0.0003322910919138066,0.000416
0.00034848394232311306,3.4e-05
4.8455021441590686e-05,0.0
0.00019982203243346314,0.000216
0.00016238818364585226,0.000184
0.00010619399354181949,1.6e-05
0.00010159849102942805,-8.4e-05
7.995596131374951e-05,-0.000216
-2.8621793751663233e-05,-0.0002
0.00047598007038614405,0.000684
0.0007856515544768882,0.00065
0.0004593952300074661,0.000666
0.00044068988839063126,0.000634
0.0006580366696660668,0.000682
0.0006575534375915171,0.0007
0.0005936960349067254,0.0008
0.0012818700669693691,0.000634
0.0005203898869875925,0.000534
0.0003866961004690003,0.000516
0.0006182051318052098,0.000466
0.000535985817580402,0.000334
0.00046055881339546564,0.00025
0.0003888877255790277,-3.4e-05
0.00024945625836857133,-0.000266
6.510850542955239e-05,-0.000684
-0.0001919777210144919,-0.00085
-0.0004665479964365093,-0.001166
-0.0007495480285758285,-0.001166
-0.0009716565589901192,-0.00105
-0.001061201237542422,-0.0006
-0.0010012826693591645,-0.000468
-0.0008282813263385925,-0.000432
-0.0006436056486621264,-0.00035
-0.0004647364481459339,-0.000268
-0.0003814169821393206,-0.000166
0.00014492936382001618,-3.4e-05
-0.000143060808715597,1.8e-05
2.0119363220239782e-05,5e-05
-9.657885353096293e-05,1.6e-05
6.1960660197312e-05,3.4e-05
-9.200943222485336e-06,5e-05
3.714834934849875e-05,8.2e-05
6.608722296339942e-05,6.8e-05
8.144869331059615e-06,3.2e-05
5.753059563730036e-05,0.0001
7.804307728476523e-05,0.0001
1.5831380601127164e-05,3.4e-05
-0.00012934121895886877,-0.000134
2.2627210715459962e-05,-0.0003
-7.885388131271973e-05,-0.000516
-0.0002340454596787837,-0.0007
-0.0004178123257512078,-0.00065
-0.0005453390059156052,-0.000584
-0.0007303493168727575,-0.0005
-0.0006103590452480054,-0.000416
-0.000849096912839349,-0.0004
-0.0004754687761128282,-0.00045
-0.0004964693714649836,-0.0005
-0.00044245104718822046,-0.000534
-0.0003674274727523796,-0.000466
-0.000488303893383065,-0.0003
-0.0002796939874630055,-0.000134
-5.048865163060265e-05,-1.6e-05
-0.0002332156220023538,-3.4e-05
-0.00012379489816852625,-0.000182
-9.320983840223461e-05,-0.000318
-0.0002401630791237929,-0.000532
-0.00027104437001366263,-0.0006
-0.0004121385894832493,-0.000684
-0.0005368618530074812,-0.000766
-0.0007049944257775039,-0.00075
-0.000701622609875119,-0.000784
-0.0006059379648598288,-0.0006
-0.0007268148983082261,-0.000484
-0.0006574844683183583,-0.000466
-0.0002385293010653774,-0.000334
-0.0004733399514487341,-0.000282
-0.00039362654069623437,-0.000318
-0.00035172578336839717,-0.000316
-0.0003129725039178049,-0.00025
-0.00029219386001605387,-0.000266
-0.00028824680070737327,-0.000234
-0.00026726389756627375,-0.000216
-9.281186227226612e-05,-0.00015
-5.871775855629654e-05,-5e-05
4.1144869062564816e-05,0.0
0.0001542998944914338,0.00015
-1.5184692590025633e-05,0.000366
0.0009742688279810287,0.000666
0.00028929183959984804,0.000668
0.00045708699803928614,0.000716
0.0006005565102547455,0.000866
0.0007269762931120518,0.000818
0.0007650466966081517,0.000816
0.0005942884971538815,0.000716
0.0008026449922292956,0.000668
0.0005565001433992535,0.0006
0.000698049429416759,0.000566
0.000440264446927446,0.000334
1.231258448578145e-05,5e-05
0.00038204212194464885,-0.0004
0.00012857014351075758,-0.000768
-0.00020644827313882858,-0.000616
-0.0005885668171389467,-0.000616
-0.000603250760602653,-0.000534
-0.000635597408380139,-0.000566
0.0006572042481773199,-0.000484
-0.00016565879179239066,-0.000416
-0.0005014049263606115,-0.000334
-0.00045212002790600745,-0.000216
-0.0002677948808592923,-0.000184
-5.535432525112322e-05,-0.000166
-0.00016655614389295047,-0.000168
-0.00012561409927726186,-0.000166
-0.00019210996881285336,-0.00015
-0.0002041794492394221,-0.000184
-0.00018330305439230498,-0.0002
-0.0006054531154371112,-0.000182
-0.00011294983906195493,-0.00015
8.862212206523642e-05,-0.000118
-0.00016388834781378922,-0.00015
-0.00015470011397702573,-0.000166
-0.00013852448240857975,-0.00015
-0.0001503198223206927,-0.000166
-0.00019584460324631347,-0.000168
-0.00023067019211872348,-0.000132
-0.00013380279222251687,-0.00015
-7.573779379656237e-05,-0.000168
-0.0002786109164557534,-0.00015
-0.00010051915745247886,-0.000166
-0.000221610064091111,-0.000134
-9.81342000651153e-05,-0.000166
-0.00022761910424753257,-0.000116
-0.00014603477669244134,0.0
-0.00010555450470244082,0.000132
-4.034956006837178e-05,0.000284
0.0007237397821905409,0.00035
0.00042416228635808976,0.000366
0.00028070734999989955,0.0002
0.00029837739155170925,-1.6e-05
-0.0003138709605488208,-0.0002
8.21876651003273e-05,-0.000416
-0.00011363618639788075,-0.000268
-0.00022856430618535192,-8.2e-05
-0.0002444943177936196,0.000166
-0.0001553923389928787,8.4e-05
-2.912452276113921e-05,-0.000184
-7.39855908303802e-06,-0.000284
-5.909321015446356e-05,-8.2e-05
-1.700883943111607e-05,-5e-05
-0.0001522777406204613,-0.000168
-0.0001482473089861023,-6.6e-05
-0.00010994095017131506,-6.6e-05
-8.866489281290807e-05,5e-05
3.2991159900584415e-05,0.0001
2.69705391983221e-06,0.000132
5.213482382740801e-05,0.000134
0.00010315608607200894,0.0001
0.00011608721366595571,0.0003
4.510516671116524e-05,0.00015
0.00016909907401210152,0.000284
0.00020637840687840538,0.000282
0.00025250024568683005,0.000334
0.0002608078728936987,0.000366
0.0003156215379938964,0.000468
0.0003608158473517995,0.0006
0.00043942626610132086,0.000732
0.0005380836759442087,0.0008
0.000646842490178452,0.0009
0.0007552955072664168,0.00095
0.0008433938820814713,0.00095
0.0008984806817844594,0.000968
0.0009202580776273932,0.000966
0.0009582822486344016,0.001
0.0009705473492942513,0.001034
0.0009913099972281467,0.001082
0.0011286990692827,0.00115
0.0010651024146805838,0.0011
0.0010904695345058872,0.001118
0.0011118751769553061,0.00115
0.0011289652611226235,0.001216
0.001144902767758986,0.0013
0.0014148145084685207,0.0014
0.0012641778559134046,0.00135
0.001373297733264248,0.001216
0.0012033947559631402,0.0011
0.001263590245710752,0.00095
0.001150347156167236,0.0007
0.0009867162550611698,0.000484
0.0002324863707833889,0.00025
-0.0001435430546022395,1.6e-05
0.00035616131656222,-8.2e-05
0.00016156476605269854,-0.000234
-1.6859155830554514e-05,-0.000416
-0.00018304867708351035,-0.000568
-0.0003295497703733552,-0.000966
-0.0013366609558379833,-0.00085
-0.0007054232991746064,-0.0008
-0.0007995896487354194,-0.00075
-0.0008434869237577147,-0.00035
-0.0006924107469760979,-0.00015
-0.0005192552430618655,-0.000116
-0.0003477542468758588,-0.00015
-0.00019379558090767363,-0.00015
-0.00014186870477331996,-0.00015
-0.0007273010494989813,-0.0002
-0.00016303935836820067,-0.00025
-0.0001885292783117141,-0.0003
-0.00022638709914252843,-0.00035
-0.00027638710217243355,-0.000468
-0.000344006180563102,-0.000532
-0.00041478401882067426,-0.0007
-0.0005156349472543712,-0.00085
-0.000641197298897603,-0.000918
-0.0009926087127922708,-0.00095
-0.0008568866927761235,-0.000982
-0.0009150529233907567,-0.00105
-0.0009762125104364906,-0.0011
-0.0010219490653533131,-0.001068
-0.0010510711942542403,-0.001082
-0.0010754582010898078,-0.0011
-0.0010878373839667676,-0.001068
-0.001562830292474176,-0.00095
-0.001051459831184727,-0.000666
-0.0009502413702417581,-0.00075
-0.0008624422442852779,-0.000516
-0.0007243880082110465,-0.000668
-0.0006520949908527839,-0.000932
-0.0007202220349107158,-0.001084
-0.000805491154962435,-0.001016
-0.000928914228349756,-0.00095
-0.001090147588310762,-0.00085
-0.000977141262760017,-0.000734
-0.0004172837290329248,-0.000484
-0.0007588116466162218,-0.000316
-0.0006011792926272442,-0.00015
-0.00042635294971304205,-0.000116
-0.00027013565702841135,-0.000118
-0.00017704669803250464,-8.2e-05
-0.00011709876117336935,-6.8e-05
-9.653776894274714e-05,-8.2e-05
-8.796197752014055e-05,1.6e-05
-5.501339022970976e-05,0.000166
5.554101923863441e-06,0.0003
0.001290908755271878,0.0002
6.934790535051694e-05,0.00015
1.8678055141109072e-05,0.000118
0.00019029173932107193,6.6e-05
0.000132291069932307,8.4e-05
0.00010369916989064936,0.0001
9.152023246825555e-05,0.000166
0.00010306222563793695,0.0002
0.000136323542975634,0.000234
0.00017377083350442063,0.0003
9.971470940558655e-05,0.000132
0.00021499640714344202,-6.6e-05
0.00014656973947553114,3.4e-05
9.665136814964817e-05,-1.8e-05
0.0002025536743177394,0.000118
0.00016797290659330285,0.00015
1.5308193123515406e-05,0.00015
9.827918470216438e-05,0.00015
0.000141652527674978,3.2e-05
0.00011923199925021387,-6.6e-05
-3.0425482124617875e-05,-5e-05
-5.946196553674038e-05,-3.4e-05
-4.469403484698849e-06,-5e-05
-5.028528982224979e-05,-1.6e-05
-3.7851649649051975e-05,-1.6e-05
-2.9355349902708834e-05,-8.4e-05
-4.220094541946031e-05,-6.6e-05
-4.62500949002988e-05,-0.000118
-7.191487582164575e-05,-6.6e-05
-8.402898125101729e-05,-1.6e-05
-6.739577821736808e-05,-3.4e-05
1.4377536224593052e-05,-3.4e-05
-3.794983944803677e-05,-3.2e-05
-2.919425610806046e-05,-1.8e-05
-2.9673799839837126e-05,-3.2e-05
-2.9167032390880977e-05,-6.8e-05
-3.796197449023541e-05,-3.2e-05
-3.796196955929587e-05,0.0
-3.359888688194427e-05,8.2e-05
-5.875453497043246e-06,0.000118
4.050025473340382e-05,0.000232
0.00010593163304191572,0.000434
0.0002130966542064427,0.000616
0.0003452696600770314,0.000734
0.0004992897261043216,0.001
0.0006909044980287734,0.001066
0.0008494058413540984,0.001
0.000946835999517695,0.00055
0.0008988880957327002,0.000418
0.0007515715828336294,0.000266
0.0005517058895069756,0.000916
0.000531535822162785,0.001168
0.0006829460405123436,0.000982
0.0008245656614513939,0.0008
0.0009631933855174461,0.000234
0.0007873317030907024,0.0001
0.0005198077994372206,-1.6e-05
0.00027173234971244044,8.2e-05
9.779077021016206e-05,0.000118
6.971412129893261e-05,0.0001
6.971412129893261e-05,0.000116
0.0001036369512955813,6.6e-05
9.948083987432307e-05,1.8e-05
7.406781793287702e-05,1.6e-05
-0.0005013123824873957,1.6e-05
2.8467398089781063e-05,0.0
1.2312585718516335e-05,5e-05
2.6067898283082154e-05,6.8e-05
3.283138081768989e-05,0.0001
0.0001417949627944213,8.2e-05
7.45418636670708e-05,0.000134
9.538539873311853e-05,0.000134
0.00014664220456295547,0.00015
0.00012436135979337345,0.00015
5.360079708246635e-05,8.2e-05
0.00012830600294168126,8.4e-05
0.00011566755126390693,8.4e-05
9.92820490469203e-05,0.0001
8.731258286696473e-05,0.0001
9.179495976451616e-05,0.0001
0.00010382054496733346,0.000116
9.582053935437152e-05,0.000116
0.00010779496112856097,0.00015
0.00012004472656645306,0.000134
0.0001286446500071499,6.6e-05
0.00011571622949900852,0.000134
0.0002745312693357489,0.00025
0.00014435892314882879,0.00085
0.00031730908301701486,0.001334
0.0006300191895638023,0.001116
0.0008774325127276584,0.000934
0.0010538911938659317,0.0006
0.0009893313887060842,0.000382
0.0007509267737323568,0.000218
0.0005268543487195796,0.000232
0.00035418612025031647,0.000168
0.0002480197178916047,8.2e-05
0.00017354287616966107,-0.0001
9.240531146030973e-05,-0.00035
-5.491967279288433e-05,-0.00055
-0.00023545945590019074,-0.00115
-0.0009476286823428537,-0.001
-0.0007705527264696781,-0.000832
-0.00030959855784954034,-0.00075
-0.0009368269267472896,-0.00055
-0.0007870150428627601,-0.00055
-0.000673573611207339,-0.000484
-0.0005859759831640668,-0.00045
-0.0005095726135034422,-0.0004
-0.0004723529745911639,-0.0004
-0.00043438403010696126,-0.00035
-0.00040087817761578386,-0.000216
-0.0003433672885892728,-0.000134
-0.00010846940988552032,-8.4e-05
-2.9355349902708834e-05,-1.6e-05
-0.00019849567357856787,-1.6e-05
-8.768741294488463e-05,-0.000118
-5.95963829484978e-05,-0.0004
-0.0001413975041912386,-0.000682
-0.0003104380009961868,-0.000918
-0.0005369418525705169,-0.002366
-0.001110303533444121,-0.001116
-2.668166628174132e-05,0.0
-0.0011209157042763964,-0.00105
-0.0011537867673354386,-0.001034
-0.0008114780256147018,-0.001016
-0.0007860987559543812,-0.000968
-0.001333280777062145,-0.0009
-0.0008626874500465352,-0.00095
-0.0009595304713776746,-0.000982
-0.0009507708348053996,-0.000934
-0.0005257377717563132,-0.000766
-0.0004094568289833215,-0.0005
-0.00030470008361922486,-0.0003
-0.00019612882260118132,-0.000184
-0.00044297475241448353,-0.000116
-0.00015487368304870072,-0.00015
-0.0002169127919176315,-0.00015
-0.00015059838095697294,-0.000118
-7.569752774430959e-05,-0.0001
-0.00045967836926470994,-0.000116
-0.00013878868214893054,-0.0002
-0.00013446896215386046,-6.6e-05
-2.9727734456484317e-05,-8.4e-05
-3.830390063049565e-05,-1.6e-05
1.2148349682648505e-05,0.0
4.1263113991038405e-06,-1.8e-05
0.00016181501123416182,5e-05
7.845824266995698e-05,5e-05
-9.451038010292747e-06,5e-05
-2.6212536694265163e-05,5e-05
7.845824266995698e-05,5e-05
4.9339126573086454e-05,5e-05
-1.7286362570093713e-05,5e-05
4.994810746768894e-05,5e-05
-5.1042110146027285e-05,1.8e-05
1.2312585718516335e-05,1.6e-05
4.1036695343754064e-05,5e-05
5.338540131617533e-05,1.6e-05
-1.2851648134099416e-05,0.0
0.0002617217337798258,0.0002
5.366698261839129e-05,0.000134
0.00016203802776750605,0.000166
0.00012311857565454313,0.00015
0.0001618920620953548,0.000234
0.0001700540687958398,0.000284
0.00020716491145819093,0.000282
0.00023615161703569528,0.000218
0.0002537774576455023,0.000182
0.0006999406222427235,0.000134
0.00026475556336263994,0.0001
6.214835147981876e-05,1.6e-05
-7.609251572491911e-05,1.8e-05
-4.894832620535243e-06,0.0
5.7520235733334754e-05,0.0
-4.237072259863196e-05,-3.4e-05
-4.469403484698849e-06,-0.000116
-0.00023328637112281957,-0.00015
-0.0001046225472682158,-0.000134
-6.268741142993207e-05,-8.4e-05
-2.9355349902708834e-05,-5e-05
-0.0001222231611913555,-3.2e-05
4.299892798127695e-06,-1.8e-05
2.8200607140704005e-05,-3.2e-05
-3.3286363934138515e-05,-1.8e-05
-8.41452232196442e-05,-8.2e-05
-0.0002170088466197971,-0.00015
-7.178294360341459e-05,-0.000284
-0.00013594624205327536,-0.000334
-0.00021500509030609978,-0.000716
-0.0003762132630279548,-0.000334
-0.00032568237532382187,-0.000332
-0.00033358118819562147,-0.000318
-0.00042916902900593657,-0.00035
-0.00033378611804274683,-0.000366
-0.0003419525823125726,-0.00035
-0.00021409870472430958,-0.000334
-8.442748006057661e-05,-0.000282
-0.00022536221322180377,-0.000284
-0.000313246821946084,-0.000266
-0.00044706372416301654,-0.000268
-0.0002752065366286713,-0.000266
-2.327079733822955e-05,-0.00025
-0.00026268741368767353,-0.0002
-8.785165267895711e-05,-0.000166
-0.00015417944620951696,-0.000168
-0.00011680279632052624,-0.000116
-0.0001291670285888122,-0.000134
-0.00014654684490139893,-0.000132
-0.00014570010396423887,-0.000134
-0.00016268740762786328,-0.00015
0.0005152931100928883,-0.000184
-0.00020031986479811413,-0.0002
-0.00016268740762786328,-0.000166
-0.0002087177873697701,-0.0002
-0.00016678610318916174,-0.000184
-0.00025579050855835986,-0.0002
-0.0001713412065139329,-0.000166
-0.00020028528905008614,-0.0002
-0.00026750898498498216,-0.000216
-0.0001751811658158867,-0.000184
-0.0001837860892292733,-0.0002
-0.00020028528905008614,-0.000216
-0.0002043330184203382,-0.00025
-0.00047660107762040983,-0.00025
-0.00023380279828232715,-0.0002
-0.0002041794492394221,-0.000218
-0.00018830389492739246,-0.000182
-0.00012973446138688248,-0.000184
-0.00011778386591253203,-0.000166
-0.00018797249634304206,-0.000184
-0.00019171776188214228,-0.000184
-0.00018399908609347993,-0.000216
-0.00017189790958757235,-0.000166
-0.0001206738008178001,-0.000118
-0.00015896330568125253,-0.00015
-6.312489424746475e-05,-0.000116
-2.1103876235278645e-05,-8.4e-05
-8.952564401636533e-06,-1.6e-05
-5.0598379828102204e-05,-3.4e-05
-5.189309674642558e-08,0.0
-2.135534922068643e-05,-3.2e-05
-0.00011738402588741885,-0.000118
-2.934122769187709e-05,-1.6e-05
-2.5362201102183214e-05,-3.4e-05
-0.00014662254468515902,-0.000116
-0.0001512721839827186,-0.000234
-0.00036750901076855057,-0.000332
-0.00018181201717158403,-0.0004
-0.00027315244528418824,-0.000418
-0.0003477904991433291,-0.000432
-0.0006024017711570644,-0.000434
-0.00040100366016510166,-0.000434
-0.0003791942723864569,-0.0004
-0.0003670290133903366,-0.000366
-0.00041700885873941764,-0.000384
-0.00039662257955844286,-0.000382
-0.0003833030073406511,-0.000384
-0.0004592549396248555,-0.0004
-0.0003172837229731145,-0.000366
-0.0003958737079091977,-0.000384
-0.0004931017764468416,-0.0004
-0.0003009218991277808,-0.000384
-0.00039171775427800467,-0.000366
-0.00030113314057751255,-0.00035
-0.0003754687700530179,-0.000316
-0.00033867642663719036,-0.000334
-8.05407853136985e-05,-0.000284
-0.0002223817364047716,-0.000316
-0.0003129498215959383,-0.000334
-0.0003165561529826659,-0.000316
-0.00031283735672699614,-0.000316
-0.000656636741193291,-0.000334
-0.00032626079425517886,-0.000334
-0.00030077081514039096,-0.0003
-0.00032135533781448006,-0.00065
0.0003080949124382908,-0.0003
-0.00039965281941727455,-0.000332
-0.0002961732268405757,-0.000318
-0.00025820505158294073,-0.0003
-0.0003048445798713943,-0.000316
-0.0003167861320026353,-0.000316
-0.0003126874167175787,-0.000318
-0.00034617946257805464,-0.000316
-0.0003091713806956384,-0.000316
-0.00026655614995276075,-0.000284
-0.0002963330287290656,-0.0003
-0.0003043330244801485,-0.0003
-0.00028350899621090606,-0.000334
-0.00028561521744816605,-0.000416
-0.0005442561321459345,-0.000334
-0.000155053958198145,-0.000216
-0.0003267682471047305,-0.000316
-0.00032226468195999195,-0.0005
-0.0003440285473048383,-0.0006
-0.0004117332268058556,-0.0007
-0.0005325177741711022,-0.00075
-0.0010897386753569022,-0.000834
-0.0007231006779644459,-0.000834
-0.0007809215850214784,-0.000882
-0.0008261796415657059,-0.000868
-0.0008550254800625393,-0.00085
-0.0008519178047292308,-0.00085
-0.0006320149032932504,-0.000816
-0.0008464693926743196,-0.000834
0.0004284672727058256,-0.0009
-0.0009227612047588767,-0.000932
-0.0008716743832076719,-0.001
-0.0009179830060057287,-0.000984
-0.0009549944014795133,-0.001034
-0.0009884133905398206,-0.001316
-0.001617799459683588,-0.001266
-0.001153551028978091,-0.001
-0.001157438502813416,-0.000784
-0.00046805177520499187,-0.000516
-0.0008983423243301469,-0.000368
-0.0006730329435490713,-0.000332
-0.00010066087265474988,-5e-05
-0.0003206810614185389,-0.000134
-0.0002242978206135149,-0.000284
-0.000637681026190565,-0.000466
-0.00023742437613410078,-0.0006
-0.0003753871531418143,-0.000716
-0.0005204865183878183,-0.001068
-0.0007180420862655103,-0.001232
-0.0009103489648632661,-0.00155
-0.0014052571886546657,-0.001334
-0.0017603589965932748,-0.00135
-0.0013693571086097966,-0.0019
-0.0007586050994209285,-0.001466
-0.0015181895895598836,-0.001484
-0.0015551705315510925,-0.00155
-0.001604364424585616,-0.0017
-0.0015522837623090067,-0.001366
-0.0010799148236901616,-0.0011
-0.0008346961236475707,-0.000934
-0.0012821845670020632,-0.000716
-0.001034888876331783,-0.0006
-0.00084229213738433,-0.000718
-0.000894624317024803,-0.0009
-0.0009380583993108237,-0.000982
-0.0008037166478896558,-0.001
-0.000902768493447925,-0.000268
-0.0007949956698833447,6.8e-05
-0.0005569336171410776,0.0002
-0.00026154035880899943,0.000132
0.00048185794755090214,0.0004
0.00045803669699396254,0.0005
0.0003043225267317414,0.000368
0.00034665340005344414,3.2e-05
0.00032063488339164774,-0.000382
0.00012104302486119843,-0.000618
-0.00015939545322220703,-0.000766
-0.00040003258065659625,-0.000834
-0.0005613491354294574,-0.000916
-0.0008618106895494786,-0.000866
-0.0008468502189965811,-0.000968
-0.0014232253745345936,-0.001232
-0.00099900212954742,-0.000918
-0.0009994952235010423,-0.000932
-0.001015675174572522,-0.001068
-0.0010406410342621256,-0.001016
-0.0009963329528051886,-0.001
-0.0010052057248541829,-0.0011
-0.0009935720211400672,-0.001134
-0.0010638917948384825,-0.001316
-0.00114033256074455,-0.001434
-0.0012493752787535307,-0.001432
-0.0013320328154368016,-0.001434
-0.0014052611334062948,-0.001534
-0.001459582256818098,-0.0014
-0.0014512492056869808,-0.001482
-0.0014637537527707094,-0.00155
-0.0014929515420078804,-0.0016
-0.0015098631656115028,-0.001568
-0.0015510713034483242,-0.001616
-0.0015841452056361285,-0.00165
-0.0016092342993666215,-0.001666
-0.0016259321174319533,-0.001718
-0.0016634134117197818,-0.00325
-0.002087889830866503,-0.001282
-0.0007930875935204082,-0.000818
-0.0006764427079621269,-0.000616
-0.00024737619554368546,-0.000234
-0.0007468703311700785,-0.000116
-0.0004530257428800207,0.000484
-0.00013029234788601064,0.001282
0.00033909817504852854,0.0011
0.0006738589106598308,0.00155
0.0010942771665682415,0.001468
0.0013456862864471542,0.001482
0.001395636546159018,0.001584
0.0015198136982677343,0.001184
0.0014258138961206967,0.0012
0.0009757161573537006,0.001216
0.001291867251022687,0.001266
0.001215736069224462,0.001168
0.0012116209043251125,0.001116
0.0011901182998806533,0.0011
0.0011109512372287668,0.00105
0.000528315366380404,0.000966
0.0010565502720439929,0.0009
0.001002095027076804,0.000868
0.0013247470714303456,0.000832
0.0008902768607167073,0.00075
0.0008361115549942484,0.000634
0.0007687698320906134,0.000466
0.0006670918075828686,0.000318
0.00020776563796000977,0.000166
-0.00017427971117363274,5e-05
0.0002461119176612823,3.4e-05
-5.587545652694838e-05,5e-05
0.00013696064994935108,3.2e-05
6.694248949501758e-05,5e-05
3.2491008539750996e-05,5e-05
5.8282238474564825e-05,0.0001
4.563695128185841e-05,0.0001
0.0001082822316425909,0.0001
7.880574077189314e-05,0.000118
0.00010429989146152867,0.0001
-3.374297386613222e-05,0.000132
0.00018702749679560925,0.000134
0.00014531716249078188,0.000134
0.00018586440650156336,0.000132
0.0001659012315184336,0.00015
8.229631835300795e-05,0.000118
0.00014566698306523962,0.00015
0.0001538205381353595,0.000166
5.270815896010315e-05,0.000134
0.00014155341579029991,0.0001
0.00017463779129367918,0.00015
0.00013689206058040224,0.000182
0.00017845823393694863,0.000118
-1.7878538822756762e-05,0.0001
-5.087256472101383e-05,1.6e-05
4.582054495361056e-05,0.0
4.492936638935009e-05,1.6e-05
-2.5362201102183214e-05,-3.2e-05
0.00015280713144187515,1.6e-05
-5.0660874555784284e-05,-1.6e-05
3.062224509066203e-06,0.0
-3.7837374579094613e-05,-5e-05
-3.768741484591903e-05,1.6e-05
-4.708489310190211e-05,-1.6e-05
7.794959999690226e-06,0.0
-4.795925369847935e-06,0.0
-1.6912779798010927e-05,-1.8e-05
-1.7652918753337382e-05,0.0
-1.3107933716494549e-05,1.8e-05
-2.5206531341024685e-05,-3.4e-05
-5.4844584445626733e-05,0.0
9.446297773595656e-05,0.0
2.2725641514114583e-05,-3.4e-05
-5.48782494369153e-06,-3.2e-05
-8.347471552858349e-06,-1.8e-05
2.7969453478481965e-05,-1.6e-05
-2.93553449717693e-05,-3.4e-05
3.820546303932482e-06,1.8e-05
-6.285165116400455e-05,-1.8e-05
3.7162626267558436e-05,1.8e-05
-5.191563236081274e-07,0.0
2.0547265838621036e-05,0.0
-1.700883943111607e-05,-1.8e-05
-7.177992586841842e-05,-1.6e-05
-6.680280315250017e-05,-3.4e-05
-1.7303053800423823e-05,-6.6e-05
-4.469403484698849e-06,-1.6e-05
-2.919425610806046e-05,-1.8e-05
-5.028528982224979e-05,-1.6e-05
1.2312585718516335e-05,0.0
-6.348532620380444e-05,0.0
-5.189309674642558e-08,0.0
-4.179454378089921e-06,1.6e-05
3.731258415163169e-05,0.0
6.61972026388153e-05,6.8e-05
0.00012438589614850569,8.2e-05
0.0004504385530913236,0.000168
0.00021997424977653255,0.00025
0.0002449817463195802,0.000266
0.0001654482655507572,0.000234
0.0002535645791238445,0.00025
0.00021231257564890895,0.000232
0.0002536007919437985,0.0002
0.00019128223686947098,0.0002
0.00019504474097318983,0.000184
0.0001288057339399192,0.000134
0.00018731258399583547,0.000182
0.00024128223989937613,0.000234
0.00018262154452992974,0.0002
0.0002951910381471607,0.000216
0.00019951134379516487,0.000184
0.00011634708404139369,0.000166
0.00027032620354677507,0.000268
0.00017880573696982434,0.000166
0.00016572253426964094,0.000184
0.0002582822259394877,0.00025
0.00028221179937615906,0.000282
0.0003871483662432626,0.00035
0.0003659911642514367,0.0004
0.00043125092614032995,0.0005
0.00038102859690861563,0.000468
0.0004280509830664196,0.000416
0.00015709969182197973,0.00025
0.00040194564242126935,0.000184
0.0003266144365296427,0.00015
0.0002474613580222811,8.2e-05
0.00016499642383729503,1.8e-05
-0.0001089525630650375,-8.4e-05
-0.00023783737190589656,-0.000216
-0.0002306053206781849,-0.00025
-0.00015871776461610682,-0.0002
-0.00010981184831237768,-0.0002
-0.0005472850307892124,-0.000184
-0.00023921807442355502,-0.0002
-0.0003066081994296776,-0.000134
-3.796197449023541e-05,-5e-05
-1.714522428774843e-05,-5e-05
-0.00014790496371598147,-8.2e-05
-7.985296855779089e-05,-3.4e-05
-2.5229115044100577e-05,-3.4e-05
0.00046869746716630706,-5e-05
-5.048865656154219e-05,-6.6e-05
-0.00013954577860532207,-1.6e-05
-0.000136025146947734,0.0
1.162084886567743e-05,3.2e-05
1.8292406125641228e-06,6.8e-05
2.0200607845508346e-05,5e-05
3.687510873050831e-05,6.6e-05
5.363695073114593e-05,8.4e-05
9.563694568261936e-05,8.2e-05
7.032620375450339e-05,6.8e-05
7.479346485690652e-05,6.6e-05
-1.2687413330966464e-05,5e-05
-8.933439605937815e-05,3.4e-05
5.415541436868199e-05,6.6e-05
-4.7819795399441106e-05,3.4e-05
9.064711593551626e-05,0.0
-0.00010847976485854639,-1.8e-05
-0.00015167959793095943,-5e-05
-6.742470310868756e-05,-6.6e-05
-6.327824646704126e-05,-0.0001
-5.9234353367748375e-05,-0.000134
-0.0001520802269063984,-0.000116
-0.00013352912507825655,-0.000134
-0.00014668284021380793,-0.0001
-0.00023426390030023835,-8.2e-05
-0.00010847977472042547,-3.4e-05
-8.839646232643522e-05,-3.4e-05
-7.972772269357084e-05,0.0
-0.00023217227464400556,1.8e-05
-2.1610081557127657e-05,1.6e-05
6.561596567551338e-05,8.4e-05
3.321390430770301e-05,8.2e-05
7.01554157327268e-05,6.8e-05
0.00013632774413611885,6.6e-05
3.675319371594499e-05,8.4e-05
7.479346978784605e-05,6.6e-05
7.463780002668753e-05,0.0001
-4.795922904378165e-06,6.6e-05
-1.6802800122595034e-05,5e-05
3.3197200133656616e-05,3.4e-05
9.948084480526261e-05,5e-05
-4.331775884595876e-05,3.4e-05
6.206123164009278e-05,6.6e-05
0.00010803669057744518,6.6e-05
0.00010737744368521044,6.8e-05
5.814486989549498e-05,0.0001
7.463779509574799e-05,0.000182
0.00014128223383956585,0.000134
0.00019566698609514474,0.000216
0.00017064465728597217,0.000184
0.00021231257564890895,0.000184
0.0002267358696487305,0.000166
4.948084300809236e-05,0.000116
9.52998913106209e-05,0.000118
-3.794983944803677e-05,3.2e-05
9.496523830617659e-05,5e-05
6.621390373102449e-05,0.0001
0.0001245418617660364,0.000168
0.0001748188356696911,0.000182
0.0002499481097254304,0.00025
0.0002788057430296346,0.000268
0.00033593154540212486,0.0003
0.0002489287859045026,0.000316
0.00030813128304831,0.0003
0.00016621391225630453,0.000184
0.0002736862246417893,8.2e-05
5.8116566302557064e-05,5e-05
-5.087256472101383e-05,1.8e-05
7.463780002668753e-05,1.6e-05
-2.235297197671533e-05,3.4e-05
6.214835147981876e-05,0.0
4.928204848248492e-05,0.0
-8.205041364354579e-06,0.0
-1.2972500531192679e-05,-1.8e-05
7.530597538334758e-06,1.8e-05
5.3666980152921524e-05,0.0
2.0658775338028045e-05,3.2e-05
3.223599883796086e-05,1.8e-05
-6.283737116310765e-05,-3.4e-05
3.3854007517399617e-06,0.0
-3.768741484591903e-05,0.0
-1.3039339416606168e-05,-1.6e-05
-2.5206531341024685e-05,-3.4e-05
-2.1194260356977592e-05,-1.6e-05
-6.700883753008167e-05,-5e-05
-5.051915935351326e-05,-3.4e-05
-3.38028009555252e-05,-0.000116
-2.5229115044100577e-05,-5e-05
-1.2687413330966464e-05,-1.8e-05
-5.189309674642558e-08,0.0
1.2148349682648505e-05,0.0
8.131279661697785e-06,0.0
-5.189309674642558e-08,0.0
5.3666980152921524e-05,3.4e-05
2.838991877616992e-05,5e-05
-2.945273102760968e-05,5e-05
3.25752940137948e-05,5e-05
6.1753195847265e-05,3.4e-05
-0.00011398008984489501,0.0
-2.5458132530860414e-05,0.0
-1.6802800122595034e-05,-5e-05
-0.00014198535107898881,-3.4e-05
-4.886510661672901e-07,-5e-05
-9.622427606692751e-06,-5e-05
-0.00012967148342712584,-6.6e-05
-0.0005109877931503379,-6.8e-05
-0.00010031982915266662,-8.2e-05
-0.00012934121895886877,-8.4e-05
-6.750899258911973e-05,-6.6e-05
-2.9799395800764234e-05,-5e-05
-0.00011368944054487196,-5e-05
-5.051915935351326e-05,-1.8e-05
-9.344971874879273e-05,-1.6e-05
-3.3912780630941083e-05,1.6e-05
1.2162627218075634e-05,0.0
-8.717762922800714e-06,0.0
0.0001082822316425909,0.000134
4.582054495361056e-05,5e-05
1.6213905632058893e-05,5e-05
-0.00012322041412691917,5e-05
-5.040010674935071e-05,1.6e-05
-0.00017364294936568318,3.4e-05
8.282237910129453e-06,0.0
4.165252654610725e-05,1.6e-05
2.045824203986664e-05,-5e-05
2.4067813670236994e-05,-5e-05
-2.1452735276526812e-05,0.0
2.02006072291409e-05,-1.6e-05
-3.428376479788829e-05,-1.6e-05
-1.714522428774843e-05,-6.8e-05
-7.919425420702606e-05,-6.6e-05
-5.473151800206117e-05,-5e-05
-5.051915935351326e-05,-1.6e-05
-3.35089909232594e-05,-1.8e-05
-2.9673799839837126e-05,-1.6e-05
-1.2687413330966464e-05,0.0
-8.985340356733797e-06,0.0
-5.189309674642558e-08,0.0
2.8165240362110104e-05,8.4e-05
-2.945273102760968e-05,6.6e-05
9.582053935437152e-05,6.6e-05
-0.00010609962993004923,5e-05
4.489612322773177e-05,6.8e-05
0.00011955899943649798,1.6e-05
4.582054495361056e-05,3.4e-05
-0.00012979939199869543,1.6e-05
-5.510387297019944e-05,0.0
-2.5206531341024685e-05,-5e-05
-0.00010525710001525313,-3.4e-05
-3.378609493237647e-05,-3.2e-05
-2.945273102760968e-05,-6.8e-05
-7.935534800167444e-05,-5e-05
4.442114308049588e-05,-8.2e-05
-5.028528982224979e-05,-6.8e-05
-6.728636066905931e-05,0.000234
5.259165171913627e-06,0.000516
0.0001438963517109358,0.000618
0.00031838051700696144,0.000632
0.0005910366805960502,0.000584
0.000612312580164392,0.0006
0.0006993466215424321,0.00075
0.0008862151077544142,0.000966
0.0007211942339643616,0.001218
0.0008777259233538219,0.001482
0.0010972065391279201,0.00155
0.0012982667426953449,0.001634
0.0013951560754106086,0.001416
0.001518494415532939,0.001618
0.0015523678399809045,0.001132
0.0014449735547826408,0.001168
0.0013286070897943329,0.0011
0.0012492618821588817,0.001132
0.0006865472042744373,0.0011
0.0011243024069071067,0.001134
0.0011160873038496958,0.001
0.001090147169402767,0.0009
0.0011315671404020645,0.00095
0.0010858644314542187,0.0009
0.0009364707701373934,0.0009
0.0009119606081559691,0.0009
0.0009119606081559691,0.000916
0.0009038204553795087,0.000884
0.0002976485789644975,0.000834
0.0008827361523977863,0.000732
0.000646232355443998,0.0007
3.6779518769393994e-05,0.00065
0.00041205016316641177,0.0005
0.0006432939888506051,0.0004
0.00039582054767192324,0.000384
0.00036194164001919347,0.000334
0.0001331971991052413,0.0001
0.00012064465425606704,0.00015
0.00016987905988982019,0.0001
0.00010789003950469841,8.2e-05
-7.694315210431277e-05,3.4e-05
-4.88653531637057e-07,1.6e-05
-2.0700106251355104e-05,0.0
-2.1880637278540625e-05,1.8e-05
-3.90902276964579e-05,3.2e-05
-2.1194260356977592e-05,-1.6e-05
-4.1883432360843896e-05,1.6e-05
-6.285166102588362e-05,-1.6e-05
-0.00016655614389295047,-0.000184
-0.0002799552483633927,-0.000282
-0.000308717734258306,-0.00035
-0.00031336362604181804,-0.00035
-0.0002931866553822768,-0.000368
-0.0003383167836311765,-0.000366
-0.0003587177372882111,-0.00035
-0.0003587177372882111,-0.000216
-3.07986605596587e-05,-0.00015
-0.00027275039619816286,-0.000234
-0.0006241396800361921,-0.0002
-0.000298371913056019,-0.00015
-0.00013380279222251687,-0.000116
-0.00017612469123426373,-0.0001
-0.00014245104873254776,-6.8e-05
-4.5844589225658516e-05,-5e-05
-9.646940639701695e-05,-6.6e-05
-2.1610081557127657e-05,-1.6e-05
4.525515109903851e-05,-1.8e-05
-8.47641153027145e-05,-1.6e-05
-5.189309674642558e-08,0.0
4.079905857468492e-05,-1.6e-05
1.9756494763401762e-05,5e-05
2.054726707135592e-05,8.2e-05
0.00011619719334137161,0.00015
0.00021231257564890895,0.000218
0.00012339470826857156,0.000182
0.00023694161272067246,0.000234
0.0001951910518111086,0.000184
2.8458242413705324e-05,0.0001
0.00017380739149014217,8.2e-05
-8.366130081355936e-05,0.0001
0.00013731258096593034,0.000134
0.00013714834123185784,0.000116
1.6213905632058893e-05,6.8e-05
0.0001204392806243834,0.00015
7.477088608477016e-05,8.2e-05
0.00010736959362946878,0.0001
0.00013696064994935108,0.0001
7.854726585234393e-05,0.0001
4.545315913978992e-05,0.0001
7.004472600201768e-05,3.4e-05
-3.40088353331067e-05,3.4e-05
-1.2851648134099416e-05,-5e-05
0.00017552071546515603,-3.4e-05
-1.2687413330966464e-05,-5e-05
-0.00020196626606174236,-8.4e-05
-0.00010454683762257666,-0.0001
-0.00010484458747553187,-0.000116
-3.40088353331067e-05,-0.0001
-0.000402663414412994,-0.000166
-0.0001668027894885523,-0.00015
-0.00014234747927852897,-0.00015
-0.0001421179539049969,-0.000268
-0.00015031984204445084,-0.000166
-0.00017522911427193694,-0.00015
-0.00013785164584698319,-0.00015
-0.00018472156735432717,-0.000166
-9.33873127780223e-05,-0.00015
-0.00011678610015925657,-0.00015
-0.00015417944620951696,-0.000134
-0.00016337913954976265,-0.000116
-9.124954978762389e-06,-8.4e-05
-6.655616741877741e-05,-8.4e-05
-2.2192114867164693e-05,-5e-05
-8.342470447273237e-05,-5e-05
-0.00010517319514810479,-6.6e-05
-9.617945729040803e-05,-5e-05
-5.417945987346483e-05,-8.4e-05
-6.285165116400455e-05,-8.2e-05
-4.171776265430591e-05,-3.4e-05
3.2621549308481776e-05,-8.4e-05
5.288065555242904e-05,-0.0001
-8.868944889179845e-05,-0.000116
-0.00012084457897769761,-0.000134
-4.7745994027402475e-05,-8.2e-05
-7.970009957028893e-05,-0.0001
4.849411762843851e-05,-1.8e-05
-0.00017379492092218954,0.0
4.994810746768894e-05,1.8e-05
-2.612029853930059e-05,3.2e-05
4.5666981936368885e-05,3.4e-05
-4.196330865039115e-05,0.0
4.299892798127695e-06,1.6e-05
0.0002718082664575401,0.0
1.2148349682648505e-05,1.8e-05
-2.5468743912742358e-05,-5e-05
-5.8630402031472836e-05,-1.8e-05
-1.3124891217559619e-05,-6.6e-05
-5.048865163060265e-05,-5e-05
-7.520653437092981e-05,-6.6e-05
-4.220503809927537e-05,-5e-05
-2.518116165711082e-05,-3.4e-05
-5.888342826283452e-05,-5e-05
6.583137870009277e-05,0.0
-9.245104570264262e-05,-3.4e-05
-1.2638983109916476e-06,5e-05
1.97499088772837e-05,5e-05
4.1282236408899776e-05,3.4e-05
7.477088608477016e-05,6.6e-05
-6.139516010567437e-05,6.8e-05
4.1036695343754064e-05,5e-05
8.047436431293634e-06,1.6e-05
-5.034762822694147e-06,3.4e-05
-2.611093468512131e-05,0.0
-5.189309674642558e-08,0.0
-0.0001388085636971406,0.0
3.820546303932482e-06,0.0
-0.00020834747381059983,-0.000218
-0.00024211797968856533,-0.000166
-0.00037522912639155747,-0.000384
-0.00019539746564916887,-0.000532
-0.00032857340489766696,-0.000468
-0.00039092797555436706,-0.00045
-0.0004457001024199116,-0.00045
-0.00029760738074280683,-0.000416
-0.00021321657936503762,-0.000434
-0.000836861871186912,-0.000416
-0.00038810791206232725,-0.0004
-0.0008397051692660464,-0.000384
-3.990032335805953e-06,-0.000416
-0.0003295326107037692,-0.00035
-0.00038043158318240203,-0.0003
-0.00019617945348833924,-0.0002
-0.00015071794637884728,-0.000166
-0.00015436305467408774,-0.000184
-0.00014277090891838342,-0.000166
-0.00017546873820963916,-0.000184
-0.00017984461174414774,-0.000166
-0.00018472156735432717,-0.00015
-0.00013342469764075844,-0.00015
-0.00013768742583666885,-0.000134
-0.00019693777281773575,-0.000116
-0.0002218529621726653,-0.000134
-0.00017536221019189864,-0.000134
-6.699907426979995e-05,-0.000116
1.954119330132938e-05,-8.4e-05
-5.10387487123384e-06,-8.2e-05
-6.310794167733922e-05,-6.8e-05
-5.9340536219721374e-05,-5e-05
4.948084300809236e-05,-1.6e-05
-2.5682381799088715e-05,0.0
-8.952564401636533e-06,0.0
7.838991957174308e-05,1.6e-05
-8.392223627193717e-05,0.0
-4.220503809927537e-05,-3.2e-05
-2.945273102760968e-05,-6.8e-05
-1.2687413330966464e-05,-3.2e-05
-2.9355349902708834e-05,-1.8e-05
-4.614599930282444e-06,-3.2e-05
-3.796196955929587e-05,-3.4e-05
-2.1194260356977592e-05,-1.6e-05
-6.328454820776855e-05,-1.8e-05
3.7148348732131304e-05,0.0
0.00012399176615137547,0.0
1.2312585718516335e-05,0.0
7.285492861338004e-06,3.4e-05
8.731258779790427e-05,1.6e-05
4.152023313655507e-05,0.0
4.113127939320299e-05,1.8e-05
-8.717762922800714e-06,0.0
4.299892798127695e-06,0.0
-5.189309674642558e-08,0.0
-0.00010837635319459273,-8.4e-05
-4.886510661672901e-07,-3.4e-05
-1.7303053800423823e-05,-1.6e-05
-4.633301851047945e-05,-1.6e-05
-3.1983295473542343e-07,3.2e-05
2.4637798537700995e-05,1.8e-05
-1.3107933716494549e-05,1.6e-05
-5.191538581383571e-07,0.0
5.415541436868199e-05,1.6e-05
-8.868721171232379e-06,0.0
-5.189309674642558e-08,0.0
-4.469403484698849e-06,0.0
-1.2687413330966464e-05,0.0
-2.0955272510475525e-05,0.0
-2.852892578144221e-07,0.0
-5.189309674642558e-08,-3.2e-05
-2.0700106251355104e-05,-1.8e-05
4.504472695253488e-05,0.0
-1.2837373064142047e-05,-1.6e-05
-2.5229115044100577e-05,1.6e-05
7.652527345716686e-06,1.8e-05
8.672174289891601e-05,3.2e-05
-2.5206531341024685e-05,0.0
-2.5468743912742358e-05,0.0
1.5991160300389136e-05,1.8e-05
2.4531253261672077e-05,0.0
-5.189309674642558e-08,0.0
7.698813728756728e-05,0.0
-8.96330645341619e-06,0.0
-5.189309674642558e-08,0.0
8.282237910129453e-06,0.0
-4.844586346661138e-06,0.0
-8.794983754700237e-05,-0.000134
6.669694842987187e-05,1.6e-05
-5.189309674642558e-08,0.0
3.820546303932482e-06,1.8e-05
2.4793466757940917e-05,1.6e-05
8.282237910129453e-06,0.0
-4.70010735278007e-06,0.0
0.00017318510692067096,0.0
-5.189309674642558e-08,0.0
4.5210279549258886e-05,0.0
-5.189309674642558e-08,0.0
-7.095527554038066e-05,0.0
-5.189309674642558e-08,-5e-05
-2.119425542603806e-05,-1.6e-05
-1.3058382705095058e-05,1.6e-05
3.2040753121744708e-06,1.6e-05
1.601087542938984e-05,1.8e-05
8.706123315504536e-05,3.2e-05
0.00014831126842469218,3.4e-05
4.411026460102545e-05,1.6e-05
8.731258286696473e-05,5e-05
-1.8635260527743534e-05,3.4e-05
6.214835147981876e-05,6.6e-05
-4.662254848722779e-05,3.4e-05
6.608722542886918e-05,5e-05
7.032619882356385e-05,3.4e-05
0.000103210277097512,0.0001
7.932620143994138e-05,8.2e-05
7.845824266995698e-05,0.0001
6.214835147981876e-05,5e-05
9.128223574060026e-05,8.4e-05
0.00010353059586072452,0.0001
8.299116169775467e-05,6.6e-05
-3.437845362980236e-05,3.4e-05
-3.7851649649051975e-05,1.6e-05
4.767552495962099e-05,1.8e-05
-8.022314405065414e-05,0.0
-0.00018785166860064647,-0.000134
-0.00013810793636031787,-6.6e-05
-9.220094844936544e-05,-5e-05
-6.700883753008167e-05,-3.4e-05
-4.595526909448856e-05,-5e-05
-2.8528679234465177e-07,-3.4e-05
-0.00010521684382487941,-5e-05
2.840593569731635e-06,-1.6e-05
-4.643542426276771e-05,-1.6e-05
6.582400694548611e-05,0.0
-5.189309674642558e-08,0.0
3.2991159900584415e-05,8.2e-05
6.585477600819214e-05,0.0001
4.4359639471660574e-05,0.000118
0.00011561597363635804,0.00015
0.00041559878283680746,0.000382
0.0005111080836421897,0.000434
0.0003433384871933073,0.0005
0.00036323137656428767,0.000484
0.00044885335464921893,0.000916
0.0005787016000423023,0.000484
0.0004494808068433241,0.000482
0.0005868542576814266,0.00055
0.0006035385846961874,0.000568
0.0005743779155718452,0.000566
0.0005406293030654205,0.000566
0.0005623126165820032,0.0006
0.0005746377958091622,0.000668
0.0005989661441880068,0.000732
0.0009148263913193888,0.00075
0.0006860361617009032,0.000768
0.0007285632666923895,0.000782
0.000757530524644363,0.0008
0.0009362584636047218,0.0008
0.0007871626310358843,0.00075
0.0009323352503196385,0.000784
0.0007028030129197422,0.000684
0.0007533946892464777,0.0008
0.00014994810366562015,0.000132
0.00022405146616521124,0.00015
0.00016599115213181617,0.0001
0.000288263916220369,6.8e-05
2.4793466449757195e-05,3.2e-05
0.00023903298196804938,0.0001
7.764702422121588e-05,-1.6e-05
-2.2082337360269785e-05,1.6e-05
4.086534642760523e-05,0.0
-1.6802795191655493e-05,0.0
7.794959999690226e-06,1.8e-05
8.282237910129453e-06,0.0
-3.1983295473542343e-07,-1.8e-05
6.214835147981876e-05,5e-05
1.1875109064658066e-05,3.4e-05
2.8832965850785514e-05,3.4e-05
0.00012064465425606704,0.000132
0.00023257528548510604,0.00025
0.0001102951348491279,0.000334
0.0002243175988338602,0.000334
0.0005033946346494358,0.00045
0.0002785121746134061,0.000332
0.0003612461408594884,0.000318
0.0001908061053478534,0.000266
0.00021438479312712718,0.0003
0.00031621392134601996,0.000316
0.00039582054767192324,0.000384
0.00034114486998370724,0.000366
0.0003406413816095427,0.000468
-6.391769070609852e-05,0.00045
0.00076524574877535,0.000516
0.0008280289955915711,0.000534
0.0004911502439356381,0.0006
0.0005908653600328037,0.0006
0.0005615554215068209,0.000616
0.000819450423119066,0.00065
0.0008308384477017289,0.000634
0.0006245312116500523,0.000632
0.0006072949744348813,0.000618
0.0007108644284536883,0.0006
0.0006206587673184339,0.00055
0.0004494808462908404,0.000482
0.00044968017459065264,0.000418
0.0004246377867194467,0.000416
0.00046513440970494935,0.000416
0.00032880574605953977,0.00035
0.00040382054342300613,0.000418
0.0003992820672263511,0.000332
0.0003780430905332565,0.000134
-5.189309674642558e-08,0.0
-5.189309674642558e-08,0.0
-5.189309674642558e-08,0.0
-0.0002087177873697701,-0.000216
-7.563863260248896e-05,-6.6e-05
-0.00012536219730011443,-6.8e-05
-0.00016305837207105232,-0.0001
-6.305837587312111e-05,-0.000116
-0.0005629905860297913,-0.000116
-0.0001380301261344363,-0.000168
-0.00013003475560463838,-0.000132
-9.25777116774491e-05,-0.000134
-0.00014622931211902436,-0.000184
-0.00019662254771506414,-0.000216
-0.00022935534722951076,-0.000234
-0.00019294300173810272,-0.000266
-0.00022573779302439875,-0.000284
-0.00026268741368767353,-0.000266
-0.00026268741368767353,-0.000266
-0.00023380279828232715,-0.00025
-0.0002544693915140571,-0.00025
-0.00023768741217272096,-0.0003
-0.00033827824340776136,-0.0003
-0.0005032555276923138,-0.000284
-0.00023768741217272096,-0.000284
-0.000292205043386922,-0.000282
-0.0002587049896806392,-0.000268
-0.0002173030659200444,-0.000232
-0.0002670196188216493,-0.000218
-3.8124892732512185e-05,-0.000132
-0.00025479593805390386,-0.000234
-0.00022934122501867902,-0.00025
-0.00024220093781532272,-0.000284
-0.00030919386577992354,-0.000316
-0.00027178620028124996,-0.00035
-0.0003878516215489926,-0.000384
-0.00026726387784251564,-0.00035
-0.0004767023393947258,-0.000382
-0.00011902515104574334,-0.000368
-0.00037134121863355345,-0.000366
-0.00045436301368224414,-0.000416
-0.00038349925873419274,-0.000518
-0.0006428612740297384,-0.000582
-0.000472596523556737,-0.000734
-0.0005653609478361276,-0.001034
-0.0007219377651842234,-0.001066
-0.0008590474699284123,-0.00145
-0.0010773048971173974,-0.001066
-0.0011582501749085943,-0.000868
-0.0005839741006073933,-0.00085
-0.001064485795538774,-0.000766
-0.0008902283647045029,-0.000766
-0.0008136648381277418,-0.0007
-0.0005126873893896829,-0.000534
-0.00036714522577332623,-0.000334
-0.0005876416150918864,-0.000182
-0.0002893895360830137,-0.00015
-0.00013785164584698319,-0.000134
-3.913558740925161e-05,-8.4e-05
-7.995527569128842e-05,0.0
-5.025480329017212e-06,-1.6e-05
-3.378609986331601e-05,-5e-05
-1.2851648134099416e-05,-3.4e-05
-8.717762922800714e-06,0.0
-5.189309674642558e-08,0.0
4.299892798127695e-06,0.0
-5.189309674642558e-08,0.0
-5.189309674642558e-08,0.0
-1.758117851402489e-05,0.0
0.0003533774461663761,0.0004
-1.9025258397542402e-05,0.000334
0.0003072485857000518,0.00025
0.00018714834426176297,0.000184
0.00013687510801027673,0.00015
2.8965238342367633e-05,0.000116
0.00017054727123013178,0.0002
0.00014113127805660396,8.4e-05
7.015541326725703e-05,0.0001
8.696985791449963e-05,0.000116
0.00016206124263084257,0.000134
3.675319371594499e-05,6.6e-05
8.716262313378915e-05,0.000134
0.00018731258399583547,0.000166
7.045824198793457e-05,0.0002
0.000206795189611765,0.000166
-7.682334013546165e-05,3.4e-05
-0.0002041794492394221,-0.0002
4.610446228843181e-05,-0.0004
-0.00010538596518909275,-0.000584
-0.0002932030458252952,-0.0007
-0.0004756998596632536,-0.0009
-0.0006505010745095792,-0.000782
-0.0007443624947694723,-0.001
-0.0008483287908021544,-0.001034
-0.0009314336623201514,-0.00105
-0.0009691794127571864,-0.001
-0.0010215418091951375,-0.00095
-0.001009451145452321,-0.0009
-0.0009763871051435891,-0.000916
-0.0009424510380397554,-0.0009
-0.000917008889038469,-0.000918
-0.0009087177311696513,-0.0009
-0.0010935827569243082,-0.000882
-0.0009003198283217534,-0.000934
-0.0009089853431201611,-0.0009
-0.0009044693914553075,-0.000834
-0.0008883965009430383,-0.00095
-0.0009056053221343879,-0.000766
-0.000864218092573611,-0.000766
-0.0008308646652853773,-0.00085
-0.0008348791601231553,-0.0007
-0.0007718206485382641,-0.000368
-0.0006755337582917779,-0.000316
-0.0005640459648806079,-0.000234
-8.421052858286192e-05,-0.00015
-0.00026905209292720563,-3.2e-05
-0.00018003476849642262,-0.0001
-0.00019348007967238801,-3.4e-05
-8.868721171232379e-06,0.0
0.0004030046504435847,0.0001
-1.3030143214371113e-05,3.4e-05
4.155413804246623e-06,3.2e-05
6.214835147981876e-05,3.4e-05
0.00030869479081850946,5e-05
3.7053324361988853e-06,1.6e-05
0.00013614027967683077,1.8e-05
-4.171776265430591e-05,0.0
-3.4418201933403844e-05,-1.8e-05
-0.00018799210175863808,-8.2e-05
-0.00018914195741096877,-0.000134
-7.961009019999474e-05,-8.4e-05
-8.052207732909807e-05,-8.2e-05
-9.60539550173321e-05,0.0
1.669694663270162e-05,0.0
-7.135534238871249e-05,1.6e-05
3.731258415163169e-05,3.4e-05
-1.726389720956669e-05,5e-05
8.036694379513973e-06,3.2e-05
-3.438403052241782e-05,3.4e-05
0.00012046739684161894,5e-05
0.00032694699881572365,8.4e-05
4.948084300809236e-05,6.6e-05
8.269694239750737e-05,8.4e-05
7.064465615710144e-05,0.000116
8.705016319578653e-05,0.000116
7.408243816860192e-05,0.0001
0.0001036669807173569,6.8e-05
9.95113377353546e-05,1.6e-05
-0.00011268741445983719,-8.4e-05
2.327081235291371e-05,-0.000282
-7.381734077538999e-05,-0.000634
-0.000252158417943495,-0.0009
-0.000482802266628679,-0.000866
-0.0006766136734977268,-0.000668
-0.00076990744399821,-0.000366
-0.0007052621166230463,-0.00055
-0.0006170048077648603,-0.000616
-0.0005528313121320386,-0.00055
-0.0005228110816277422,-0.000684
-0.0006013766091037257,-0.000634
-0.0006221905388087979,-0.000632
-0.0006261926471264608,-0.00075
-0.0006761926107088497,-0.000668
-0.0006721864787445252,-0.001316
-0.0008483751810813111,-0.000734
-0.000873472953265388,-0.000316
-0.0007674007121280599,-6.6e-05
-0.0006197365877154435,5e-05
-0.0002739530523510474,0.0005
3.466880914442114e-05,0.000682
0.00044376423057267497,0.000684
0.0004725850593441808,0.000566
0.0006060516676164602,0.000584
0.0006276506423432153,0.000366
0.0002555864812950351,0.000284
0.0002655725214250012,0.000234
0.0003636806048797957,0.000216
0.00020828222290958254,0.0002
-4.2423671027371916e-05,0.0002
0.0001446126890211209,0.000166
0.00019504474097318983,0.000168
0.00016140137444022628,0.000116
0.00021175320986791993,0.000134
0.0001454531578031909,0.0001
0.00012887118723132302,0.0001
0.00011214833971690529,3.2e-05
9.057984312742358e-05,1.8e-05
-1.2949837933084204e-05,-5e-05
-2.145273034558728e-05,0.0
-7.708092883089825e-07,0.0
-8.630401467037464e-06,3.2e-05
-5.229313042095789e-06,0.0
3.2991159900584415e-05,-1.6e-05
-5.871775855629654e-05,-1.6e-05
-5.189309674642558e-08,1.6e-05
4.951134580006343e-05,5e-05
7.880574077189314e-05,6.6e-05
9.497693449475651e-05,5e-05
0.00013269693556553343,8.4e-05
6.214835147981876e-05,0.0001
-5.2487606676266496e-06,0.000116
0.00011187511142626369,5e-05
6.187511086182832e-05,0.0
-1.7303053800423823e-05,-1.6e-05
-9.679592335122649e-05,-1.6e-05
-1.6556159457932744e-05,0.0
4.5666981936368885e-05,0.0
-8.205041364354579e-06,0.0
-2.5468743912742358e-05,0.0
-5.189309674642558e-08,0.0
2.0299892313070177e-05,0.0
-4.179454378089921e-06,0.0
4.299892798127695e-06,0.0
-5.189309674642558e-08,0.0
-7.522910821212664e-05,0.0
-5.189309674642558e-08,0.0
0.0004247458729140807,0.0
-5.189309674642558e-08,0.0
-5.189309674642558e-08,0.0
-5.189309674642558e-08,0.0
3.158179321503447e-05,0.0
-5.189309674642558e-08,0.0
-2.9355349902708834e-05,0.0
-1.678609409944631e-05,0.0
-1.6802795191655493e-05,0.0
-0.00011714522048567962,0.0
-5.189309674642558e-08,0.0
-0.00021496802936454552,0.0
-2.9673799839837126e-05,0.0
1.1941616344387745e-05,0.0
-5.189309674642558e-08,0.0
-1.75089895592146e-05,0.0
-5.189309674642558e-08,0.0
-2.9355349902708834e-05,0.0
1.2312585718516335e-05,0.0
-5.189309674642558e-08,0.0
-5.189309674642558e-08,0.0
-5.189309674642558e-08,0.0
-5.189309674642558e-08,0.0
-5.189309674642558e-08,0.0
-5.189309674642558e-08,0.0
-5.189309674642558e-08,0.0
1.1774067949886457e-05,0.0
-2.9897920903637484e-05,0.0
-2.1601960299711504e-05,0.0
-2.5362201102183214e-05,0.0
1.2162627218075634e-05,0.0
-1.758117851402489e-05,0.0
-3.100562688481254e-05,0.0
-5.189309674642558e-08,0.0
-5.189309674642558e-08,0.0
-5.189309674642558e-08,0.0
-5.189309674642558e-08,0.0
-5.189309674642558e-08,0.0
-4.33301862806648e-06,0.0
-5.189309674642558e-08,0.0
-5.189309674642558e-08,0.0
-5.189309674642558e-08,0.0
-4.709728948389618e-05,0.0
-1.7303053800423823e-05,0.0
-5.189309674642558e-08,0.0
-5.189309674642558e-08,0.0
7.794959999690226e-06,0.0
-2.953259745527787e-05,0.0
-5.189309674642558e-08,0.0
-8.868721171232379e-06,0.0
1.9736101013847395e-05,0.0
-5.189309674642558e-08,0.0
-5.189309674642558e-08,0.0
-2.596459426156531e-05,0.0
-5.189309674642558e-08,0.0
-5.189309674642558e-08,0.0
-5.189309674642558e-08,0.0
-5.189309674642558e-08,0.0
-5.189309674642558e-08,0.0
-5.189309674642558e-08,0.0
4.299892798127695e-06,0.0
0.00012313399963341244,0.0
-5.189309674642558e-08,-0.000368
7.309999630833026e-06,5e-05
0.0001246377981256531,0.0001
5.325515054832603e-05,8.4e-05
9.968016324319578e-05,8.4e-05
-1.3246803766653174e-05,1.6e-05
0.00019874387264198914,8.4e-05
9.922918937509199e-05,0.0001
6.214835147981876e-05,0.0001
7.413841912515665e-05,0.000116
0.00019130998819718084,0.000116
6.216262654977612e-05,0.000134
-6.882008010240581e-05,0.000116
0.00012029988296369441,0.000118
-5.0636855949303346e-05,0.000116
2.7776854370218066e-05,0.0001
0.0001284582309070435,0.0001
0.0001082822316425909,5e-05
9.582054428531105e-05,0.0001
4.563695128185841e-05,6.6e-05
7.845824266995698e-05,0.000118
9.165252464507285e-05,0.000116
0.0001937577558923568,0.000134
0.00010786534042856146,0.000132
0.0001247934580249326,0.000168
0.00021231257564890895,0.000216
-0.0001378534998802488,0.000234
0.00023731257716386154,0.00025
0.00022463777459982617,0.000266
0.00024103667911047226,0.00035
0.0002738890440467932,0.000434
0.0011021259599893855,0.000532
0.0001886784049379736,0.00065
0.0012580956800617817,0.00075
0.0005885424535885639,0.0008
0.0006804566261018447,0.000818
0.0007528806881092219,0.000832
0.0007992292317937639,0.0009
0.0008365607044147238,0.000834
0.0008452102035215179,0.000834
0.0008492820550479811,0.0008
0.0008410996145340581,0.000816
0.00071807606559172,0.000834
0.0008206446572272228,0.000832
0.0005910523807075334,0.0008
0.0009607203418262074,0.000818
0.0011051980536630009,0.000816
0.0008162139910925877,0.000784
0.0008041554376280312,0.0008
0.0008041554376280312,0.000782
0.0007951554078914862,0.0008
0.0007912822929520908,0.000784
0.0007912822929520908,0.00075
0.0007785472934781972,0.000766
0.0007745312996348003,0.000768
0.0007666969440046183,0.00075
0.000758282236514781,0.0007
0.000992509201723356,0.0007
0.0007287500112345053,0.000682
0.0007073696940905445,0.000634
0.0005826969628346797,0.000634
0.0006617740457019091,0.000632
0.0013580840885518027,0.000668
0.0006416236232208309,0.000732
0.0006654961555489472,0.000868
0.0007227679531792259,0.000916
0.0007935179414902976,0.0009
0.0008522010134633594,0.00085
0.0003338938247769021,0.00075
0.0008523925706024625,0.000666
0.0005071649099138636,0.0006
0.0007141777831369317,0.0005
0.0006267305290257562,0.000418
0.00038344381054097345,0.000382
0.0005958254512835638,0.000368
0.00041572757897749357,0.000382
0.00039128226871284967,0.0004
0.0003827136370144497,0.000384
0.0003871626462441595,0.000384
0.0003373125832236718,0.00035
0.0004319773127052899,0.00035
0.00048503749625889065,0.0003
0.0002745418609938727,0.000316
0.0003208057305846987,0.00035
0.00030369913763181403,0.000316
0.00032004474854795264,0.000318
0.0002831972180568358,0.000316
0.0002786446590968653,0.000284
0.00037929984895473246,0.00035
0.0004979579779543788,0.00035
0.00037479344358882106,0.00035
0.00039582054767192324,0.000366
0.0003569155925211968,0.000334
0.0003082822289693928,0.000316
0.0004859163080267943,0.000666
0.000332696947685154,0.000318
0.0004497147306149225,0.000466
0.00017880573696982434,0.000166
0.0002161971895393028,0.000184
0.0002951263244966874,0.000234
0.00023321392105007938,0.000232
0.00015813128382047366,0.0002
0.0002112151457457274,0.000184
0.00023213343385514426,0.000184
0.0001621483427468104,0.000132
-2.1945932779879274e-05,0.0
3.820546303932482e-06,0.0
3.266754603702682e-05,0.0
-5.189309674642558e-08,0.0
-5.189309674642558e-08,0.0
-0.0004626873863597778,-0.0004
-0.00010429502440234086,-0.000332
-0.00018757685747841375,-0.000418
-0.0005636894776758972,-0.000566
-0.000431116986807842,-0.000634
-0.0011886941900803919,-0.000766
-0.0008309830078342467,-0.000766
-0.0006851432521549999,-0.0006
0.00034831656651149553,-0.000484
-0.0002478861533105215,-0.000316
-0.00018803014888809958,-0.000184
-0.00013768742583666885,-0.00015
-0.00018380279525242202,-0.000184
-0.00020871776764601197,-0.000182
-0.00017067379398582618,-0.000168
-0.00015048865769041295,-0.000166
-0.00022997094544497087,-0.0002
-9.70608232849914e-05,-0.000184
-0.00017520653056886102,-0.000166
-0.00026268741368767353,-0.00025
-0.0003348865459571664,-0.0003
-0.0002263254426745675,-0.000484
-0.0005706738182250672,-0.0006
-0.0004119909374297767,-0.000616
-0.0005031297690103819,-0.00065
-0.0005890487079979426,-0.0007
-0.000642450940965292,-0.000634
-0.000562687392419588,-0.000566
-0.00047119428269518435,-0.0005
-0.0004137660756628166,-0.000516
-0.0003709552641341743,-0.000418
-0.0005711942887549945,-0.00045
-0.0004336529492875628,-0.0004
-0.0004089633011070201,-0.000416
-0.00042145273979200977,-0.000434
-0.0003879724887389045,-0.000432
-0.0004208445774333703,-0.000418
0.00021678882338861685,-0.00045
-0.0003271908877942592,-0.00045
-0.0004378373840255171,-0.000432
-0.0004378373840255171,-0.000434
-0.0004417177573079098,-0.000834
-0.00035470012609664626,-0.000416
-0.00019589915916134223,-0.000466
-0.0005417680983985058,-0.000484
-0.001190117219783029,-0.000534
-0.0004760477078618969,-0.000532
-0.0005797862339355218,-0.000534
-0.00032172772236825555,-0.000466
-0.0005172250766360122,-0.00035
-0.0004723543947017503,-0.0003
-8.192391385360876e-05,-0.000318
-0.00036010254234756367,-0.000282
-0.00028330306045211526,-0.000268
0.00010927113156658021,-0.000166
-0.0005143895497175867,-0.000116
-7.562205478376817e-05,-0.000118
-0.00013768740611291071,-0.000166
-0.00014210994605919007,-0.000216
-0.00015501823847214463,-0.000218
-0.00018052208338890834,-0.000216
0.0003729120337468965,-0.000284
-0.00023422508394420918,-0.000316
-0.0002595680027182688,-0.000316
-0.0002128516503918409,-0.000234
-0.00012546874504161312,-0.000134
-4.33301862806648e-06,-0.00015
-0.00021030499763520554,-0.000132
-0.0003458785963713125,-0.000118
-0.00016700884358989196,-0.000166
-0.00028391084805934997,-0.0003
-0.0007365841546124217,-0.000434
-0.0004432418909947979,-0.000582
-0.0003743327604789049,-0.0007
-0.0005077405919519124,-0.00075
-0.0007022291548855906,-0.0007
-0.0007940102709264261,-0.000684
-0.0007091179535503067,-0.0006
-0.0005300305293739992,-0.000566
-0.0006388919071505959,-0.000568
-0.00019963696911986367,-0.00065
-0.000596843892244449,-0.000682
-0.0006177602277018095,-0.0007
-0.0006512560999713656,-0.000718
-0.0006801209521710508,-0.000682
-0.0006958736866411122,-0.000668
-0.0006924694448803371,-0.00065
-0.000688124932121279,-0.000682
-0.000670830036449385,-0.000634
-0.0006589525470845986,-0.000634
-0.0006504886879894643,-0.000616
-0.001105013227034499,-0.000584
-0.0006175089864705599,-0.000532
-0.0005924619437924318,-0.000484
-0.0007524878152798078,-0.0004
-0.0005016795994165372,-0.000366
-0.0004471340590845612,-0.000334
-0.0003252065593823346,-0.000316
5.411130958000025e-05,-0.000318
-0.00033399909518319534,-0.000282
-0.0002764426837228859,-0.00025
-0.0003404990202323269,-0.00025
-0.000275697520140172,-0.000234
-0.00017935534419960566,-0.000234
4.7769174596027804e-05,-0.00025
-0.00024220504035701688,-0.000232
-0.0004610744957612378,-0.000218
-0.00023378609225917842,-0.0002
-0.0002254581495814205,-0.000232
-0.00020031986479811413,-0.000334
-0.0002472918567538579,-0.000316
-0.0005099483905436186,-0.000334
-0.000657708372420819,-0.000316
-0.0002642091213523098,-0.000418
-0.0002812647086666318,-0.000366
-8.921808505759774e-05,-0.000234
0.0001783059961097073,0.0001
-1.6510227756152838e-05,0.0004
-3.2399598560762965e-05,0.000484
0.0001805042681262295,0.0009
0.0007375695291365082,0.0008
0.000640813529026304,0.00075
0.0007296851540556708,0.0008
0.0008111479832605895,0.000916
0.0010617741488361827,0.001034
0.0011661334210261436,0.001116
0.0009635350010085155,0.00125
0.001075982986413695,0.001318
0.0011767452762782887,0.001382
0.001264053754027157,0.001268
0.0013032290824545334,0.001416
0.0013445820715711708,0.00135
0.0013526386745081294,0.001384
0.0013531321629369146,0.001182
0.0013307616342390477,0.001234
0.001285454268299458,0.001234
0.0012566270490303134,0.00125
0.0012243614264512866,0.001066
0.0009340367794872816,0.001084
0.0011564181289242324,0.00105
0.0011105083994108979,0.001
0.0010492228169981343,0.00105
0.0010452551069146763,0.000932
0.0013374556410683251,0.000884
0.0008383833374573767,0.000834
0.0009230143544855925,0.000782
0.0008566127447901754,0.000718
0.000612312580164392,0.000632
0.0004788056959779807,0.000468
0.00044165252613065066,0.000416
0.00029808216633979656,0.0002
0.00042517159050988,0.0
3.317166410437722e-06,1.6e-05
-5.1284204484437174e-05,5e-05
-2.9610077308210526e-05,0.0
1.2162627218075634e-05,1.8e-05
8.63830613168706e-05,0.0
2.4317613834407116e-05,3.2e-05
-4.179454378089921e-06,0.0
0.00016194161803769383,0.0002
0.00029582056133587115,0.0003
0.00045382054645291126,0.000434
0.0006109445402994625,0.0007
0.0007120379920633091,0.000684
0.0007118750738210323,0.00065
0.0006492228322064096,0.000666
0.0006745312146799575,0.000684
0.0004809532582123124,0.000666
0.0006661972168084491,0.000684
0.0008242621522610603,0.0007
0.0006831972028485606,0.00065
0.0005917949407541722,0.000632
0.0006497147032870268,0.0006
0.0006446008061702528,0.00055
0.0004994365497599522,0.000518
0.0005739075039400895,0.00055
0.00032692137765389344,0.000582
0.0005747934557084417,0.0006
0.0005617217322354985,0.000534
0.0005658548063072436,0.000584
0.0005743858839701357,0.000616
0.0005827360947708392,0.000566
0.0005742622160065672,0.0005
0.0005654482602043612,0.000518
0.0005164438335905773,0.0005
0.00039582054767192324,0.000382
0.00054303631161439,0.000234
-9.595148023189034e-05,5e-05
0.00016621390239442545,0.00015
0.00015415541796302249,0.000116
0.0001358550346865394,0.000134
5.187299193642961e-06,0.000166
0.00023266755322570783,0.000166
0.00015804743812459972,0.00015
0.00015366697881632248,0.000168
0.00015762928459004904,0.000166
0.00020779494746461308,0.000184
0.00018716263412453895,0.000166
0.0001997147154653968,0.000166
0.00019128224673135006,0.000184
0.00019128224673135006,0.0002
0.0001331971991052413,0.000166
0.00013294247663067914,0.00015
0.00014529988447864697,0.000134
0.00013647550467026128,0.00015
0.00016571623252891363,0.000116
0.0001538205381353595,0.00015
0.00013714834123185784,0.000118
0.0001413099950291548,0.000116
0.0001288057339399192,0.000134
-5.058986409552315e-05,0.000166
9.515608538998653e-05,0.000166
0.00019563694681149009,0.0002
0.0001623125824808829,0.000168
0.00019959988374547728,0.0002
0.00021231257564890895,0.000216
0.00020828222290958254,0.000216
0.00021231257564890895,0.000218
0.0001237708304745155,0.000216
0.000140882028924927,0.000216
0.00018271362489482914,0.0002
0.00014529988447864697,0.000184
0.00018716263412453895,0.0002
0.00019113128108650909,0.000216
0.00039690858906622783,0.00025
0.00021189206512525996,0.000234
0.00021216261591573338,0.000234
0.0003329911669854013,0.000266
0.0002334438408987743,0.000234
0.0005843650405085092,0.000216
0.00021214833591483648,0.000234
0.00011056577439651299,0.000232
0.0007133313183323857,0.000234
0.0002582822259394877,0.00025
0.00016572254413152002,0.000234
0.00019179496582432643,0.000216
-2.5266373223236274e-05,0.000234
0.00011888794787501352,0.000216
0.00026932131751680933,0.000234
0.0002621626386693967,0.00025
0.00023731257716386154,0.00025
0.0001781944779811561,0.000216
0.00016486477761355696,0.000234
0.00026231257867881413,0.00025
0.00024951134682507,0.00025
0.00022054726439815786,0.000232
0.0001952998875085521,0.000218
0.00020828222290958254,0.000216
0.00019959988374547728,0.000216
4.786781804144992e-05,0.0002
0.0002370501525617438,0.000234
0.00022080572452488846,0.000234
0.000253820573780807,0.00025
0.00022904473277717108,0.000232
0.00019128224673135006,0.000234
0.0001997147154653968,0.00025
0.00016599115213181617,0.000234
0.00023731257716386154,0.00025
0.00029948085692488313,0.000266
0.00020765944524615772,0.000284
0.000258036684874342,0.000382
0.00043249099826241533,0.000468
0.0005203899264351088,0.00055
0.0004185466562816261,0.000532
0.00039582054767192324,0.000384
0.0001869698541124308,0.000216
0.00041716477033847897,0.000168
9.538539873311853e-05,0.00015
0.0002693070966871869,0.000182
0.00017839802716521135,0.000168
0.00017083296986686048,0.000166
0.00014566698306523962,0.000166
0.0001747708872136409,0.000184
0.00022080572452488846,0.0002
0.00017877068785160087,0.000166
0.0001952998875085521,0.000218
0.00019152023359712627,0.000332
0.0004910366745362398,0.0005
0.0003008232361804661,0.00055
0.0005027512456587495,0.000584
0.000540538021512726,0.000616
0.0004623125710746765,0.000518
0.0005660891245540048,0.000366
0.00023166394924002147,0.0003
0.0002655725411487594,0.000234
0.000351888440492744,0.000216
0.00019582055527606084,0.000166
0.00019566698609514474,0.000184
0.0002042998777975808,0.000216
0.00019994810669552528,0.0002
0.00018249101269852687,0.000184
0.000157794954296587,0.000184
0.0002206587628029509,0.000216
0.00014112971001783143,0.000284
0.00037080569416708757,0.000382
0.0002646189368899703,0.000384
0.0002956369331475422,0.0003
0.00017805406454692266,0.0002
0.00021585478509790755,0.000184
0.00026499426028370936,0.000182
0.0005398004318531397,0.0002
0.00022845824682873284,0.000234
0.00019948085086507288,0.000234
0.0001663470870712988,0.000232
0.00022463777459982617,0.000268
0.00016514434216150263,0.000266
0.00017014702686797664,0.00025
0.00028714834045969416,0.000266
0.0006501243657436962,0.000268
0.0004205565861316228,0.000316
0.00041231256804477134,0.000416
0.0004950447394288626,0.000534
0.0010940419015810893,0.000766
0.0005038400760033799,0.000918
0.0007943462604373503,0.00085
0.0009197217491959174,0.000666
0.00044088203724247877,0.000416
0.0002832139240799845,0.00025
0.00017377083350442063,0.0002
0.00023716261743068594,0.000218
0.00024128223989937613,0.00025
0.00022896522630808905,0.000266
0.0003119416172655302,0.000266
0.00020390431782798504,0.00025
0.0003247934800064322,0.000284
0.00026619719256920795,0.000334
0.0002827162344907145,0.000366
0.0003073913462615045,0.000434
0.00035314979454986777,0.000432
0.0008725653203777607,0.000418
0.00038696986623205134,0.00045
0.0011273706347241254,0.00055
0.0004612151411714949,0.0006
0.000502675348637408,0.000532
0.000510102250871833,0.000534
0.0005533171233098314,0.000584
0.0005617531719059815,0.000582
0.00045755342547189646,0.000484
0.0005449817447752529,0.0004
0.0005106023270358384,0.0003
-6.510731931672837e-05,0.00015
0.00011644382907509437,0.000116
0.00023865434498294196,0.000134
-5.189309674642558e-08,0.0
0.00013689206058040224,0.000134
0.0001747708872136409,0.000166
0.00017080574121874147,0.000166
0.00011480025817075992,0.000134
0.0001706587794968039,0.000166
0.00019114487075587092,0.000218
0.00017025144444359568,0.000232
0.00015363694939454688,0.0002
0.00017054727123013178,0.0002
0.0001327162352628782,0.000184
0.00020356457609393936,0.0002
0.00019582055527606084,0.000234
0.00019543436409158395,0.000266
0.00022021379481920224,0.000316
0.00025293915847682827,0.0004
0.00044088203724247877,0.000484
0.00036444044293856934,0.000566
0.00043918737194267,0.000768
0.0005511144134477267,0.001016
0.0007034060076537477,0.0009
0.0008083540734718498,0.000634
0.0006107566912268907,0.000616
0.0004204673558497753,0.000466
0.00026231255895505597,0.000268
0.0004923569829064586,8.2e-05
1.5667546436831538e-05,-8.2e-05
0.00017842210987390627,-0.000218
-3.481839205522409e-05,-0.000132
-0.00020896330871115768,-0.000184
-0.0002087177873697701,-0.000216
-0.0004574115966361506,-0.0003
-0.000209513187364479,-0.000268
-0.00025871779039967523,-0.000282
-0.0004182764652278733,-0.000334
-0.0002966145853765839,-0.000366
7.499614619560339e-05,-0.000318
-0.0002173030659200444,-0.000232
-0.00032626079425517886,-0.000218
-0.0002628373734208491,-0.00025
-0.00022134122926759618,-0.000232
-0.0001418687244970781,-0.00015
-0.0001046225472682158,-8.4e-05
3.300091946266149e-05,-5e-05
-2.5697529645343993e-05,1.6e-05
-5.191563236081274e-07,6.8e-05
-1.3957914280929894e-05,0.000132
0.0002449817463195802,0.00025
0.00029968016550093726,0.0003
0.00029553060236738314,0.000334
0.00026497733729922106,0.000384
0.0007853908852892454,0.000466
0.000369450435297436,0.000584
0.00043965466722063865,0.000566
0.0004979993583989667,0.000566
0.0005443462452878246,0.000484
0.0005490363577370976,0.000566
0.0005446180781225775,0.000518
0.0005326392086409264,0.0004
0.00028308721865766176,0.000282
0.0002159911551617213,0.000218
0.00010753803452402612,0.000132
0.00014948083797328867,0.000134
0.00014529989434052603,0.00015
0.0001497147124354917,0.000166
0.0001538205381353595,0.000168
4.8082167215824376e-05,0.0001
0.00019907809172375426,0.000132
0.0001778135924876202,8.4e-05
0.000289813355488957,5e-05
3.675319371594499e-05,3.4e-05
7.406781793287702e-05,1.6e-05
4.537744949415077e-05,0.0
0.0002774034824443238,1.6e-05
-0.00011386604707530128,1.8e-05
3.705016078224884e-05,0.0
2.0658775338028045e-05,3.2e-05
1.6213905632058893e-05,8.4e-05
3.2722539264755696e-05,0.00015
0.00016155544657697507,0.000234
9.948083987432307e-05,0.000382
9.844091458801293e-05,0.000284
0.0002604170071785415,0.000416
0.00035249007428743754,0.000368
0.0003161971955991131,0.0003
0.0001659012315184336,0.000166
0.00030451816668878055,0.00015
0.00012854726395130953,0.000184
0.0001285580429851357,0.000182
0.00016621391225630453,0.000168
0.0001082822316425909,0.000116
-8.469403825710047e-06,5e-05
-7.225882857805538e-05,3.4e-05
7.015541326725703e-05,0.0
-0.00028191511931521763,-5e-05
-9.2109952891164e-05,-6.8e-05
-8.400884329395137e-05,-6.6e-05
-4.668283415399765e-05,-0.0001
0.000197797743687537,-0.0001
-8.39127787299067e-05,-0.000134
-1.310884594030875e-05,-0.000132
-0.00011691277599594213,-0.000134
-0.00012536219730011443,-0.00015
-0.00013768740611291071,-0.000184
-0.00015051913089674678,-0.000182
-0.00016303012764938885,-0.000318
-0.00021010371668333695,-0.000116
-0.00020182113864931228,6.6e-05
-0.0001409279801285995,6.8e-05
-7.894159286519005e-05,6.6e-05
-8.717762922800714e-06,1.6e-05
0.00014276893183349493,0.0
3.675319371594499e-05,1.8e-05
7.080574502081027e-05,3.2e-05
1.1960659632876635e-05,1.8e-05
1.6713636630296847e-05,1.6e-05
2.0832965708084622e-05,3.4e-05
-9.370152210714946e-05,3.2e-05
1.2312585718516335e-05,0.0
2.0155413935556546e-05,-3.2e-05
-0.00029815968541838,-8.4e-05
-0.00015031984204445084,-0.000134
-6.376605445348062e-05,-0.00015
-0.00018768740914281584,-0.000166
-0.0002295417564677381,-0.000234
0.00019379534937538097,-0.00025
-0.0002629619684010504,-0.000266
-0.000229945915995885,-0.000334
-0.0002719459232747073,-0.000466
-0.0005589633101967355,-0.000534
-0.00040261946987984716,-0.000482
-0.0004558282127797953,-0.000368
-0.00018030084199379713,-0.000232
4.277535918270465e-06,-0.000234
-0.00033158222475515337,-0.000334
-0.00029349401070544856,-0.000482
-0.0004337861635500734,-0.00045
-0.000271835075753933,-0.00045
-0.0004303990420113681,-0.00045
-0.0005642806381550158,-0.000418
-0.00027119425085180563,-0.000316
-0.0001793553244758475,-0.000184
-0.0003445737514274793,-0.000182
-0.0002343692448924902,-0.000168
-0.0002463330059754023,-0.000232
-0.0002667860895252139,-0.000268
-0.0002509094306827281,-0.000332
-0.000251472859557895,-0.000234
-7.743039796364501e-05,-0.00015
-0.0002476286793716982,-0.000134
-0.00024272708878759575,-0.000116
-0.00015962241450718026,-0.00015
-0.0002768869810988576,-0.000184
-0.00014662254468515902,-0.000232
-0.00017156449917989116,-0.0003
-0.00021789763860932204,-0.000384
-0.0002768660147439496,-0.000334
-0.00023003477152632774,-0.0002
-0.0005609952517608218,-0.000182
-5.896329962144225e-05,-3.4e-05
-6.268741142993207e-05,-3.4e-05
9.841030331537206e-05,-5e-05
-4.617945426050289e-05,-6.6e-05
-0.0001791670414805964,-0.0001
-6.310794167733922e-05,-6.6e-05
-5.896329962144225e-05,-3.4e-05
-2.1341222078915154e-05,-1.6e-05
0.00020828222290958254,0.00015
5.755414333905559e-05,0.000116
1.6213904399324008e-05,3.4e-05
-7.161008458703279e-05,0.0
7.350045416796024e-05,-6.8e-05
-0.00013330305136239986,-0.00015
-0.00010896330265134739,-8.2e-05
-7.632171565644179e-05,-0.00025
-0.00013928546444532582,-0.000384
-0.0002193192087538567,-0.000566
-0.00034190516639799227,-0.0008
-0.0010738352513746138,-0.000684
-0.0006123130779674195,-0.0006
-0.00028400881596605566,-0.00035
-0.00016742746063275906,-6.6e-05
9.968016324319578e-05,0.0001
-0.00023564304464100336,0.0001
-5.85587653418906e-05,0.000132
6.45750073573704e-05,0.0001
9.464567397671312e-05,6.8e-05
-0.0005941037494204122,6.6e-05
9.08286238198446e-05,6.6e-05
7.463780002668753e-05,-0.000132
-0.00017962697979677706,-8.4e-05
-0.0004902944150550471,-3.4e-05
-1.2949837933084204e-05,3.4e-05
6.231258628295171e-05,6.6e-05
8.656066882802578e-05,0.000118
4.463368383279542e-05,0.000116
0.00021621389556245152,0.000216
0.00016619719637127672,0.00015
0.00015363694939454688,0.000134
3.731258415163169e-05,3.4e-05
-7.984457609870023e-05,-0.0001
5.2028253896681413e-05,-0.00015
-0.00027119425085180563,-0.00025
-0.00011903730088076059,-0.000234
-0.00011467596375600482,-0.000216
-0.0003155070462869393,-0.0002
-0.00018785164887688834,-0.0002
-0.00021285167011559904,-0.000268
-0.00022169398868201751,-0.00035
-0.0003724980170487511,-0.0003
-0.00021742746366266422,-0.00025
-0.00010031982915266662,-0.00015
-0.00026433436721652983,-0.000382
-0.0001791670414805964,-0.000184
-0.00024258225723153786,-0.000134
-2.154175352797423e-05,0.0
-0.00017840101016176524,-0.00015
-0.0005162795985655787,-0.00025
-0.00013570681535315457,-0.000266
-0.00020461459479161463,-0.000234
-0.00022611094680474188,-0.000132
-0.00022179868239025058,-6.8e-05
0.00016969916935365975,1.8e-05
0.0001241384122931827,6.6e-05
-3.089574089724783e-05,0.0001
0.0001997147154653968,0.000166
0.0002452998708146991,0.00025
9.909159150733372e-05,0.000268
0.0001943259086075994,0.0007
0.00039994809909138767,0.0004
0.0004288267973692906,0.000466
0.0005703285096821508,0.00055
0.0006415306454249359,0.00065
0.0007546868320900657,0.00085
0.0008452551736900882,0.000966
0.0007499519467098038,0.001068
0.0008796485164027529,0.001116
0.0011032041395046177,0.001084
0.0008247934314104511,0.0009
0.0010399218027122984,0.000682
0.0009412093635841864,0.000568
0.0002867217352947784,0.0003
0.00018294247966058427,0.0002
0.00028234710435703296,0.0003
0.00033860957811176335,0.000482
0.0003179755882522469,0.000718
0.000420113235496042,0.00095
0.0006064296537175488,0.00105
0.0014988042666719298,0.00085
0.0006969789027196871,0.000416
0.0008105042786897728,0.00025
-3.095162816595138e-05,0.0001
0.00013714834123185784,0.00015
9.52998913106209e-05,0.0001
-2.9955272661383282e-05,5e-05
0.00019553059630757284,0.000184
0.00025743201362089416,0.000166
0.0001236745588110103,0.000184
3.6335105516343144e-05,0.000166
0.0002160872098638869,0.000184
0.0001747708872136409,0.000232
0.00019089004966251803,0.000218
0.00019934661096713876,0.000232
0.00021601085919610805,0.000284
0.00037883294815192666,0.000334
0.0002658622634321496,0.000482
0.00033068650501744557,0.000484
0.00039379803406423017,0.000416
0.0004274793096603482,0.0005
0.00046969915794745336,0.000284
0.00041888791674504896,0.000384
0.0003940824901041957,0.000482
0.00041035881145797134,0.000768
0.0004750196811545532,0.00035
0.0004919245592328902,0.000466
0.0005126840908129987,0.000316
0.00047058436021299595,0.000334
0.00044968017459065264,0.0004
0.00040752020763327535,0.000434
0.0003698094865907056,0.000416
0.0003950622086187686,0.000434
0.00042064463298798155,0.000466
0.0004370501844051225,0.0006
-7.87946375412668e-06,0.00035
0.00046026824299047513,0.000266
0.000417384493004213,0.000118
-0.00015134407708115673,1.6e-05
-0.00024261803612881267,-0.000184
4.994183161439422e-05,-0.000432
-0.0005051038410680712,-0.00055
-0.0006104135222680016,-0.00065
-0.00045831313017343715,-0.000718
-0.0005901746584554017,-0.000716
-0.0006601957750079872,-0.000616
-0.0006760846823042809,-0.00055
-0.0006517599236494186,-0.000518
-0.0006018783026158991,-0.000432
-0.0005306427548268165,-0.000118
6.61972026388153e-05,0.0001
0.00017411657126094237,0.00025
0.0009710817053499125,0.00035
0.0002033854054749512,0.000284
0.00010780610998285237,0.000234
0.00019582055527606084,0.000182
3.29803993577815e-05,0.0
-0.00017546875793339733,-0.00015
6.272511854643111e-05,-0.000266
-0.00022561410533707214,-0.000216
-0.0005946773952022982,-0.000284
-0.00025820505158294073,-0.000234
-0.00010264538844237686,-0.0002
-0.00019617945348833924,-0.00015
-0.00021821304122581696,-0.000116
-8.768741294488463e-05,-8.4e-05
-0.00013856682931731682,-0.0001
-0.00011310792498348621,-0.000132
-0.00010844657963546762,-0.0001
-0.00014724224544231324,-0.000118
-9.767410395886948e-05,-1.6e-05
2.838991877616992e-05,-3.4e-05
-0.00019362564100749728,-5e-05
-5.5458121528360695e-05,-6.6e-05
-4.196330865039115e-05,-8.4e-05
-5.896329962144225e-05,-8.2e-05
-0.00010484457761365279,-5e-05
-7.084458580967154e-05,1.6e-05
-5.100364388670521e-05,5e-05
-1.7794870640706146e-05,6.6e-05
7.080574008987075e-05,8.4e-05
5.3377450176173175e-05,0.000116
0.00019948085086507288,0.000168
9.520407329355304e-05,0.000116
6.996523432575425e-05,0.000134
0.000411977224708792,0.000166
0.00018319720213514644,0.000184
0.00014933912277101765,0.000132
0.00015345315355427374,6.8e-05
9.136959719636351e-05,3.2e-05
0.00010254985664166766,-3.2e-05
4.8527141363247474e-05,-6.8e-05
-1.3186859801786123e-06,-5e-05
-3.0436709873941857e-05,-5e-05
-3.38028009555252e-05,0.0
-0.0002991400745407298,3.4e-05
-1.7384034620427197e-05,-3.4e-05
-1.3303899115543087e-05,5e-05
1.1696101166674597e-05,-1.6e-05
7.641368629546217e-06,-0.000216
-5.644588733625668e-05,-0.0004
-0.00014987885825984743,-0.00035
-0.0001965268677643033,-0.0004
0.0002424490974312277,-0.000284
-0.00035968167679626805,-0.000216
-0.00031421809869217087,-0.0006
-0.0003786109225155637,-8.4e-05
-3.376399939231467e-05,1.6e-05
0.00011319659829103166,-3.2e-05
-0.00018114726735082688,0.0
-2.59485292605563e-05,6.6e-05
4.5530598312471405e-05,3.4e-05
1.6089163956406433e-05,1.6e-05
-0.000130082349033042,-3.4e-05
1.9600797265708342e-05,-0.000132
-0.00010473152103196631,-0.000134
-7.25995269143711e-05,-0.0001
-0.00010100364198567081,-1.6e-05
-9.66873736482761e-05,6.6e-05
-4.79255147430977e-05,8.4e-05
6.686511912114969e-06,8.2e-05
5.298175707120996e-05,6.8e-05
7.479346978784605e-05,0.000116
7.080574502081027e-05,0.0001
9.104743426176444e-05,5e-05
8.285477191018278e-05,-8.4e-05
4.354962910310585e-05,-0.000116
-1.4731751277046889e-05,3.4e-05
-0.00018768740914281584,-0.000218
-0.0003698389388706899,-0.0001
-0.00010222309291861574,3.4e-05
0.0001621483427468104,0.00015
0.00023294248269048942,0.00025
8.026030383286466e-05,0.000366
0.0001969598981653003,0.000268
0.0004531196824309908,0.0001
-2.9167032390880977e-05,-6.8e-05
-0.00020871776764601197,-0.000216
-0.00031680277885450957,-0.0003
-0.00012477539577154586,-0.000384
-0.0002448942169900072,-0.000432
-0.0003350446121549396,-0.000434
-0.0003888483419430864,-0.000416
-0.00041699907575537776,-0.000368
-0.0004131621736359364,-0.000266
-0.00037261864755356526,-0.0002
-0.00031459770214142737,-5e-05
-0.0007877258082112693,-0.000116
-0.00016003237282022177,-6.8e-05
-9.263169560349165e-05,-6.6e-05
-7.561409624735671e-05,-5e-05
5.8282238474564825e-05,0.000116
-1.8912532188804833e-05,0.000218
0.00017352252125125557,0.000316
0.00011194161007684918,0.00015
0.00019810539486708097,0.0001
0.00019399196565844827,1.6e-05
-7.16269779858839e-05,-5e-05
5.209503361082047e-05,-0.000166
-0.00011765291988220812,-0.00015
-0.00016680280921231046,-0.000166
-0.00017935534419960566,-0.000168
-0.0002766761144005306,-0.000232
-0.000191963302947288,-0.000234
-0.0002646595133695483,-0.000216
-0.00021316216151631587,-0.000284
-0.00024213464626419778,-0.000234
-0.0002426304029251695,-0.000332
-0.00026762407311375756,-0.00045
-0.0003269856818145198,-0.000568
-0.0003991082859024105,-0.000616
-0.0004942311982857342,-0.000484
-0.0005311340736422057,-0.000282
-0.0004906669968464041,0.000182
0.00045695729460572536,0.0003
0.00047704231310479513,0.000334
0.0003323715845707959,0.000334
0.0005112819288464787,0.000332
0.00042039800711613786,0.000384
0.0003454531501990533,0.00055
0.0003977907933205324,0.000716
0.0007468166581150925,0.00095
0.000644811692592338,0.00115
0.0008358500179612473,0.001218
0.0010036520994397941,0.001166
0.001118473326319999,0.001784
0.0013229634914288196,0.00025
0.0002735572904347962,0.0002
0.00013188369543158248,-0.0001
-9.69788414842622e-05,-0.000184
-0.0004946210975367425,-0.000316
-0.000313246821946084,-0.0003
-0.00022967380702851813,-0.00025
-0.00027067380004563643,-0.00025
-0.00020128417905757585,-0.000168
8.375997406648426e-05,-0.000166
3.132432328259947e-05,-0.0002
-0.00011755173700292485,-0.0002
-0.00011268741445983719,-0.00015
-0.00017954175343783298,-1.6e-05
0.0004091318753588104,0.0
-9.362160143914636e-05,-3.4e-05
-2.179939018780229e-05,-6.6e-05
-0.000405192868052527,-0.000268
-9.458568887538942e-05,-0.00015
-0.00013174438137500007,-0.000266
-0.0001896050120809363,-0.0001
-0.00019781506585626223,1.6e-05
0.0005935758777721068,0.000434
0.0003621483450045519,0.000334
0.00037080569416708757,0.000416
0.0002958279774689336,0.000334
0.00022916999836514927,0.000282
0.0003403095096549968,6.8e-05
0.00018589171404471494,0.0
-0.00021475311929579883,-0.00015
-0.00025417945226932723,-0.0002
-7.319521399598393e-05,-0.000234
-0.00014821811782404786,-0.000284
-0.00021821306094957506,-0.000382
-0.00027670232727510516,-0.000484
-0.0002774777471028133,-0.000566
-0.0004316313429727444,-0.0006
-0.000826652459495955,-0.000618
-0.0005682762770800072,-0.000516
-0.0005759645980048845,-0.000366
-0.00014260864156012543,-0.000168
-0.00017784117101058073,-0.000116
-0.00044721685942125346,-0.000184
-0.00033948383840060953,-0.0002
-0.00016778386894243717,-0.0002
-0.0001758615763006109,-0.00015
-0.00018400882963000352,-0.000182
-0.00020493252204915207,-0.000218
-0.00018812490182222762,-0.000166
-4.196330865039115e-05,-8.4e-05
-5.8868714339258446e-05,-5e-05
-2.9955272661383282e-05,-1.6e-05
-8.038176251365533e-05,-3.4e-05
3.6369501667105606e-06,-3.2e-05
-2.9194261038999995e-05,-5e-05
-0.00010066087265474988,0.0
1.98790581965141e-05,0.0
7.026554087085901e-05,1.6e-05
-5.5016940506175845e-05,0.0
-0.00011268741445983719,-0.0001
-0.00015885512086782783,-0.00025
-0.0002546145780977616,-0.000284
-0.00028414520575362754,-0.00025
-0.00023052210614257166,-0.0002
-0.00024674485776922573,-0.000116
-0.00021406844847931533,-3.4e-05
-4.1717767585245453e-05,-1.6e-05
-1.6556159457932744e-05,0.0
4.545315913978992e-05,3.4e-05
8.282237910129453e-06,3.2e-05
1.1969857067846571e-05,6.8e-05
3.290123558899722e-05,3.2e-05
6.599115839935473e-05,5e-05
-9.38611726035885e-06,6.8e-05
0.0001283256379429145,0.000116
4.395314760911305e-05,0.000116
8.677406509833486e-05,0.000168
-5.839285055545059e-06,0.000116
0.00012843927637546626,0.000234
8.181442749401205e-05,0.000216
0.0001823623349003896,0.000234
0.00019878264955050198,0.000332
0.00025286740344469713,0.0002
0.00024422522185217486,0.000334
0.0002735302886098959,0.000434
0.00032293832248659845,0.0005
0.00036419543441489354,0.00055
0.00045249522824812366,0.000582
0.000515113387208672,0.000434
0.0005151134266561883,0.000534
0.0005236275813345922,0.000482
0.0005066238477804331,0.000534
0.0004659912097587633,0.000434
0.00039304502042577464,0.000316
0.0002535645791238445,0.000284
-0.00026099261032155776,0.0005
0.000319078402741402,0.0004
0.00037292434137197887,0.000582
0.00043873589511873347,0.000334
0.00012811342016715455,0.00025
0.000388470528646747,0.000184
-7.545813062982602e-05,-0.0001
0.00016295647442740184,-0.000234
-0.0002717867722702362,-0.00035
-0.0004843784710370696,-0.000516
-0.000303791567871555,-0.000618
-0.00043316880992013844,-0.000582
-0.0005190508260324518,-0.000518
-0.00039332567448949223,-0.000532
-0.0005634908988788945,-0.000468
-0.000526008223927996,-0.000182
-0.00016877244342441712,-0.0001
-0.00024678677075528363,-0.00015
-0.00017617964162445538,-0.000234
-0.00016770891866148662,-0.000316
-0.00020204202501677689,-0.00025
-0.00023896714877243575,-0.000434
-0.0003104522809970837,-0.00035
-0.00013491252975078084,-0.00035
-0.0003476169300716541,-0.000434
-0.0004253622253414243,-0.000432
-0.0003925304914561229,-0.000384
-0.00040087257606847074,-0.000184
-0.0003610474287052527,-6.6e-05
-0.0002701823628876984,-1.6e-05
-0.0007960482085129885,-5e-05
-2.604770524744833e-05,0.0
-3.365291518644266e-05,5e-05
-4.894832620535243e-06,0.000116
8.583128918276736e-05,0.000216
0.00022054726439815786,0.00025
0.00016999787580888502,0.000134
0.00017761823852507414,8.4e-05
-0.00010087819888386934,0.0
3.2617845630366433e-06,-3.4e-05
-9.668283718390279e-05,-0.000116
-1.827926641698645e-05,-0.0002
-8.942084529132719e-05,-0.000318
-0.00016960642309005742,-0.000382
-0.00025655458722513466,-0.000468
-0.0003444241664457085,-0.000516
-0.00042289572993788976,-0.000484
-0.00046373061537557724,-0.000532
-0.0005006294276378708,-0.0003
-0.00046030270510502824,-0.0005
-0.00045624647479501574,0.000232
-0.0002825856284733531,0.000334
0.00041600091081786544,0.000434
0.00011587897022746199,0.0005
0.00037248189802927277,0.0006
0.0011450014654447432,0.00075
0.0005680476148427596,0.000866
0.000675530617505159,0.001184
0.0008446771886814104,0.001282
0.0010150651337477849,0.001184
0.0011251061106039946,0.000884
0.0011297926333292852,0.001016
0.0010877065515699186,0.000916
0.000997101997149942,0.001384
0.0010450682834775278,0.00105
0.0010871378761750851,0.000516
0.0009587893859038228,0.000218
0.00017915541947797505,0.000232
4.455805184945396e-05,0.0
-0.0003553948363060255,-0.0002
5.8103758187111736e-05,-0.000366
-8.904317477036887e-05,-0.000416
-0.00044261802852467506,-0.000468
-0.0007175089925303702,-0.000566
-0.000600598388502361,-0.000616
-0.0005184531961606617,-0.000634
-0.0005725995276277852,-0.000666
-0.000621399221632025,-0.000668
-0.00043964920844870656,-0.000716
-0.0006717277041300751,-0.000716
-0.00043063710777217686,-0.000584
-0.0002734127199966682,-0.000384
-0.00018794983374493358,-0.000216
-3.722338384992333e-05,-0.000216
-8.916870662908201e-05,-0.0002
-0.00019646941245682724,-0.0002
-0.0002165561666466138,-0.00025
-0.00021700882689603893,-0.000318
-0.00024320109014333368,-0.000416
-0.0003289969923275866,-0.0005
-0.0003733566711358307,-0.000466
-0.0004267022969173043,-0.000318
-0.0003217799114323069,-0.000216
-0.00037783940799196827,-3.4e-05
-0.0002623973363766367,0.000134
-0.00011279149673156778,0.000334
0.0003536456695533884,0.0004
0.00020426299436984984,0.000532
0.0006456669936405328,0.00065
0.0014660549386481577,0.000684
0.00032540633661951013,0.00075
0.0006520384381291087,0.000884
0.0009697103518936148,0.00105
0.0008385269264166714,0.001282
0.0008707724307623904,0.00115
0.0010878958996481094,0.0009
0.0007607317694863109,0.0009
-0.00022976422073585432,0.0009
0.0009598152580124548,0.00075
0.000881177817714275,0.0008
0.0008358885976321786,0.000834
0.0008196470295402543,0.000734
0.00041425571324968944,0.0007
0.00076568953333361,0.000566
0.00032798934026240657,0.000384
0.0005925884275443411,0.000182
-3.8124892732512185e-05,-8.2e-05
-0.0004564458819898606,-0.000268
4.7832408964640316e-05,-0.000332
-0.0001299500124777689,-0.000234
-0.0001461794504584341,-0.00015
-0.00021312488361342204,-0.000184
-0.00022670232424520004,-0.000182
-0.00011678610015925657,-0.0002
8.10580361619742e-05,-0.000218
-0.0002801209476555679,-0.000232
-0.0007292865218888782,-0.0003
-0.00023843934100447857,-0.000318
-0.00030935863805546597,-0.000332
-0.0002964529689023447,-0.0004
-0.00033843930761677255,-0.0005
-0.00038928545987109336,-0.00065
-0.00047346669631857314,-0.000818
-0.000999286782824967,-0.001016
-0.0010219384145239148,-0.001134
-0.0009090950861104793,-0.001032
-0.0010028372959761445,-0.000684
-0.0003256386674757728,-0.00035
-0.0008076561135514505,-0.0002
-0.0002168028122422156,-0.000234
-0.00037174322827206256,-0.000316
-0.0002764995473176176,-0.000384
-0.00028527926267568415,-0.000432
-0.00031943570332927066,-0.00045
-0.00039678679956875717,-0.0007
-0.0004945446088026565,-0.000384
-0.0004945445693551403,-0.000516
-0.0005154234691195418,-0.000418
-0.00025028527235623315,-0.00025
-0.0003943620396374572,-0.000182
-0.0003447832571864943,8.2e-05
0.0001538205381353595,0.000168
-4.983582975258362e-05,0.000282
0.00023257528548510604,0.000234
0.00018963798549548054,0.000234
0.00022849305926185857,5e-05
-0.0001969788376821934,-0.0001
0.00010102976139425975,-0.000584
-0.00010752421780958007,-0.000484
-0.00028600559006936965,-0.000182
4.155341835963384e-05,3.2e-05
-0.0003105558701748606,0.000234
-0.00010659741813810992,0.00025
7.914252887315665e-05,0.000234
0.0001852674077900339,0.000216
0.0002331971953031725,0.000234
6.704565214652465e-05,0.000432
0.0005645971800404092,0.000468
0.0003346877849372664,0.000616
0.0004341216796908021,0.00065
0.0005391894687208436,0.000666
0.0005980573128602067,0.00065
0.0006450447090710616,0.000634
0.0005278565128709213,0.000616
0.0009313081947855178,0.000534
0.0006073913841646935,0.000484
0.00040828225475296123,0.000432
0.0004961958179541982,0.000318
0.00044001162779554485,0.000282
0.00011169609366640116,0.000118
0.0001117740616823479,6.6e-05
0.00019336182117135633,3.4e-05
5.814486989549498e-05,3.2e-05
6.163637202777282e-05,5e-05
4.515541421777423e-05,5e-05
4.1282236408899776e-05,3.4e-05
4.1282236408899776e-05,-5e-05
1.9969454029194447e-05,0.0001
3.215986359060299e-05,8.4e-05
0.00029103670186413555,0.00025
9.336392062272803e-05,8.2e-05
0.00012725841497533181,0.0
0.00010174669041718921,-0.0002
-7.671618095746047e-05,-0.0006
-0.00018603516964677672,-0.000516
-0.0003349883599967103,-0.000634
-0.0004917516063067915,-0.000432
-0.0005474434125671159,-0.000384
-0.00020512496675737174,-0.000234
-0.0001636764554800387,-0.00015
-0.00030280948250600474,-0.000266
-0.0002605817841631579,-0.000316
-0.00024299783681565063,-0.000368
4.832958573619851e-05,-0.000466
-0.0003558366090409547,-0.00045
-0.00040151604395418955,-0.000534
-0.0004559654901364837,-0.000616
-0.0005181257817754566,-0.000666
-0.0005685370251626826,-0.000768
-0.0010980897145554478,-0.000916
-0.0007443438755417836,-0.000716
-0.0007688200337641661,-0.000468
-0.0007210023856779602,-0.000266
1.646130566140976e-05,1.6e-05
-0.00036516050288623873,1.8e-05
-6.789762951960661e-05,0.0
-0.0003260749570059377,0.0
8.282237910129453e-06,1.6e-05
8.282237910129453e-06,1.6e-05
0.0008760557944091453,-3.2e-05
-4.88653531637057e-07,-0.000118
-3.0857910729125936e-05,-5e-05
-4.7192860953987226e-05,-0.000132
-8.406168324202152e-05,-0.0003
-0.00015228148813450882,-0.00055
-0.0007839180972538823,-0.000584
-0.0003961040419568137,-0.000566
-0.0005028790800443604,-0.0005
-0.00039293021313868725,-0.0003
-2.3198475248051782e-05,-3.4e-05
6.694248949501758e-05,6.6e-05
0.00010397451355435199,0.00015
0.0001492228314929954,0.00015
0.00019546223376184268,0.000184
0.00013641885803686917,0.000284
0.00019063774334832862,0.000182
5.788203355992597e-05,0.0001
0.0001654482655507572,1.8e-05
0.0001435561168829365,-1.8e-05
6.858301307871864e-05,-0.000132
-1.0068364520060298e-05,-0.000184
-8.103646307963767e-05,-0.0003
-0.0005198521628783623,-0.0004
-0.000706170198448037,-0.00055
-0.000361833223229745,-0.000584
-0.0004613456579882137,-0.00055
-0.000522766821514465,-0.000466
-0.0005463543455373877,-0.000434
-0.0005547448716997393,-0.000516
-0.0004926086430457032,-0.000516
-0.0004478198147077427,-0.0004
-0.00020100362832172297,-0.000284
-0.0006291586664287728,-0.000166
-3.38028009555252e-05,-3.4e-05
-0.00022437302730332132,-5e-05
-6.303935230839038e-05,-0.000116
-0.00024196332570095128,-0.00015
-8.867646079706004e-05,-0.0002
-0.0004181797004704145,-0.000268
-0.00018491945581979486,-0.0003
-0.0002309490071638596,-0.000532
-0.00023070084283888063,-0.000368
-0.00036952667233174004,-0.000466
-0.00041870849442627895,-0.00025
6.203802417316556e-05,6.6e-05
5.780610941841699e-05,0.0001
0.00040048825393194357,8.4e-05
-3.591708574600175e-06,0.000216
0.0004324910377099316,0.000468
0.00021319087459910083,0.000616
0.0003408382247158287,0.000816
0.0005235725914968843,0.000568
0.0006138582127476579,0.000266
0.0005616186953229497,0.000316
0.0004860559522344601,1.8e-05
0.0002871581628912503,-0.00015
0.00010781455668227792,-8.4e-05
2.0577395111922235e-05,-6.6e-05
-7.198631527364653e-05,-1.8e-05
-8.067436446573474e-05,1.8e-05
-3.849587689945938e-05,0.0
-1.7277462224230835e-05,-0.00015
-3.9141968045011485e-05,-1.8e-05
-3.9141968045011485e-05,-3.2e-05
-5.145985441259647e-05,-0.00025
-0.0001148438129378178,-0.000334
-0.00016189376304762926,-0.0004
-0.0002574409926399241,-0.0005
-0.0006368522338733168,-0.000434
-0.00043378612410255714,-0.000466
-0.00045092188849373807,-0.0003
-0.0004268813886412599,-0.000216
-0.00022562205401160452,-0.00025
-0.00031038068375501774,-0.00025
-0.0002675038962553808,-0.00015
-0.00021751361703824105,-0.000134
-0.00019734729720809806,-0.000166
-0.00038916869522287565,-0.000184
-0.0001589633254050107,-0.0002
-0.0002089430129640266,-0.000284
-0.00020962243726084355,-0.000316
-0.0015173764973541188,-0.000234
0.0001231340094952915,-5e-05
7.820060107918937e-05,3.4e-05
-0.00014496685353144453,-5e-05
-0.00025474483379655047,-0.00015
-5.561692736706426e-05,-0.00025
9.540523097193322e-05,-0.00025
-0.000690465037682621,-0.000184
-5.4873676988890444e-05,-0.000132
-0.00020522942378050707,-0.00015
-0.00032622915734711443,-0.000234
-0.0001759646132131598,-0.000284
0.00017628942921509488,-0.000216
-0.0002221905540170732,1.6e-05
-1.528893265182137e-05,0.000218
0.00028122675544688705,0.000432
0.0001065483998900459,0.000468
0.00027899641259962124,0.000582
0.00047693663320865485,0.00055
0.0005065002192643809,0.0003
0.00047229042584501246,0.000134
0.00012038991205774674,6.6e-05
7.477088608477016e-05,8.4e-05
0.00036826933721220386,5e-05
8.271623223297307e-05,3.4e-05
0.00010429989146152867,5e-05
7.55342039197816e-06,5e-05
4.582054495361056e-05,6.6e-05
2.4541866492656354e-05,3.4e-05
4.971471130662095e-05,3.2e-05
2.8644653192851264e-05,5e-05
7.01554157327268e-05,8.4e-05
4.948084300809236e-05,5e-05
4.9401621300768534e-05,3.4e-05
1.1721748215937373e-05,5e-05
5.404472710344265e-05,6.6e-05
4.971471130662095e-05,6.6e-05
5.366698261839129e-05,0.000118
7.436136662534738e-05,0.0001
8.694161349283614e-05,0.000132
0.00010338540434608048,0.000134
2.4637798229517273e-05,5e-05
7.479346485690652e-05,0.0
7.759005214581437e-05,0.0
3.731258415163169e-05,3.4e-05
9.538539873311853e-05,5e-05
0.0001616668069154611,8.2e-05
4.0765646528387474e-05,0.0001
-5.436304861427745e-05,0.0
5.7056993687664844e-05,8.4e-05
6.553102777653218e-05,8.4e-05
6.602588700650834e-05,0.000166
8.20437753537208e-05,1.6e-05
8.618113441192277e-05,0.000168
0.00010693078438920084,0.0002
0.00013572800382220725,0.00015
0.00013175951465030228,0.000166
0.0001705472613682527,0.000234
0.00018669608834937976,0.000166
0.00017819446811927705,0.000116
0.00016945824364791994,-6.6e-05
0.00010974120789444734,-0.000216
6.159217108577013e-05,-0.00035
-0.00013330224268831591,-0.000418
-0.00045917135033783754,-0.000516
-0.0005352926308094739,-0.0003
-0.00026303013370919913,-0.000234
-0.0003696876970932349,-0.000182
-0.00031115346059913446,-0.000168
-0.0002222858592164293,-0.000266
-0.00021348032545895107,-0.0003
-0.0002303781818793884,-0.0003
-0.0002598414923487058,-0.000184
-0.0006707621867213665,-0.000216
-0.0002512721900425289,-0.0001
-0.00020177636571832338,-0.00015
-0.00016356681110851125,6.6e-05
-0.00010258664122874231,-0.0003
-0.00012424029021307505,-0.000266
0.0006223022691896149,-0.000234
-0.0001871187140242243,-0.0002
-0.00025092191582163384,-0.000232
-0.00023358118213581117,-3.4e-05
-4.635432510021546e-05,-0.0001
-0.00014345668426532304,0.000116
-6.560758285643624e-05,0.000218
4.690915956963625e-05,0.000382
0.00014966861801270708,0.00055
0.0009420093592145431,0.0007
0.0004580241132362661,0.000968
0.0012060233017635931,0.0012
0.0010950459986607292,0.0011
0.0009873481253770994,0.001032
0.0010728682894224869,0.000534
0.0009601334416788482,0.00035
0.0007460747292287143,0.000184
0.0005171193328595235,3.2e-05
0.0002703603059246076,-5e-05
0.00012521242023356722,0.0001
6.436310023080125e-05,6.8e-05
0.00024119504116461757,5e-05
4.0609154533061285e-05,-3.4e-05
4.477058767081397e-05,-3.4e-05
7.794959999690226e-06,-3.2e-05
5.429989336256306e-05,1.6e-05
-0.00017261861571018656,6.6e-05
2.981758972244367e-06,0.000168
5.266125832870438e-05,0.000332
0.0004238797237989061,0.000434
0.000587050193494838,0.000616
0.0002607531591886048,0.0005
0.000467941928886809,0.000534
0.0005193730089126747,0.000616
0.000565235874776657,0.0003
0.0004846189581110561,0.0004
-0.0002778098360186988,5e-05
0.0003364566312914581,-0.000166
-0.00030084466089088546,-0.000416
-4.042596990742508e-05,-0.000834
-0.00034965048898390834,-0.0009
-0.0005864924300473326,-0.0007
-0.0007171056022287909,-0.0006
-0.00022714125675895637,-0.00045
-0.0006665533734183452,-0.000384
-0.0005365741228236635,-0.0004
-0.0004606143404837175,-0.000266
0.00014124857524629161,0.000166
0.00017382034999924336,0.000318
0.00018299115789568586,0.0003
0.00031600090475805513,0.00025
0.00011573610118533949,0.00015
3.731258415163169e-05,6.6e-05
0.0003435560994169198,-3.4e-05
2.0043079736512102e-05,-5e-05
3.0994259287852916e-05,-5e-05
-1.8200312213132462e-05,-0.000132
-0.00019723341222856948,-0.000168
-0.00042593216305677903,-0.000216
-0.00014300481296622365,-0.00025
-0.00019261803309890754,-0.000334
-0.00024350302143301563,-0.000416
-0.0003059255207127667,-0.000366
-0.0004067059958823702,-0.0003
-0.0003004254126877577,-0.000268
-0.00015820504552313045,-0.00015
-1.75089895592146e-05,-8.2e-05
3.2617845630366433e-06,-5e-05
-0.0001847641115006457,-0.00015
-8.856681642553261e-05,-0.000118
-0.00010093317885969822,-0.000132
-0.000200285269326328,-0.0002
-0.000325737799084209,-0.000334
-0.0003811006525061929,-0.000466
-0.00037536218286400287,-0.0004
-0.0002378516519067935,-0.000284
-0.000187687428866574,-0.000166
-0.0002043330184203382,-0.000184
-0.00011770366911191493,-0.0002
-0.0002252291173018421,-0.000234
-0.00022916704451050152,-0.000216
-2.178620485548244e-05,-0.000184
-0.00010944584439436207,-0.00015
-3.8030139798384146e-05,-6.6e-05
0.00010779496112856097,0.000134
0.00010429989146152867,8.2e-05
0.00014529988447864697,0.000168
0.00016669694709327284,0.000182
0.00026599115819162645,0.000234
0.00022880573999972946,0.000266
0.00019128224673135006,0.0002
0.00021969916252168582,0.00015
0.00021143319189201914,0.000168
0.00019490271019078847,0.000282
7.046739627718357e-05,8.4e-05
5.2011653888732725e-05,3.4e-05
7.054726517032152e-05,8.2e-05
0.00013731258096593034,8.4e-05
6.591895218625607e-05,8.4e-05
0.00013344383483896406,0.000116
-1.7277462224230835e-05,0.0001
9.566698003533449e-05,0.000116
0.00020415540126916948,0.00015
0.00012388906454271502,0.000134
0.00012453125038415443,0.000134
7.40354019363659e-05,8.2e-05
0.00013714834123185784,0.000134
6.12232998264142e-05,0.00015
0.00020779494746461308,0.0002
0.00019881229435899376,0.000184
0.0002119416112057199,0.000232
0.0001907656519198982,0.00025
0.0003329424887502997,0.000318
0.0002448071318887235,0.000416
0.00040665192835222106,0.000584
0.0003888857926507295,0.000682
0.0004964851260386674,0.000834
0.000625234560865499,0.00095
0.0007590235342408984,0.00105
0.0008756016746016175,0.001284
0.0010253928090925785,0.001316
0.00136307972201474,0.00135
0.0012470784621322428,0.0013
0.0013118920726118985,0.00135
0.0013284582937628877,0.001466
0.0013649874039025137,0.0014
0.0013774761719797263,0.00105
0.0013125505305538075,0.000668
0.001138113613520418,0.000332
0.0008525558833199022,0.000318
0.0005845796349971255,0.000482
0.000446495300467965,0.000634
0.00043831597630782885,0.0008
0.0005540690718653471,0.000966
0.000716013276069895,0.001034
0.000854654727871616,0.000934
0.0009313888255088141,0.000982
0.0009781021009289714,0.000634
0.00044103667150633465,0.00045
0.0004997147336448277,0.000484
0.0006322777965564897,0.000666
0.0011513404446274124,0.000816
0.0006003448348823345,0.000818
0.0005781421159187644,0.0008
0.0007734292938197291,0.0007
0.0007822910994591947,0.000666
0.0006756461198328555,0.000534
0.0006726402190915745,0.000416
0.0005762051639739039,0.000284
-0.0009038383100897037,0.0002
0.00024153060146193654,0.000232
0.001014865213735228,0.000234
0.00023675319165911436,0.000316
0.0002444354771139994,0.000334
0.00027784722755506747,0.000234
0.0002783596113441554,0.0002
0.0002696182389719225,0.000166
0.00023194181754476666,8.4e-05
0.0001696182329121122,8.2e-05
-0.00011851260946659028,-6.6e-05
-5.191538581383571e-07,-8.4e-05
2.0340447207313375e-06,-0.000116
-4.788615105278005e-05,-0.0002
-0.00011777622295625088,-0.000166
-0.0005274687682186249,-0.000168
-9.633301660944505e-05,-0.000116
6.142342447296154e-05,-0.0001
-0.00013824681134141603,-6.6e-05
-0.00011341344599715053,-3.4e-05
-7.978620363647044e-05,-8.4e-05
-7.161008458703279e-05,-0.000132
-7.988063112858909e-05,-0.000168
9.871579474339916e-05,5e-05
-8.554966328023002e-05,-3.2e-05
-7.26224656450936e-05,8.2e-05
-1.9395483199801023e-05,0.000118
5.312454475283011e-05,0.000232
9.766364072703919e-05,0.000118
0.00016130178918535273,0.000232
0.0003284582528885431,0.000284
0.00024487504078801633,0.000316
0.00023563402617445713,0.000318
0.0003865606771455775,0.0003
0.00030415540732897975,0.000332
0.0003202006254085717,0.000284
0.00022883295878596942,0.000234
0.0002038205510271437,0.0002
0.00026125844242476056,0.000182
0.00022403539130232315,0.00015
0.00019074500114512052,0.000168
0.00017454186479594152,0.0002
0.00017454186479594152,0.000216
0.00018285476810811396,0.000234
0.0002038961127445968,0.000282
0.00035715028551936285,0.000384
0.0005490668112196732,0.000434
0.0003315310960649678,0.000482
0.00039366126952525347,0.0005
0.0004488804945404263,0.0006
0.0005025002411125976,0.000568
0.0005363017921858832,0.000532
0.0002773813721114434,0.000434
0.0005319548731283313,0.000284
0.0004247934466187262,0.000366
0.0004017428821875399,0.000516
0.0003978799841548636,0.000518
0.0004185128103126495,0.000716
0.0005259168390474368,0.000516
0.0005643590748320842,0.000468
0.0003532252182010138,0.000382
0.00028240110800683367,0.000218
0.00039318699203690153,-1.8e-05
-0.0002225239249772381,-0.000316
-0.0007352879092271397,-0.000866
-0.00038522461420167496,-0.000634
-0.0004664502454911433,-0.000316
-0.0005387524541207013,-0.000168
-0.000502744524566296,-0.0001
-0.0003095992679048336,-0.000132
-9.654684187149379e-05,-0.000134
-0.00018803014888809958,-0.000166
-0.0003969953585873812,-0.000218
-0.0007078983152416595,-0.000282
-0.00020139041121894423,-0.000368
-0.0002603702074095377,-0.000566
-0.00036175085681573196,-0.000484
-0.000427690023277684,-0.000366
-0.000393319244544337,-0.000184
-0.0004035597408781303,-0.000132
0.0003813057157105513,-5e-05
-0.00018587554527211016,-1.8e-05
-6.770366608200978e-05,-8.2e-05
-0.00013797251303689507,-0.000134
-7.206342530611397e-05,-0.000184
-0.0001060283186824764,-0.000282
-0.00017233035298489904,-0.000284
-0.00022259952614220747,-0.000334
-0.0002723493530238028,-0.000332
-0.00016397759781939484,-0.00035
-0.00032561405222560796,-0.000268
-0.0004267023363648206,-0.000216
-0.00029281981320454,-0.00015
-0.00036827926297162473,-0.000184
-0.000304643200300735,-0.000116
-0.000612598480747776,-6.6e-05
-9.261804676285539e-05,-3.4e-05
-5.885512466989662e-05,-5e-05
-6.726390517041136e-05,-8.4e-05
-8.043670304196792e-05,-8.2e-05
-6.303014131333671e-05,-1.8e-05
-5.9171375407991755e-05,0.0
0.00013900128969077935,-1.6e-05
8.507952800295402e-05,0.0
-0.00025773170111122157,-1.6e-05
-8.205038898884809e-06,-1.8e-05
-1.2687413330966464e-05,1.8e-05
0.00010345315545530816,5e-05
-7.167436431482698e-05,3.2e-05
-2.945273102760968e-05,0.0
-8.717760457330944e-06,0.0
0.00016937302715085495,0.0
3.7148348732131304e-05,3.4e-05
-0.000240902424197854,5e-05
0.00014531716249078188,6.6e-05
3.6892064382471046e-05,6.8e-05
0.0001542998944914338,0.000116
0.00015689822349440876,0.000184
0.00019968015944112698,0.0002
0.00019153059843203142,0.000182
-0.00017696330598306807,1.8e-05
0.00014415871714177912,-3.4e-05
-0.00025104680665820724,-0.0002
-1.1880124841035734e-05,-0.000316
-0.00013629410011379767,-0.000284
-0.00021121045620036292,-0.00025
-0.00022546876096330245,-0.000234
-0.00017522911427193694,-0.000182
-0.00023841346343379246,-0.000218
-0.0002216269870755993,-0.000266
-0.0002257518363401979,-0.000334
-0.0002514123470679065,-0.000482
-0.0003274695056018139,-0.0005
-0.00039794746384055126,-0.000334
-0.0004144535275291985,-0.000184
-0.00037816694071972226,-6.6e-05
-0.0002750368136898345,-0.00015
-0.0001859039080363225,-0.00015
-0.00013858112904197188,-0.000184
-0.00013858114876573002,-0.000182
-0.00016691278888772635,-0.00045
-0.00024450396271135245,-0.000584
-0.0008171686454196323,-0.000784
-0.0005054232870549858,-0.000582
-0.0006029587306395597,-0.000334
-0.00043232337075101596,-0.00015
-0.00015077715710079821,-0.000116
0.00010680424168788278,0.00015
9.912742464494344e-05,6.6e-05
0.00023321392105007938,0.000266
0.00015801465723856294,0.000184
0.00023249100586655294,0.0002
0.00017721104153817292,0.000266
0.0004133213988263661,0.000318
0.0003569155925211968,0.000282
0.00026543838014585783,0.000384
0.0003113737702685389,0.000484
0.0005657996586794704,0.000532
0.00041811537658603,0.000618
0.0005024034763551388,0.000732
0.0005891621740694762,0.000734
0.0007412822504746694,0.00075
0.0007071919435821427,0.000766
0.0007451553654140647,0.000834
0.0007700540065359108,0.000766
0.0007781944748925015,0.000568
0.000731032207841934,0.000382
0.00021214833591483648,0.000218
0.00047842210832957897,5e-05
0.00029973517506240335,-0.000218
0.00010249961529873309,-0.000582
-0.0007180035854896114,-0.000584
-0.0003401177994349025,-0.000334
-0.00011367644258825447,-0.00015
0.0002987158117939592,0.000218
-0.00021975062651575985,0.000282
0.0002201553927713352,0.000234
0.00014172218212686664,0.000134
0.00021567502276617504,-1.8e-05
-0.00018502267024616704,-0.000216
2.9291681216915245e-05,-0.000416
-0.00013413341171842057,-0.000434
-0.0002751977990038131,-0.000166
7.032619882356385e-05,0.0001
0.00025727690598684275,0.000216
0.00045828225778286636,0.000466
0.0001483658736491163,0.0005
0.0003163333684253454,0.000518
0.00042197196301609996,0.000516
0.0004994808493207456,0.0004
0.00040737744707182265,0.00035
0.0003871483662432626,0.00035
0.00027977246358759,0.000366
0.0003659911642514367,0.000284
0.00033671544644583534,0.000384
0.00034506220558886346,0.000482
0.00037725346959968404,0.000568
0.00042686432288139057,0.000616
0.0005103082458018982,0.000566
0.0005568030214293264,0.0005
0.0005614755402863341,0.000234
-0.00029893080546681254,0.0002
0.00020216338059156837,0.0001
0.00025483301401014227,6.6e-05
-0.00016327825252685155,-6.6e-05
-0.0001461794504584341,-0.00015
-0.00027161006712101614,-0.000284
-0.00011165587177073862,-0.000332
-0.0002168028122422156,-0.000318
-0.00027278621454295395,-0.000282
-0.00027084458806741303,-0.000284
-0.0005102098881291035,-0.000316
-0.00022188657145654416,-0.000268
-0.00028793875505266645,-0.000232
-0.000275751839370103,-0.0002
-0.0001926904784625737,-0.000118
-0.00020587545575478475,-0.0001
-0.0001554529698254161,-8.2e-05
-0.00012520653740083498,-0.0001
-0.00013422508774627799,-8.4e-05
-0.0001298445791286054,-6.6e-05
-0.00033978699256329644,-6.8e-05
-7.984458596057931e-05,-6.6e-05
-0.00023089575301686837,-5e-05
-0.00014244065431200543,-8.4e-05
-9.19853381872046e-05,-5e-05
-0.00011820031334200321,-8.2e-05
0.00037759173205186887,-8.4e-05
-7.536219427020927e-05,-0.00015
-9.240330434605292e-05,-0.000166
-0.00012144193271687368,-0.000218
-0.00010568736393730479,-0.000266
-0.0003530536262142273,-0.000334
-0.00024753578047083575,-0.000416
-0.0006135292843421496,-0.000416
-0.0003587177372882111,-0.00035
-0.00037992953464258204,-0.00035
-0.00038381984869907974,-0.00035
-0.00036721051141278585,-0.0004
-0.00036303933104030493,-0.000318
-0.00035522931452767364,-0.000316
-0.00034684391654243965,-0.00025
-0.0002925304459487964,-0.000166
-0.0002640399506787011,-0.000168
-0.0006390070150031295,-0.000232
-0.00018350899015109575,-0.000218
-0.00019673152147881465,-0.000232
-0.00021315468621197896,-0.000234
-0.00022916704451050152,-0.0003
-9.827665490831675e-05,-0.000216
-0.000246300836525868,-0.0001
-3.0002111656037855e-05,6.6e-05
0.0001997147154653968,0.000166
9.895318003455196e-05,0.000168
0.0002036669818462276,0.000216
0.00022424817120519021,0.000184
0.00021214833591483648,0.000182
0.000187061224422037,0.000318
0.00022362628111088188,0.000516
0.0002966188607230273,0.000884
0.0004684458314598946,0.00095
0.0006605365376683826,0.001
0.0008327854982107597,0.00115
0.0009935702610165183,0.000932
0.0010058747302976252,0.0008
0.0009673719820229895,0.000884
0.00034025205434752077,0.000484
0.0007706722280112041,0.000516
0.0006666870366182192,0.000384
0.0005623037408908379,0.000366
0.00043591634444440546,0.0003
-0.0007172769622395538,0.0002
-0.0003842283277302604,-8.4e-05
0.00019123852902142193,-0.000366
6.053115470398879e-06,-0.000566
-0.00021117489426442768,-0.000684
-0.0006921099202168721,-0.000584
-0.0008862299644533712,-0.000482
-1.1362474808523154e-05,-0.00035
-0.0004967986398834543,-0.000318
-0.00043613968126695403,-0.000332
-0.0003721216088483141,-0.000434
-0.00035961800850497637,-0.00055
-0.0004108105493998377,-0.000516
-0.000460085546527853,-0.000484
-0.000389923996817276,-0.000434
-0.0004970608475242325,-0.000366
-0.00010484458747553187,-0.00015
-0.0003616607586885261,0.000184
0.00028687510723811305,0.000382
0.0015379169524434382,0.0008
0.0006200540368937116,0.000734
0.0013321197333298722,0.001366
0.0008117529503704094,0.00175
0.0011521154305324413,0.001534
0.0013366109119544959,0.001466
0.001525505974868349,0.001368
0.0015291555012854137,0.001516
0.0014694004036096611,0.001
0.0013324911711432568,0.0006
0.0011122060627219447,0.0001
0.0007911003610069624,-0.000184
0.00036770981364114965,-0.0002
7.097576381601921e-05,-0.000432
-0.00018367731270310422,-0.000618
-0.0005173607760920489,-0.00055
-0.0004539413591806227,-0.000616
-0.0005558743724336646,-0.000584
-0.0005926899898841029,-0.000466
-0.00047992954070239234,-0.0004
-5.9087904463522576e-05,-0.00035
-0.00014584460021640835,-0.000134
-0.0003405871459837183,-0.000132
-0.00025066087188258625,-0.0002
-0.00020619805754300253,-0.000218
-0.00017195692307194187,-0.000216
-0.00019237073661928692,-0.000216
-0.0004055698679657084,-0.000234
-0.0012550539854085418,-0.00125
-0.000208906859315347,-0.0004
-0.0005355303020951197,-0.000334
-0.0002464694154867324,-0.000232
-0.0001423861181207348,-0.0002
-0.00015820504552313045,-0.000218
-0.000150285286020181,-0.000182
-0.00021316214179255773,-0.0002
-0.00020031986479811413,-0.000218
-0.00020487368607860588,-0.000216
-0.00015560432994541997,-0.000184
-8.039919831585541e-05,-0.000116
3.2040753121744708e-06,-0.0001
0.00020024705969772733,-0.000116
-0.00012980551622559944,-0.000184
-0.00012980551622559944,-0.00025
-0.00030454686946595534,-0.00035
-0.0005388980943508431,-0.00045
-0.00031100071981606046,-0.000434
-0.0003729723734321357,-0.000316
-0.000514461186407169,-0.0001
-0.0003284675672114615,0.000184
-0.00017233086580261078,0.000416
0.0008606655826137869,0.0007
0.00029269763953751655,0.000916
0.0007218384119053737,0.001034
0.0007606691268304427,0.001334
0.000990322389210316,0.001132
0.0011002000533490862,0.000884
0.0010919493686319818,0.00085
0.0010451197230387697,0.000884
0.0009346939751086693,0.0007
0.0009327361159801751,0.0009
0.0008315364320549602,0.000866
0.0008355084024701777,0.00095
0.0008516736790655976,0.0009
0.0007910570476340762,0.00085
0.0008905488907890416,0.001
0.0009236129310977735,0.000866
0.0009025537167364114,0.000668
0.0008430705702379604,0.000682
0.0008005899344206634,0.000468
0.0006675069532443022,0.00025
-0.00012691831306083442,0.000166
-0.0001594033032779487,-1.6e-05
-0.00032135533781448006,-0.000234
3.689115400775918e-05,-0.000334
-0.000429844567722399,-0.00045
-0.0004633167714821812,-0.00045
-0.0003692375614848523,-0.000382
-0.0004052168521424312,-0.000368
-0.0004134393318853884,-0.000432
-0.00040884393292272723,-0.0004
-0.0002757656262770463,-0.00035
-0.0003882782858851828,-0.000284
-0.0003678866023944763,-0.000316
-0.0003385668414369374,-0.000318
-0.00043409878511666987,-0.000366
-0.0005215326270723068,-0.000466
-0.0003680093236176538,-0.000584
-0.0006097270960370432,-0.000666
-0.0005233287908315292,-0.000734
-0.000614976968742468,-0.000766
-0.0006892319872184353,-0.000784
-0.0007386168851268339,-0.0009
-0.0008271412142227854,-0.00095
-0.0008589525592042191,-0.00085
-0.0007473663442399062,-0.00065
-0.0008403241796916657,-0.000534
-0.0007500479863972851,-0.000482
-0.00042112098618001274,-0.000418
-0.0005231097387735721,-0.00035
-0.00041129180909857296,-0.000416
0.00029202916192647003,-0.000484
-0.0005545468451679647,-0.000616
-0.0004689419478575869,-0.000616
-0.0005351432430652846,-0.00065
-0.0009823368951305436,-0.000668
-0.000638058381131393,-0.00065
-0.0006464694594497315,-0.000566
-0.000550519174859746,-0.000534
-0.00048768740759848854,-0.00055
-0.00012955950179025825,-0.000482
-0.0005337838816539388,-0.000518
-0.00045151928168043044,-0.000566
-0.0005297993669285411,-0.000534
-0.0005257518150721123,-0.0005
-0.0005301038623067819,-0.000466
-0.00041866861298730997,-0.000466
-0.0004922009529648483,-0.000468
-0.0004753621889238132,-0.000482
-0.000470673812165257,-0.00055
-0.0004923529047975966,-0.0006
-0.0005263217133399508,-0.00055
-0.0005043630561596655,-0.000534
-0.00022396066269178615,-0.000516
-0.0003927230742306496,-0.000484
-0.0004548445495135934,-0.00045
-0.00011923756605908472,-0.000416
-0.0004674274788121899,-0.000384
-0.0004344274618223963,-0.000366
-0.0004047959471436193,-0.000284
-0.0002548445965652473,-0.000266
-0.0002082050485530356,-0.000218
-0.00025031982838050296,-0.000266
-0.0004749930390663734,-0.000334
-0.0002720257453239197,-0.000332
-0.00031283735672699614,-0.000384
-0.0003300406158185489,-0.000416
-0.0003673784394896314,-0.0005
-0.0004626873863597778,-0.00045
4.007458891246969e-05,-0.00045
-0.00045474482619241286,-0.000418
-0.0003174247083963342,-0.000382
-0.00032961008562576227,-0.000418
0.00010594201266963946,-0.0004
-0.00040487369819822643,-0.0004
-0.00040951319948409956,-0.00045
-0.00053414206510185,-0.0005
-0.00032034445576203827,-0.00055
-0.0007135766274215076,-0.000532
-0.000508942991695941,-0.000518
-0.000525458128313335,-0.000566
-0.0004650988130305718,-0.000584
-0.00045917864812835115,-0.000516
-0.0005467382093184035,-0.000466
-0.0005129498337155588,-0.0005
-0.000693371846262982,-0.000484
-0.0005220634328515021,-0.00045
-0.0004754687761128282,-0.000434
-0.00033355617847029376,-0.000332
-0.00035846941517316694,-0.00035
-0.0003670196248814596,-0.00035
-0.0006530908828490356,-0.000318
-0.0003838028073720426,-0.00035
-0.0004761926380367455,-0.00035
-0.0004226958099253332,-0.000382
-0.00044587367149158657,-0.000434
-5.2153415713063786e-05,-0.000484
-0.0006018525828352781,-0.000516
-0.00045526103639058086,-0.000484
-0.000637169313009254,-0.000482
-0.0006248700902478136,-0.0005
-0.0004958445622544698,-0.0004
-0.0003300823512907835,-0.0004
-0.0003833030073406511,-0.000384
-0.0004465468433570716,-0.0004
-0.0004182058541737146,-0.000416
-0.00048328632710107076,-0.00045
-7.655582680374254e-05,-0.000434
-0.0004459552489552738,-0.00045
-0.000437851664026414,-0.000434
-0.0004422050524766374,-0.00045
-0.0004422050919241537,-0.0005
-0.0004591179778482974,-0.00055
-0.00045014926943968655,-0.000516
-0.0002992975490257586,-0.000516
-0.0005209552732238896,-0.000468
-0.0002642720006932757,-0.000416
-0.00048002571374710675,-0.000384
-0.0003555788589695173,-0.000382
-0.0002958445895823656,-0.000418
-0.0004004254779188424,-0.000382
-0.0003918834338464217,-0.000334
-0.00026726387784251564,-0.00035
-0.0002754581328875675,-0.000284
-0.00027134121257374314,-0.000282
-0.0003208300546875654,-0.000318
-0.00024319574500487645,-0.0004
-0.00032218637864015674,-0.000432
-0.0005307861859960461,-0.000468
-0.00012908497775492947,-0.000432
-0.0001404135647924227,-0.00045
-0.0003505634623009189,-0.000434
-0.0003791942723864569,-0.0004
-0.0005663653604958979,-0.000316
-0.0002543330017264852,-0.000268
-0.00022536221322180377,-0.000216
-0.0002586304141510934,-0.000234
-0.0002594458534840775,-0.000232
-0.0002082050485530356,-0.000218
-0.00018408103830857195,-0.000182
-0.00020443542417262646,-0.000218
-0.0003214527337321995,-0.0003
-0.00036376607263291147,-0.000432
-0.00017437659427364043,-0.000468
-0.00035699526148941804,-0.000466
-7.02444608824761e-05,-0.000416
-0.0004460539466410309,-0.000434
-0.000287687395478868,-0.00045
-0.00044196331809681367,-0.000416
-0.0004132782676763772,-0.000468
-0.00036268738029996756,-0.0004
-0.00037161009290458455,-0.000366
-0.0004134134543147023,-0.00035
-0.00039712494367839313,-0.000334
-0.0003672863689866111,-0.000332
-0.00023328637112281957,-0.000384
-0.0003838028073720426,-0.000366
-0.00035910992449516405,-0.000384
-0.00044715039035630517,-0.000366
-3.902645092449641e-05,-0.000384
-0.0003753622223115192,-0.000384
-0.00035875142546712256,-0.0004
-7.27107196009129e-05,-0.00045
-0.0005365433537609575,-0.00045
-0.00026388079967423,-0.000416
-0.0005333700377605428,-0.000466
-0.0004459552489552738,-0.00045
-0.0004459552489552738,-0.00045
-0.0004459552489552738,-0.000418
-0.0003587177372882111,-0.000416
-0.0004881079181221375,-0.000434
-0.0003965468403271665,-0.0004
-0.0003830575254467798,-0.0004
-0.0004128516427877033,-0.000482
-0.000663689404840675,-0.000584
-0.00046837646771157303,-0.0005
-0.00018507351809466456,-0.000384
-0.00025417945226932723,-0.000266
-0.00026327825858666183,-0.000216
-5.862136855024247e-05,-0.0002
-0.00023768741217272096,-0.000234
-0.00022961007956595202,-0.000234
-0.0002548445965652473,-0.000216
-0.00023380279828232715,-0.00025
-0.00022973445758481367,-0.000284
-0.00024662255074496927,-0.000266
-1.1833788802213858e-05,-0.000266
-0.0002380583963396682,-0.000218
-0.00015113313148779715,-0.000216
-0.00023330305742221013,-0.000234
-0.00023399908912338508,-0.000282
-0.00017520653056886102,-0.0002
-0.00023376400165005614,-0.000218
-0.00027119425085180563,-0.0003
-0.0002423474656145811,-0.000282
-0.00022116704875941868,-0.00025
-0.00021268743038152656,-0.000218
-0.00023380279828232715,-0.000216
-0.00023380279828232715,-0.000216
-0.0003191621742513174,-0.000234
-0.0002457001100240492,-0.000234
-0.00025028529207999126,-0.00025
-0.00022145274739614738,-0.000232
-0.0002505191369565571,-0.000234
-0.00023768741217272096,-0.000184
-0.0005168027909741301,-0.0005
-0.00021765290621826025,-0.000282
-0.00018054955858400417,-0.000234
-0.0002503198481042611,-0.00025
-0.00022536221322180377,-0.000234
-0.0002591179657286769,-0.000232
-0.0003165561924301822,-0.000284
-0.00022970011852188344,-0.00025
-0.0002291942632967415,-0.000234
-0.0002505191566803152,-0.0003
-0.00016777621612427696,-0.0003
-0.0002382468174012263,-0.000266
-0.00026730304922619136,-0.000266
-0.00038792164089040694,-0.000234
-0.00027070011153900174,-0.00025
-0.0004068778292633285,-0.000234
-0.0002668028152721207,-0.000266
-0.0002463330059754023,-0.000316
-0.0003505191627401255,-0.00035
-0.0002847088121426177,-0.000318
-0.0003338028043421374,-0.0003
-0.000338124910911943,-0.00025
-0.0002041794492394221,-0.000216
-0.0002464354314514487,-0.000216
-0.0002591179657286769,-0.00025
-0.00025454682698853394,-0.000268
-0.00028803932649544724,-0.000282
-0.0002918687138630354,-0.000234
-0.00016691278888772635,-0.0002
-0.0001429002967718139,-0.0002
-0.00047165857996191493,-0.000216
-0.0002378516519067935,-0.000218
-0.00023355615268672535,-0.000216
1.714005688498002e-05,-0.000184
-0.00016730306289013924,-0.000232
-0.000258347476840505,-0.000284
-0.00022067381673948947,-0.000234
-0.00018380279525242202,-0.0002
-0.00023012094462566274,-0.000232
-0.00028400883568981377,-0.000284
-0.0002587177706759171,-0.000266
-0.00028428374543083726,-0.0003
-0.00025077714343685033,-0.0003
-0.00023437845588754385,-0.00025
-0.00019196332267104612,-0.0002
-0.00024195255652900417,-0.00025
-0.00021285167011559904,-0.000268
-0.0002507179327148994,-0.00025
-0.00046399045616537794,-0.000232
-0.00040489484206695776,-0.000268
-0.000254873689108511,-0.000232
-0.0003029897182079327,-0.00025
-0.0002754687639932076,-0.00025
-0.0002545179514066098,-0.00025
-0.00027070011153900174,-0.000268
-0.00025895256229287384,-0.0002
-0.00022984459505029473,-0.000232
-0.00021678610621906686,-0.000218
-0.000254700120036836,-0.000232
-0.00022520653359876618,-0.000234
-0.00022546876096330245,-0.000216
-0.0002543330017264852,-0.000234
-0.0001052294078588177,-0.0002
-0.00021705752485489868,-0.000216
-0.00025820505158294073,-0.000268
-0.00023797251909670532,-0.000232
-0.00014584458049265019,-0.0002
-0.0002170196157917442,-0.000218
-0.00020484459353534216,-0.000182
-0.00015871776461610682,-0.00015
5.205250179185078e-05,-0.00015
-8.378385438479263e-05,-0.000134
6.870680038323095e-06,-0.000116
-0.00011737843420198478,-0.000184
-5.896329962144225e-05,-0.000116
-0.0001294527272255409,-0.000134
-0.000150285286020181,-0.000116
-8.350899395316454e-05,-0.000134
-0.00015051915062050495,-0.000166
-0.00021268743038152656,-0.000184
-9.617945729040803e-05,-0.00015
-0.00014171777857599529,-0.000134
-0.00018006804247641304,-0.00015
0.0001621626227477073,8.4e-05
-8.996103957939938e-05,5e-05
0.0001706587794968039,0.00015
0.0001289652399720369,0.000116
0.00015338539258316698,0.000168
0.00016231257261900382,0.000182
0.00017479346105483772,0.0002
0.00024504474400309495,0.000234
0.00023714833742978904,0.000234
0.00025828224566324585,0.000232
0.00022463777459982617,0.00025
0.0002772722208338696,0.000268
0.00025828224566324585,0.000282
0.00025753061268786047,0.000268
0.0002667136394524737,0.000266
0.00026231259840257224,0.000234
0.00022904473277717108,0.000232
0.00037391538132372694,0.0003
0.00031943550138261524,0.000218
0.00024521028550520503,0.0002
0.00022479345422286376,0.0002
0.00020828222290958254,0.000216
0.0001415305954021263,0.000216
0.00021669693039941983,0.0002
0.00023731257716386154,0.000218
0.00023714833742978904,0.000232
0.00019959988374547728,0.000218
0.0002167136166988104,0.000232
0.0002331971953031725,0.000234
0.00021231257564890895,0.000184
0.0002119416112057199,0.000232
0.00047929989446205903,0.00045
0.0002724455213594433,0.000234
0.00024103667911047226,0.00025
0.000659848730774354,0.000234
0.00024153060146193654,0.000232
0.00021231257564890895,0.000218
0.00023321390132632121,0.00025
0.00021669693039941983,0.000232
0.0004031174703401734,0.000184
0.00018731258399583547,0.0002
0.00018731259385771455,0.000184
0.00019179496582432643,0.000182
0.0003396927674615643,0.0002
0.00019968015944112698,0.0002
0.00026619719256920795,0.000234
0.00021231257564890895,0.000216
0.00014904147153685314,0.000218
0.00022032620051686994,0.0002
0.00019128223686947098,0.000216
0.0002618150468796093,0.000234
0.00012887117736944394,0.000216
0.00036989575830883133,0.0002
0.00019566698609514474,0.000216
0.0002161971895393028,0.000234
0.00044153063330531524,0.000416
0.0002203261807931118,0.000234
0.00025415538457531647,0.000216
0.00021231257564890895,0.000234
0.00017045823818586577,0.000216
0.00022816523067773238,0.0002
0.00020762364662512474,0.000218
0.00018269693859543858,0.0002
0.000248996359499907,0.000216
0.00022847311854237408,0.000216
0.00028257528851501117,0.000218
0.00023706121759006307,0.000232
0.00023714833742978904,0.000218
0.00024940162355851,0.000216
0.00015774499401720603,0.000216
0.00022883295878596942,0.000218
0.0002417949589923525,0.000232
0.00026433848477290815,0.000234
0.0002161971895393028,0.0002
0.0002154330714250117,0.000216
0.00019582055527606084,0.0002
0.0002243613658531837,0.000218
0.00046170965523570357,0.000216
0.00021231257564890895,0.000234
-0.0002134069728024102,0.000316
0.0005036669803019004,0.000534
0.0003218650147396281,0.000716
0.0004453208690129858,0.0008
0.000653057564712455,0.000916
0.0007380464496084516,0.001018
0.0008596613277440818,0.001066
0.0009474666864081358,0.001134
0.0010315310793123653,0.001116
0.0010823759297986487,0.00105
0.0010107818435340084,0.000984
0.0010695319762847628,0.0009
0.001010516203959313,0.00075
0.0009182191933004398,0.000666
0.0009287721928582807,0.000534
0.0004915202616384362,0.000482
0.0008091318995980516,0.0006
0.0005687833899165965,0.00085
0.0006129997558981599,0.001034
0.0007361717458442964,0.001034
0.0005500166679644148,0.001032
0.000985530857196662,0.000934
0.001007432039345713,0.000884
0.0009694005311006749,0.000816
0.0009145468662189594,0.000766
0.000848410264937977,0.0006
0.000763899562834445,0.000384
0.00011110810871234389,0.000166
6.601087229562056e-05,3.4e-05
-5.8205039463320174e-05,-5e-05
0.00012943706185249986,-0.0001
1.0001779799898473e-05,-3.4e-05
0.0001555395721383563,-1.6e-05
-5.0777165833806545e-05,-0.0002
-8.928823260344004e-05,-0.000416
-0.000170490402482595,-0.00045
-0.00027485068058422124,-0.000484
-0.00039025006998692725,-0.000484
-0.0004592009754225711,-0.000382
-0.0003719490259645463,-0.000284
-0.0004437323025173124,-0.000334
-0.00044643544357106927,-0.000416
-0.000346300803138162,-0.000434
-0.000150285286020181,-0.000166
0.00015764136539191278,0.00015
0.0003329424887502997,0.00035
-3.242240908705752e-05,0.000516
0.00020620022244732445,0.00065
0.00041186310304416565,0.000668
0.000542838363977648,0.000532
0.00041650075029677316,0.0004
0.0003696991913351594,0.000268
0.0004633069246177929,0.000182
0.0003422079805477167,0.0002
0.00044064708783545686,0.000384
0.00025653454317778546,0.001284
0.0005012827329698299,0.000682
0.000627309460774825,0.0006
0.0004991218374749923,0.000468
0.0007507423960412184,0.000432
0.0005430047536013582,0.0004
0.0004731130249022031,0.00045
0.0005987756126843273,0.0005
0.0004446008334981485,0.000384
-4.095574165639252e-06,0.000284
0.00040249522521821853,0.000282
0.0003602812546110405,0.000218
0.00020404473126221852,0.000182
-7.771652693711758e-07,0.000118
0.0001985271479874931,0.000132
0.00016150907602157646,0.000168
0.00014935418186036128,0.000166
0.00014935419172224036,0.000166
0.0001621626227477073,0.0002
0.00017463780115555826,0.000218
0.0002699319650689751,0.000282
0.00021545297269697988,0.000334
0.0002571802004006584,0.000366
0.00029860959935634903,0.00045
0.00035648679801912695,0.00045
0.0005231130279321083,0.000418
0.00042014700256998605,0.000332
0.0004113018043348784,0.000334
0.00038221561212129125,0.000334
0.0003535892398813359,0.0003
0.0003246378003833946,0.0003
0.00031657530004275056,0.0003
0.00030813128304831,0.000266
0.00029113129700819845,0.00015
0.0002524709953535012,0.0001
0.00020197002859047403,0.000116
0.0001563895477718521,0.00015
0.00014773579819517786,0.000234
0.00014871579284236476,0.000216
0.0001454531578031909,0.000134
0.0001824482713146269,5e-05
0.00015668649881260245,-1.6e-05
9.383405612186959e-05,1.6e-05
-0.00016133313494611897,8.4e-05
0.00013714834123185784,0.000132
0.00022932619080589863,0.0002
0.0001950447212494317,0.000168
-0.00030644390052433066,-3.4e-05
-0.00012178621091529271,-0.0002
2.948441222781174e-05,-0.0003
-0.00010966782543040371,-0.0002
-0.00018586808969153139,-0.000184
-0.00026501465935870516,-0.00015
-0.00020988523661436603,-0.000182
-0.00017945272039356696,-0.000118
-0.00015917139132968111,-3.2e-05
-0.00016738404864108215,-8.4e-05
-4.2943007441205894e-05,-0.000216
-0.0005866412655262939,-0.000334
-0.00016941863318875992,-0.000416
-0.00026560479420240026,-0.000368
0.0005114514742714921,-0.0003
-0.0002341686345483985,-0.000316
-0.0003083474798704101,-0.000284
-0.00040913470056529915,-0.00025
-0.000151589697041335,-0.000316
-0.00029217865299852416,-0.00035
-0.0003009218991277808,-0.000384
-0.00032622915734711443,-0.000316
-0.000342200943875133,-0.00025
-0.00018011810137458475,-0.000234
-0.0002974732789111797,-0.000166
-0.0002428235182411661,-0.0001
-0.0001889775993343474,-8.4e-05
-0.00012194592404687095,-6.6e-05
-3.794983944803677e-05,-6.6e-05
-4.5844589225658516e-05,-0.0001
-7.935533813979535e-05,-6.8e-05
-4.185512876790599e-05,-1.6e-05
-5.417945987346483e-05,-5e-05
2.7813597266172226e-05,-6.6e-05
-5.051915442257372e-05,-0.000134
-6.756624079713528e-05,-0.00015
-0.00010106140301139811,-0.000216
-0.000142823531905114,-0.000318
-0.00020629543373696383,-0.00035
-0.00026048008846616283,-0.000316
-0.00034699444826460143,-0.00025
-0.00030940333209142227,-0.000184
0.00019670281870163984,-0.0001
-0.00040295871851993927,-5e-05
-0.0001508725806427032,-8.2e-05
-5.8347474582763484e-05,-6.8e-05
-0.00012161008761693794,-6.6e-05
-6.678608726747238e-05,-3.4e-05
-6.293876114185145e-05,-6.6e-05
-9.013685862657771e-06,-5e-05
-5.4333019192501846e-05,1.6e-05
-3.4263898042496846e-05,6.8e-05
-9.329369542706238e-06,8.2e-05
2.771412341971383e-05,0.000134
7.395699999773996e-05,0.000166
0.00011151966958073466,0.000218
0.00014877408640956197,0.000182
-6.680280315250017e-05,0.0001
0.0001654383839479266,0.0001
-8.043414881528816e-05,0.0001
0.00011961805236838376,0.000184
0.0004592887217134837,5e-05
1.619719960891017e-05,5e-05
4.5666981936368885e-05,6.6e-05
0.00014915535651638173,5e-05
5.382054686836785e-05,0.000118
7.030600416069325e-05,8.2e-05
-0.00015205464519208448,0.0
0.0001906292719942054,-0.0001
-0.0005156851639426082,-0.000166
-4.8346863526467875e-05,-0.000216
-0.00012250478687202729,-0.000318
-0.00045495523924430253,-0.000366
-0.0002684688811226194,-0.000284
0.0007137803099627959,-0.00015
-0.00016324679313261045,-0.0001
-0.0002005983839868781,-0.000116
-0.0001770565993590934,-0.000184
-0.00013830391162124547,-0.0001
-1.4098717259386714e-05,0.000168
0.00014537744815755173,0.0002
1.688190370923554e-05,0.000182
-0.00031093870832045293,0.0001
0.00011231257945097776,8.4e-05
9.933912467205207e-05,5e-05
0.00011601087286005593,6.6e-05
7.453125228518884e-05,0.000184
0.0007617842292209221,0.000266
0.00013930324070421943,0.000368
0.00021825435779005648,0.000482
0.0003222311665858298,0.0006
0.0004259040914398648,0.000684
0.000530536616575165,0.000616
0.0006698961315159089,0.0008
0.0006730464496143266,0.000268
0.00015415541796302249,0.000166
0.00016619719637127672,0.00015
-8.406631832518557e-05,-3.4e-05
-0.0002587177706759171,-0.000266
3.29947718137947e-05,-0.000234
-0.00010015503715336608,-1.6e-05
-0.00010871776158620168,-0.000116
-0.00016046043754324026,-0.000218
-0.00036104746815276897,-0.000216
-0.0001435678868137439,-0.000266
-0.0002053550246723737,-0.000218
-0.0002300254816362415,-0.000232
-0.00023349922992071915,-0.000168
-0.0002218750133342713,-0.000116
-0.00018463332326038696,-5e-05
-9.196329688747768e-05,-5e-05
-9.722942196961391e-05,-5e-05
-6.721053268087128e-05,-6.6e-05
-5.896329962144225e-05,-8.4e-05
0.00037223184022351185,-6.6e-05
-7.961009019999474e-05,-5e-05
-6.680280315250017e-05,-3.4e-05
-0.0003873827483703723,-1.6e-05
-4.196330865039115e-05,-5e-05
-0.00010896330265134739,-8.4e-05
-0.00013355615648879412,-0.000134
-2.6499542029970964e-05,-0.00015
-0.0001837860892292733,-0.000182
-0.00011268742432171627,-0.000184
-0.00020028528905008614,-0.0002
-0.00017145274436624223,-0.000166
-0.00011680279632052624,-0.000134
-0.00012546874504161312,-0.0001
-7.145272844455288e-05,-6.6e-05
-0.00011742747732661206,-6.8e-05
-9.269000889444701e-05,-1.6e-05
0.000205373027754486,3.4e-05
0.000810381912494242,3.2e-05
-5.537013531035113e-06,-1.6e-05
7.890045772236964e-06,1.6e-05
1.6000919862466203e-05,6.8e-05
0.00018308721259785148,0.000116
4.475123496586918e-05,0.000116
4.957457153953175e-05,5e-05
-0.00025411428497241654,3.4e-05
7.807045386107033e-05,0.000134
-4.1913269475977574e-05,0.0003
0.00012688325923353698,0.000332
0.00031457499538672864,0.000384
0.00028517963326422035,0.00035
0.00027904473580707623,0.000316
0.0003448711809912302,0.00025
0.0003237708228703779,0.000184
0.0004134807273446605,0.000116
0.00021465289817159064,0.000118
0.00026927615011065756,0.00015
0.0001241384122931827,0.000116
9.563694568261936e-05,0.000116
0.00026214835866849976,0.00025
0.00015663773182058923,0.000218
-5.417945987346483e-05,-6.8e-05
0.00012592402384179756,-0.0003
-0.00017522909454817877,-0.00015
0.00018694160969076734,0.00015
-9.603232791652624e-05,0.000334
2.3473492224535772e-06,0.000134
-0.000534051533051965,-3.4e-05
-0.0001296595406915691,0.0
0.0001049154255747748,-1.6e-05
-0.00015935862896575054,-8.4e-05
-3.428375986694875e-05,-0.000116
-0.0001667860834654036,-0.000134
-8.861693449497877e-05,-0.00025
-0.00014755451198126312,-0.0003
4.1282236408899776e-05,3.4e-05
0.000629054106077773,0.000332
0.00017880573696982434,0.000184
0.0001801295364452348,-0.000184
8.676898129967301e-05,-0.000332
-6.655392530836319e-06,-0.00015
-0.00011283737419301279,-0.000118
-0.00019803179051075824,-0.000232
-0.0001917177816059004,-0.000234
-0.00018476022592029117,-0.000166
-6.330390707638776e-05,-0.0001
-0.00018436924186258504,-5e-05
-0.00013921806836374474,5e-05
6.206123164009278e-05,6.6e-05
-1.021271037857389e-05,-1.6e-05
-5.0319831053701025e-05,-5e-05
-6.750899258911973e-05,-0.0001
-0.00020065341327210232,-0.00015
-0.0002510036313516281,-0.00015
-0.0001135292639049773,-0.000168
-0.0007822210651030961,-0.0002
-0.00016750899864893,-0.000132
-4.435429311294275e-06,-6.8e-05
-2.852892578144221e-07,-5e-05
7.794959999690226e-06,-1.6e-05
-2.1903378771681676e-05,-3.4e-05
2.8547265904275997e-05,-1.6e-05
-2.9355349902708834e-05,1.6e-05
4.556457248587598e-05,8.4e-05
2.038991894165275e-05,6.6e-05
-9.178660306721148e-06,5e-05
3.105168061487163e-06,6.8e-05
4.994810746768894e-05,6.6e-05
1.5980399757586218e-05,1.6e-05
-7.134122017788075e-05,-1.6e-05
-0.00014636305892300487,-8.4e-05
3.9937461949437125e-05,-0.000116
-0.00013805839027985792,-0.00015
-0.00033355617847029376,-0.000334
-0.00017340470609105107,-0.000416
-0.0002570999885853571,-0.000184
-0.00027369409913036315,0.000234
0.0004661972046888285,0.000484
2.079979651055934e-05,0.000532
0.0002245312268583275,0.000184
-0.00024002952955739387,-0.0003
-0.00040433299109244247,-0.00045
-1.8175879407730486e-05,-0.000166
0.0003857680187532508,0.000266
0.00049128227477266,0.000516
3.2220740661933464e-05,0.000318
0.00022733067902310587,-0.000134
0.0002356477736338841,-0.000416
-0.00037672024250731104,-0.00035
-1.3246803766653174e-05,5e-05
0.00021166680008348718,0.000132
-0.0001519487680583627,-0.0002
-9.677894119546376e-05,-0.00045
-0.0001226499833176109,-0.000416
-0.0003794527325131875,-0.000334
-0.00013064035387471903,-0.000182
-0.00013783738556984445,-8.4e-05
1.5854779141961426e-05,-3.4e-05
0.00012854726395130953,0.000134
0.00023716263715444408,0.000216
5.4978770325091503e-05,-5e-05
-0.000254700120036836,-0.000266
-4.2542902490361943e-07,1.6e-05
0.00023249100586655294,0.000234
0.00011644382907509437,0.0001
-0.0005975991149438167,1.6e-05
8.928927818448726e-05,-3.2e-05
6.593830365846597e-05,-3.4e-05
1.1151630521289618e-05,-6.6e-05
-2.9727734456484317e-05,-5e-05
-4.5844584294718976e-05,-0.0001
-6.310793181546015e-05,-0.000168
-9.712495508459953e-05,-0.000266
-0.0003709552641341743,-0.0004
-0.00023629730142242744,-0.000466
-0.0003278717519254207,-0.000518
-0.0004148401526363546,-0.000466
-0.00046353937381660436,-0.000316
-0.00044337285674887994,5e-05
0.0005075489709324609,0.00045
0.0004623125710746765,0.00045
0.00020909559124796144,0.000366
0.00039971472758501737,0.000366
0.00040695729157582024,3.4e-05
-0.00017116704572951353,-0.000134
-0.00014668284021380793,1.8e-05
6.647447183440685e-05,0.00025
0.00023321390132632121,0.000232
8.755734484366372e-05,5e-05
0.00013491303785941863,-0.0003
5.251989322314043e-05,-0.000682
-0.000713859702798403,-0.000668
-0.0004074784965938729,-0.0006
-0.000598177849455304,-0.00075
-0.0006763217618771825,-0.000732
-0.0006889638230026973,-0.00055
-0.000660110805057899,-0.0004
0.0003985779290605786,-0.00035
-0.0005116900378353285,-0.000318
-0.00031750900773864544,-0.0003
-0.00034294299110406,-0.000182
-0.00015433301539043306,-0.0001
-4.6795920321321364e-05,-0.0001
-0.0001725318903456235,-0.0001
0.0004658549974850147,-8.4e-05
-9.617945729040803e-05,-8.4e-05
0.00013601009301119545,-6.6e-05
0.0002695248667008646,-5e-05
-9.171372378086612e-06,1.6e-05
5.3462227819619436e-05,0.0001
0.00016598038295986906,0.000168
0.00025370532786196643,0.00015
0.00010703787453404852,0.000116
4.9179729021638546e-05,0.000116
9.515540985127006e-05,0.000118
0.0001246377981256531,0.000116
0.0003292998656485855,0.0003
0.00016053079734134815,0.000534
0.0002627521029053148,0.000732
0.0004147224562624301,0.000818
0.0005885262801068851,0.0008
0.0008113235247080789,0.000782
0.0007822029737078034,0.000684
-0.0005677176608018277,0.000516
0.00035774501599870564,0.0007
0.0004241165666867099,0.00035
0.0006949391505473753,0.000534
0.0006073913841646935,0.0006
0.0011296077033729186,0.000566
0.0006410366836259553,0.000534
0.0005578213196148307,0.000534
0.0007605267212966367,0.0005
0.0005329188915314209,0.0005
0.0005165753121623712,0.0004
0.00022791765806549774,0.000316
0.0004270910277575079,0.000416
0.0004063800560699519,0.000484
0.00038319718466912976,0.000366
0.00039395846711298064,0.000368
0.00049553065393452,0.000516
0.00043182650485051405,0.00065
0.00047207523964365173,0.000816
0.00058339889193954,0.000668
0.0006598633658028975,0.0003
0.0006038034353205569,8.2e-05
0.00012009661977413225,5e-05
0.000215938295489893,5e-05
0.00011790947195720377,6.8e-05
6.669694842987187e-05,8.2e-05
0.00010779496112856097,0.000134
0.0003416525397945985,0.0003
0.0004161972016589233,0.0004
0.0003408731554915033,0.000366
0.0002974613610521862,0.000318
0.00034502116044816397,0.000366
0.0003617740669699945,0.000434
0.00036997425886624796,0.000366
0.00036997425886624796,0.00035
0.0003781944901007767,0.000366
0.0004855109059018843,0.000434
0.0003781944901007767,0.00055
0.0005318265503578407,0.00065
0.0007914026867718073,0.00065
0.0005816307753643996,0.000584
0.0005428341036458886,0.000566
0.000611555424536726,0.000466
0.000564864791990919,0.000368
0.0004938546078624,0.000416
0.0004521802398305498,0.00065
0.00047235101723003357,0.0009
0.0005782531212296039,0.001816
0.0007824910194717513,0.000784
0.0010261412862666607,0.00065
0.0010261412862666607,0.000516
0.0004243859143279365,0.000384
0.00026231259840257224,0.000266
0.0001031051691903579,0.000168
0.00010429989146152867,0.00015
0.00016621391225630453,0.0002
0.00019490269046703034,0.000282
0.00019874387264198914,0.00035
0.00047883299365925324,0.000518
0.0005245312450377584,0.000532
0.0004178378633089314,0.00055
0.0005307952344919608,0.000434
0.0005073957567791914,0.000334
0.0002328547711380191,0.000266
0.0002746377776297313,0.00025
0.00012065877646689879,0.000116
0.00023953988255237302,-0.00015
0.00011636671904262692,-0.000332
-3.4617900053681295e-05,-0.000118
0.00019113128108650909,0.000234
0.0004110095376866875,0.000366
0.0002788329618158746,0.0003
0.0002989963625298121,0.000384
0.00014371203319107182,0.0004
0.0003391311531721468,0.000334
0.0002417949589923525,0.000266
0.0001827749066113853,0.000216
0.00019968015944112698,0.000218
0.0002370501525617438,0.00025
0.00013269693556553343,0.00015
4.1282236408899776e-05,5e-05
0.0001651000426007092,0.000132
0.0002824188199416478,0.000334
0.0004726228106172701,0.000184
0.00017243352325468092,-6.8e-05
0.00014193262476439354,0.0
0.00013245295267728116,0.000184
0.0001870274869337302,0.000216
0.00033271363398454455,0.000334
0.00033696065220709256,0.0004
0.0002813313899838457,0.000434
0.00028181736366077756,0.000382
0.0003276506241637844,0.000368
0.00039538540211973074,0.000332
0.0001330872194298254,0.0003
0.0002745312693357489,0.000284
0.0003162139016222618,0.000284
0.00031214834197464673,0.000316
0.0003706446694055927,0.00035
0.0002490780947536594,0.000334
0.00036621388492840876,0.000366
0.00034103670489404067,0.0005
0.0005661334635623145,0.00055
0.0005123125741045817,0.000584
0.00046649104923767105,0.000532
0.0004619698905006672,0.000484
0.00045779496261413876,0.00045
0.0005112461499492039,0.000666
8.675319736221757e-05,0.000168
0.0003617740275224782,0.000282
0.0006012133114009703,0.00045
0.0004951263563400661,0.000468
0.0004242481636010526,0.00045
0.00041062224197175445,0.000182
-0.0003171452227434211,-0.000266
-0.0007588408377782762,-0.00035
-0.0006142882545555648,-0.00035
-0.00026339646306922413,-0.000484
-0.0003644367593048702,-0.000782
-0.0004958746607093989,-0.001068
-0.0006778800965606937,-0.001232
-0.000898569542023976,-0.001318
-0.0011050681379771742,-0.00135
-0.001244711477797623,-0.001382
-0.001321886756457006,-0.001418
-0.001367922323547305,-0.001432
-0.0013962945551635635,-0.00135
-0.0013962947129536286,-0.001384
-0.0011219295054450435,-0.00125
-0.0013556557238818363,-0.001134
-0.0012819150615707715,-0.001032
-0.0012032554517684368,-0.001018
-0.001110810512923477,-0.000932
-0.0010307786029244536,-0.000834
-0.000955963469164688,-0.000916
-0.0012308324214562933,-0.001084
-0.0009437391572366819,-0.001266
-0.001029110761935722,-0.001368
-0.0011204421762908538,-0.00125
-0.001244525522205833,-0.00125
-0.0012847216734597564,-0.001282
-0.0012886982197868636,-0.001334
-0.0012798529821042397,-0.001266
-0.0012837838482074833,-0.001168
-0.0012639904257488275,-0.001232
-0.001251486588720392,-0.001084
-0.0010469943723407243,-0.001134
-0.0011558351190663015,-0.001216
-0.0011679990762943843,-0.002
-0.001367757748509344,-0.00085
-0.0005304646887382845,-0.000866
-0.0012445637074016015,-0.000768
-0.0011336174100465414,-0.000582
-0.0007692979798715329,-0.000484
-0.0006787250623596208,-0.0004
-0.000272116316821321,-0.00035
-9.610387584919681e-05,-0.00025
-0.00037310065675511006,-0.000184
-0.00017160197432036645,-0.000182
-0.000617605790675535,-0.0004
-6.938089557961847e-05,-0.000418
-0.00029880686137063,-3.2e-05
0.0003577990590960226,0.000366
-0.00012894963332653924,0.000584
0.0007058018920031235,0.00065
-6.194711961547998e-05,0.000316
0.00047550165090858167,-0.00025
0.00031620344803044503,-0.000634
8.194634838328932e-06,-0.00065
-0.00031423005128960665,-0.0006
-0.00053758346642297,-0.000516
-0.000601284223020575,-0.00055
-0.0005802588151806732,-0.000616
-0.0005714878177237068,-0.00055
-0.00027675072937759275,-0.000418
-0.000535284070698439,-0.000466
-0.0002599002691479776,-0.000116
-2.852892578144221e-07,0.0
-0.0002548865687225796,3.2e-05
-0.00014239718314905408,3.4e-05
5.315608304210379e-05,-1.6e-05
1.1969857067846571e-05,-3.4e-05
0.00011475557399668267,-3.4e-05
0.00021416670753331916,-5e-05
-1.700883943111607e-05,-5e-05
-4.220503809927537e-05,-0.0001
-5.9117963470935395e-05,-0.000116
0.00021628728766650865,-0.000116
-9.61732048590761e-05,-0.000234
-0.00010982350505344132,-0.0001
-0.0001428350900273869,-3.4e-05
-0.0001227249138748033,0.0
-2.9673799839837126e-05,-1.6e-05
-0.00018078896556036683,-0.0001
-0.0001382467916176579,-0.000134
-0.0001426180300690024,0.0
-0.00022846866568210732,0.00015
0.00019836154731410862,0.00015
3.856393764700853e-05,0.000134
0.00011231257945097776,8.4e-05
4.155413804246623e-06,1.6e-05
9.47043570881337e-05,-1.6e-05
0.00019452670632739343,-3.4e-05
1.1383064168422196e-05,-5e-05
-2.1610081557127657e-05,-0.0001
-0.00015077080605067555,-0.0001
-7.173446260589446e-05,-0.000116
-9.21179705988499e-05,-0.000184
-0.00044673149718082403,-0.000234
-0.0001917177816059004,-0.0002
-0.00022576562324714118,-0.000182
0.00040722214220018977,-0.00015
-0.00019225497788273458,-0.000118
-0.00016327825252685155,-6.6e-05
-0.0002946215982348337,-8.4e-05
-7.808834308784218e-05,-0.000116
3.854245046161199e-05,-0.000134
-0.00010066087265474988,-6.6e-05
-0.00017954175343783298,-0.00015
-0.00011728377002476839,-0.000216
-0.000142823531905114,-0.000268
-0.00019684392717648236,-0.00025
-0.000222118108653407,-0.0002
-0.0002341686148246404,-0.000216
-0.0006104869735433332,-0.000316
-0.0002466053319041088,-0.000434
0.0005225905850263665,-0.000634
-0.00040385812189134613,-0.000682
-0.000520182378037224,-0.000584
6.084623334554908e-05,-0.000434
-0.0005858068322142163,-0.000282
-0.0004992604015850341,-0.0002
-0.00037864532074976837,-0.000168
-0.000717549939052279,-0.000316
-0.00024298422742253064,-0.0005
-0.0002992241963692177,-0.000584
-0.0003960077111220341,-0.000582
-0.0004982040759938265,-0.000784
-0.0006150955085289188,-0.000766
-0.0006813862707035616,-0.0006
-0.0006852926793467056,-0.000468
-0.0003682762649603867,-0.000316
-0.00054161239905171,-0.000184
-0.0003958830569705584,-6.6e-05
2.0044727286684646e-05,-1.6e-05
2.080573829270049e-05,1.6e-05
0.0001247934580249326,6.6e-05
0.0001082822316425909,0.0001
0.00013269693556553343,0.000118
0.00017032620734884387,0.00015
0.00010774500084917997,0.0003
0.0005298204863644404,0.00045
0.00036767663827995,0.00065
0.0007541553951506098,0.000766
0.000537049125381993,0.00075
0.0006508780499899286,0.000616
0.000693914856339395,0.000618
0.0006857454335058476,0.000666
0.000661151642789889,0.000766
0.0006649907145227263,0.000868
0.0007271153850544896,0.000782
0.0007687207593803489,0.0007
0.0007775144786066984,0.00065
0.0007479453304511755,0.0006
0.0006813326765436081,0.0006
0.0006364707519579626,0.000468
0.0005778246423076643,0.000432
0.00039872782962247974,0.000418
0.00047771591889295937,0.000416
0.0004329803841495063,0.000484
0.0004368150377605191,0.000466
0.00039162360807130513,0.000416
0.0006689739669276027,0.00035
0.0004277103143157411,0.000284
0.0003772991498235476,0.000316
0.0003402855058413345,0.000384
0.0003499481157852407,0.00035
0.0003325725104950179,0.00065
0.00042172383813863726,0.00035
0.00043038114785365664,0.000366
0.0004258316657999568,0.000384
0.0004344429008159497,0.0003
0.0005611631159573191,0.000466
0.0003775319690646899,0.000368
-0.0009866826702101229,0.0
0.00027918552399271444,-5e-05
0.00019043571289365053,0.0001
0.00010049683531106394,0.000182
5.577580246078689e-05,0.000184
0.00010164007364253701,8.4e-05
0.000136361797204556,-3.4e-05
0.00010178410638639005,0.000166
0.0004659804011392999,0.000434
0.00015823191443452888,0.000184
0.00018338221098654548,-0.000234
-0.00011294983906195493,-0.00015
0.0002488805218683221,0.00035
0.0003706446299580764,0.000334
-0.00016397761754315297,-0.0001
-0.00012522911124203178,-0.000184
5.3462227819619436e-05,5e-05
0.00029695931251236626,0.000384
0.0004288267973692906,0.000382
0.0001520555576377642,0.000134
-0.00026730304922619136,-0.00025
0.00015607908595677248,-0.000516
-7.106279960790751e-05,-0.000468
-0.00028136107894892774,-0.000482
-0.0004315993115895171,-0.000518
-0.00049653777345823,-0.00045
-0.0003048736921384161,-0.000316
6.156066731307321e-05,-5e-05
-0.0003379408882484512,0.000334
0.00040940291924323747,0.000266
5.2046054588407175e-05,-0.00025
-0.0004385292540137235,-0.00055
-0.0005186686190471202,-0.00035
0.00025304598235094096,0.00015
0.0003871483662432626,0.000366
-4.844586346661138e-06,-1.6e-05
-0.0002800257410750025,-0.000266
-0.00019612882260118132,-0.000168
-7.145272844455288e-05,-6.6e-05
0.00020828222290958254,0.000166
0.00022791765806549774,0.000318
5.7768459229588174e-05,0.0
-0.000731230022121443,-0.0004
1.4358992193732204e-05,-0.0005
-0.00015359623440493078,-8.4e-05
-0.0002511865100371475,0.000384
-0.00015854036913535172,0.000582
0.00022362762232643572,0.000434
0.0003228179286668821,-5e-05
-0.00016770893838524475,-0.0004
0.00013182093443316544,-0.000284
-8.292903656867225e-05,0.000134
0.000257652525236954,0.000284
0.00029971472152520706,0.000216
2.802904750393593e-05,0.00015
-3.768741484591903e-05,-3.4e-05
-0.0001298445791286054,-0.000132
-2.518116165711082e-05,0.0
-6.511384441680959e-06,0.0002
0.00021650077762466893,8.2e-05
-0.000150285286020181,-0.0002
-0.00019220503732711173,-0.00015
-2.107593753186641e-05,-3.2e-05
8.036694379513973e-06,0.0
-0.00011434841130449266,-3.4e-05
3.257529370561109e-05,8.4e-05
0.0002160258689760563,0.000166
0.000253132155450276,0.00015
0.00025765944827606284,0.00015
0.00013671545404997292,-0.000134
7.988883643384291e-05,-0.000432
-7.247038560791744e-05,-0.0003
-0.00018438886700193922,-0.0001
-0.00024481066715050545,3.2e-05
0.00029515539731619293,0.000334
-1.4212503620124569e-05,0.000216
0.0001163662653961896,-0.000182
9.516045420241562e-05,-0.00045
-0.00044269002024190394,-0.0005
-0.0004555544864642605,-0.000368
-0.00037800031441091427,6.8e-05
-0.0003180713320833562,0.000566
-6.622404891725472e-05,0.000334
-5.191538581383571e-07,-0.00025
0.00017195698739602136,-0.000518
-0.00012993782319523534,-0.000516
-0.00024611647855848776,-0.000316
-6.458149020052921e-07,-5e-05
3.731258415163169e-05,5e-05
7.806111319451395e-06,3.2e-05
-0.0003331604409868747,1.8e-05
1.156066921410761e-05,-8.4e-05
-6.310794167733922e-05,-0.0001
-0.0001852792566158739,-0.0003
-0.00011935710189532181,-0.000384
-1.2687413330966464e-05,0.0
-0.00019979724437854904,0.0007
-0.0003897386723857466,-0.000116
-0.0004385668474967477,-0.00045
2.3116292733402003e-05,-0.0003
0.0002582822259394877,0.000166
0.0004577450615060322,0.00045
0.0002327162314608094,0.0002
-0.0001979762286840641,-0.000182
-0.00019570012671790216,-0.000218
0.0001502735456750108,-0.000182
-9.974628198957141e-05,-0.000284
-0.00021753405085167917,-0.0003
-0.00024719288293548685,-0.000134
-0.00022672027286511188,-0.000132
-0.0002144769866817704,-0.000434
-0.0002531303652973588,-0.000684
-0.00035171840668285097,-0.000766
-0.0005101283895604489,-0.000434
-0.0005831790359165729,-0.00015
-0.00038889189200107027,-0.0001
-0.00036908371617132215,-0.000232
-0.00029673821389263603,-0.0004
-0.0002208300091802388,-0.000334
-7.953260541612255e-05,-8.4e-05
-0.00026545548535324343,0.000168
0.0002873125999175248,0.000316
0.00017747604995260765,0.0003
0.00020828222290958254,0.000216
0.00029582056133587115,0.0003
0.0002820258832318853,0.000468
0.00039582054767192324,0.0004
0.00027064466334578244,0.00025
0.00018731259385771455,0.000166
0.00023138886198517474,6.6e-05
3.820546303932482e-06,-1.6e-05
0.00011400818162929843,0.0
0.00013344383483896406,8.4e-05
3.244826962132079e-05,0.000132
0.00018319720213514644,0.0002
0.00018843746937035472,-0.000116
-0.0002918687138630354,-0.000266
-1.7155830738690848e-05,6.6e-05
0.00024968016247103213,0.000266
3.731258415163169e-05,3.4e-05
-0.00020988527606188233,-0.000266
0.00016472074486970393,0.0002
7.932619650900184e-05,6.6e-05
-0.00022520653359876618,-0.000234
-6.33998039884882e-05,-0.000116
0.00022002904237665907,0.000116
-4.548431505938399e-05,0.000318
7.477088608477016e-05,5e-05
-0.00019617945348833924,-0.0002
6.641226310121787e-05,-0.00015
-0.00015436305467408774,-0.000118
-0.00010682801845646088,-0.000282
-0.00018903554773577709,-0.000318
-7.708092883089825e-07,0.0
0.000253410950771654,0.000318
0.00031103284510900446,0.0004
9.296198001737244e-05,0.000366
0.0002670534403577938,6.6e-05
0.0002842474292830185,1.8e-05
0.0002575305929641023,0.00025
0.0004093148329393624,0.000466
0.0001956280711203249,0.00045
0.0002914951017271809,0.000334
0.00037280911517689644,0.000166
0.0003510265714330869,0.000216
0.00028877261166668385,0.000418
0.0002334438408987743,0.000216
-4.633301357953991e-05,-5e-05
-0.00012119426148584832,-0.000134
-0.00018472156735432717,-0.000166
-0.00039917684568572214,-0.000216
8.79238467865725e-05,-1.8e-05
0.0001866543528771452,0.0001
-0.00010530082758706035,-0.000116
-6.54029981750784e-05,-0.000466
-0.0006635393464887086,-0.000618
-0.0002820138367247328,-0.0005
-0.00014729563765561145,-0.000332
-0.0004815273623497097,-0.000518
-0.0004945478434989922,-0.000232
-0.0003984523526015441,-0.000334
-0.0003565612993627142,-0.000384
-0.00036955353609033337,-0.0004
-0.00033912731174838253,-0.000282
-0.00017522909454817877,-0.000168
-0.00015087818219001634,-0.0001
5.803669494394935e-05,5e-05
0.00016619719637127672,0.000168
-1.574102584319988e-05,5e-05
3.9641636395635905e-05,-0.00015
2.6665800589281636e-05,-0.000268
-5.420548537233701e-05,-0.000332
-0.00010454683762257666,-6.8e-05
-4.6795920321321364e-05,-1.6e-05
0.00039169552089350136,5e-05
0.00014582054238427663,0.000134
0.00022477087051978788,0.00025
0.0005077990681857381,0.000416
0.00015059178851267857,0.000366
0.0004872253344073542,0.00025
0.0002911448866775603,0.000284
0.0001417949627944213,0.000116
0.00025176421420413725,-0.000216
-0.0002672574084498441,-0.000316
-0.0003390684166065619,-0.000384
-0.00020476049143061236,-0.00015
0.0002206587628029509,0.000216
0.000303530598118466,0.000334
0.0003746378231370579,0.00035
0.0002948711779613251,0.000234
-0.00025920096330295055,-0.0003
-7.112094524691864e-05,-6.8e-05
-0.00015118770712658407,1.8e-05
0.00010429989146152867,0.000132
7.411657999395071e-05,0.0001
0.00010382054003639392,6.8e-05
7.845471704818857e-05,0.000132
-1.2687413330966464e-05,0.0
7.378745950366604e-05,-0.000232
0.0007766116038538579,-0.000368
-0.0004091346611177829,-0.000366
-0.0003380583629519622,-0.000316
-0.00032186918116167064,-0.00025
-0.0002093177446450213,-0.000184
-0.00022682334922517706,-0.0001
-0.00021448383082584666,1.6e-05
-0.00013196552415132055,1.8e-05
-6.460499464429437e-05,0.0
-0.00012278895691749975,0.0
0.00014484057732272695,0.0
4.299892798127695e-06,-1.8e-05
4.563695128185841e-05,3.4e-05
-0.00026923370929220376,0.0002
0.0002827136309546394,0.000284
0.00018714834426176297,0.0002
0.00017724958176158802,8.2e-05
3.820546303932482e-06,1.8e-05
-4.001061849153489e-07,-1.8e-05
2.8181605457017452e-05,-1.6e-05
-3.768741484591903e-05,-1.6e-05
9.9078085663944e-05,0.0
7.88203546096037e-06,1.6e-05
-7.771652693711758e-07,6.6e-05
0.00015300558203444996,5e-05
3.2040753121744708e-06,6.8e-05
3.826798735264412e-06,6.6e-05
6.214835147981876e-05,6.6e-05
0.00011231257945097776,0.0001
7.463780002668753e-05,8.4e-05
-3.983928672140539e-05,8.4e-05
-1.728376396495813e-05,6.6e-05
2.080573829270049e-05,3.4e-05
-0.00010896330265134739,0.0
-2.5206531341024685e-05,0.0
2.4317613834407116e-05,0.0
-4.4932682336591874e-07,-1.8e-05
9.878669179205096e-05,-1.6e-05
0.00037080569416708757,0.000366
0.00021231257564890895,0.000218
0.0001334549787623159,0.000232
-3.378609493237647e-05,0.0
-0.00022476087528348242,-8.2e-05
-9.624351019498356e-05,-0.000118
-8.40088334320723e-05,-0.0001
-7.771628039014055e-07,-8.2e-05
-4.6225510702846e-06,-3.4e-05
0.0002116961095880905,0.000134
0.00026147552210690323,0.0002
0.00026187512544691865,0.000332
0.00015473165741910447,0.000268
0.00029162364145901115,0.0003
0.0004035121821881689,0.000282
0.00029490433359876663,6.8e-05
6.772280674408017e-06,0.00025
0.0002227084360256095,0.000532
0.0002789005945825534,0.000168
-0.00042758367277376675,-0.000268
-0.00033793879753008784,-0.00025
3.730144392648448e-05,0.000134
0.00024582053858220786,0.000284
0.0006335183026012543,0.0001
6.214782880022792e-05,-0.000168
8.3459226202291e-05,-0.000282
-0.00022934122501867902,-0.00025
-0.0001537248135842773,0.0
0.00014948083797328867,0.000216
0.0001362232969748626,0.000234
4.513587413712707e-05,0.000466
0.0002249102188710815,0.000616
0.0003788641905848282,8.4e-05
-0.0008543754638891165,-0.000384
-0.00010503475408968581,-0.000116
0.00032453123291813777,0.000316
0.00024018816303507918,0.000368
3.828000120479658e-05,0.000482
0.00025688047817188866,0.00055
0.0004267154085073966,0.000568
0.0004900541552480104,0.000382
0.0004936902300620205,0.0003
0.00034064136188578456,0.0003
0.000384785460017505,0.000318
0.00019948085086507288,0.0003
0.00030429988385739104,0.00025
0.0004703730004207153,0.000366
0.0003621483450045519,0.000366
0.0001621483427468104,0.000134
-8.785165267895711e-05,-8.4e-05
-0.00012536219730011443,-0.000132
-0.00013768740611291071,-0.000134
2.477088582851851e-05,-1.6e-05
-9.269047240276341e-05,5e-05
1.6491008408441076e-05,6.6e-05
5.3410938652033424e-05,8.4e-05
9.152023739919509e-05,6.6e-05
4.1036695343754064e-05,6.6e-05
-8.96330645341619e-06,3.4e-05
-2.5697534576283527e-05,1.6e-05
-4.338730974811718e-05,3.4e-05
-1.2961972975282845e-05,0.0
-3.3999077003764514e-05,-1.6e-05
-8.717762922800714e-06,-3.4e-05
7.37708323755499e-05,-3.4e-05
-0.00017119424479199532,-0.00015
-0.00023819212341989054,-0.00025
8.557005293707785e-05,-0.000416
-0.0010288353393769867,-0.0004
-0.00023768741217272096,-0.0002
-0.0003188155883731954,-0.000116
-7.563863260248896e-05,-0.0001
-6.71686196948134e-05,-6.8e-05
-4.643542426276771e-05,-3.2e-05
-7.97993889687903e-05,0.000166
8.920442164600843e-05,0.000534
0.00014407524619730995,0.00075
0.0003108644239382053,0.000482
0.0004778225849770069,0.000468
0.00040382054342300613,0.0004
7.839468285933507e-05,-3.4e-05
-0.00018803012916434141,-0.000216
-0.00023330305742221013,-0.000218
-2.325070375961944e-05,-0.000382
-0.00015104682032215512,-0.000284
-0.0002766761144005306,-3.4e-05
0.0005781340291779251,0.0
-0.00017902219020078035,-0.000266
-0.00014921677114643984,-0.000384
0.0008941577862643281,-0.000466
-0.00028336607785938816,-0.000516
-0.0004103453053927161,-0.00055
-0.00025137662734190606,-0.000434
-0.0004926086430457032,-0.000266
-0.00032282771635999593,-0.000134
-0.00021738403194722914,-0.00015
-0.00011765291988220812,-0.000166
-0.00018027772574925134,-0.0001
0.00018299115789568586,6.6e-05
0.0002038205510271437,0.000166
0.0006003630596348604,0.000134
-0.0001142180865725503,6.6e-05
-0.00019694901535987833,-5e-05
-0.000512968926313443,-0.000266
-0.00018768740914281584,-0.000216
2.854726605836786e-05,5e-05
0.00029105699761126664,0.000232
-2.103475925579942e-05,0.0
-0.0007071219092260441,-0.000316
-1.3395279287028352e-05,-0.00035
9.935417389951661e-05,0.0
0.00027064466334578244,0.0003
0.0006313652966096746,0.000216
-2.5622056684802573e-05,-5e-05
-0.0006722686873684732,-0.000282
-0.0003213543121790565,-0.000334
-0.00011789877652748416,-0.000484
-0.0002913658369253733,-0.001082
-0.0005533976206758946,-0.000484
-0.0006031213727492225,-0.000666
-0.0006850564676191624,-0.0007
-0.0007383955056654157,-0.00055
-0.0006021591294843659,-0.0006
-0.0006304409868408046,-0.000584
-0.000609885241129849,-0.0005
-0.000762687996251953,-0.0005
-0.00040510387445577724,-0.000516
-0.0005258615975099468,-0.001018
-0.0002265511416390195,-0.000232
-0.0005735431122174367,-0.00015
-0.0004874191644877181,-0.00025
-0.00032070011456890687,-0.0003
-0.00023434019179674275,-0.00025
-0.00023885200147238592,-0.000168
-0.00024317519284888946,-6.6e-05
-0.00019819806179191966,-0.000166
-0.00026268741368767353,-0.00025
-0.0002668027955483626,-0.000268
-6.389189203044501e-05,0.0
-0.0001736280184807675,0.00035
0.00022064464059211916,0.00025
0.0004793964619819364,0.000234
0.00024512632146678225,0.000234
-8.717762922800714e-06,0.0
0.0001769247018793045,-0.0003
3.6560871664846275e-05,-0.000334
0.00023086030471440803,0.0
0.00021481441602703915,6.6e-05
-0.00014638806864833258,5e-05
-5.8546862053850156e-05,0.000468
0.0012068430211520948,0.00065
0.00037426220388694665,0.00045
2.6633180575147202e-05,0.00025
0.0001330872194298254,0.0001
8.687510991131112e-05,0.0001
0.00012846739259270178,0.00015
0.00014848069550715676,0.000232
5.2567772646037143e-05,0.0002
0.0001692564794639768,0.000134
0.00010859069642715834,0.000184
0.0003817235438030926,0.00025
0.0003373125832236718,0.000316
0.00036196988444085694,0.000316
0.00026514208985100533,0.000368
0.0003114606336994089,0.000432
0.00026231259840257224,0.000284
0.00034860960238625416,8.4e-05
0.0002887499687923335,6.6e-05
0.000212755551533085,0.000134
0.00013987474645834664,0.000166
0.0001115146646771054,0.0001
0.00011557252219716486,8.4e-05
0.000791278505990527,0.0001
0.00012021378875939197,0.0001
9.582053935437152e-05,6.6e-05
8.714834806383178e-05,0.0001
9.113127502669882e-05,0.000166
0.00010709968386113506,0.0002
-5.689673299993254e-05,0.000234
0.00017377083350442063,0.000134
-0.000380260735989351,-8.4e-05
0.00011793242054980536,-0.0001
4.246453641064391e-05,-5e-05
0.00018663637467159614,0.000166
-1.9658257898625833e-05,0.000384
9.523806719071576e-05,0.000366
0.00021213435177031174,1.8e-05
0.00022975553757319657,-0.000218
0.00034470532390898985,0.00025
0.0002097381123932893,0.000284
-8.810793333041271e-05,-3.4e-05
6.535869637068076e-05,-0.0003
-0.0002423474656145811,-0.0003
-9.346130645670286e-05,-0.000166
-6.310794167733922e-05,-8.4e-05
0.00011935723525255484,0.000134
-0.00010790719402147937,0.000184
0.0002858312865095693,0.000166
9.73282431507249e-05,0.000184
0.0004559385624975419,0.00015
0.00017064465728597217,1.6e-05
-0.00031051602818340797,-0.000184
3.7915429108348794e-05,-0.000382
-0.00010499852154597366,-0.000234
-0.00019953164425136997,5e-05
-0.0002954599171272659,-0.000184
-0.00019134987434522383,-0.00045
-0.0004900390318345872,-0.0004
-0.00021349091711707487,-0.000332
-0.00028380280131223227,-0.0003
-0.00045103384054496847,-0.000284
-0.0003301042446623243,-0.000234
-0.00028837916684828363,-0.000232
-0.00018328636809291442,-0.000184
-0.0001047001010852415,-0.000116
-0.0002550706308335877,-0.000118
1.5215619664662372e-05,-0.000116
-0.00010031982915266662,-8.4e-05
-0.00010885512769980174,-6.6e-05
0.0001556547095765271,-6.6e-05
-8.350899395316454e-05,-0.0001
-0.00013768742583666885,-0.00015
-0.0002229474926833996,-0.000134
0.00016752071971407316,-0.00015
-0.00013400883646197745,-0.000166
-0.0003225150947933995,-0.000184
-0.0001589633254050107,-0.000184
-0.00017135532872476463,-0.000182
-0.0001880583735860049,-0.000184
-0.00011343933342971569,-0.0002
-0.0002715417440228022,-0.0002
-0.0005749565167260994,-0.00015
-0.00022518116884579187,-0.0002
-0.00016691278888772635,-0.000134
-6.285165116400455e-05,-5e-05
-0.00022638709914252843,-0.000132
-0.00013031986252862274,-0.000234
-0.00013911783222485242,-0.000216
-0.00010104211317593242,-0.000234
-4.873686286334154e-06,-5e-05
-5.048865163060265e-05,-8.4e-05
-0.00014798835576541807,-0.000132
-0.00012672027666718068,-0.0001
0.00010692021245483519,-5e-05
0.0004438868729008199,-8.4e-05
-0.0002258834332545406,-0.000166
-0.00010104682715412904,-0.0002
-0.00012649953822790218,-0.0002
-0.00042454684517971466,-0.00015
-0.00010066087265474988,-0.00015
-0.00018962593898832802,-0.000134
-0.0001591179596688666,-0.000116
1.4838463194150708e-05,-0.000118
-9.668323165906569e-05,-0.0001
1.2162627218075634e-05,-8.2e-05
-0.00010436305164418257,-6.8e-05
-9.246939865959644e-05,-3.2e-05
1.1504118734036448e-05,-5e-05
-5.846940685561518e-05,-0.0001
-9.673822149677362e-05,-0.000134
-0.00016268740762786328,-0.00015
-0.00016048783384330352,-0.0001
-0.00024678972931900533,-0.000216
-0.0002155532924399788,-0.000284
-0.00019617945348833924,-0.000134
-8.41452232196442e-05,-3.2e-05
4.922283529506419e-05,-8.4e-05
-0.0001258435556176404,-0.000234
-0.00012284912424172074,-0.0002
-4.633301357953991e-05,-1.6e-05
-0.00013567567153904378,0.000116
0.00011619720320325068,0.000134
0.00014582054238427663,0.000166
0.00018731259385771455,0.00015
-5.479591607240423e-05,0.00015
0.0006961118463116379,0.000434
0.00018541700263368377,0.0
-9.679592335122649e-05,-0.000134
-8.717762922800714e-06,-1.6e-05
0.00019957457816377738,0.000216
0.0004215669553663528,8.4e-05
-0.00015896330568125253,-0.00015
-0.00014636305892300487,-0.000116
0.00016669693723139376,0.000182
-3.421275580470197e-06,0.00015
-0.00027246805060031874,-0.00015
-0.0003523889750122609,-0.000232
-0.00014657885656086807,5e-05
0.00024582053858220786,0.00025
-4.179454378089921e-06,1.6e-05
-0.00022984459505029473,-0.000216
2.0898801763669933e-05,-0.000334
-0.000413107933301038,-0.000434
9.816349499876554e-05,-0.000232
0.00024153060146193654,0.0002
0.0005019531435091747,0.0004
0.0003373125832236718,0.00035
0.00024878669595082683,0.000216
8.308722133085981e-05,0.0001
-8.96330645341619e-06,3.4e-05
7.391538779899379e-05,-3.4e-05
-0.00023768741217272096,-0.000216
-0.0002632467991924207,-0.000184
-0.00010256610879651349,-0.00025
-0.00033518259956692123,-0.000416
-0.00026871763716034274,-0.000334
-0.00026751362006814623,-0.0002
-0.00030204207052410346,-0.000316
-0.00020847978078023576,-0.000168
-0.00015077715710079821,-0.000116
-0.0005050838806248286,-8.4e-05
-0.00022340186889978337,-8.2e-05
-0.00010443542797469525,-0.000134
-0.00016691278888772635,-0.000166
-0.0003431025563074521,-0.000184
-0.0001424619559708019,-0.000166
-0.00012070011231116538,-0.000118
-0.00015618403092105637,-1.6e-05
-4.242015033654305e-05,0.0
4.13099975984887e-05,6.6e-05
3.321390430770301e-05,3.4e-05
-8.96330645341619e-06,1.6e-05
2.4770886136702233e-05,5e-05
0.0002659710005108024,0.000268
0.00040429990964095945,0.000416
0.00047477088566931356,0.000484
0.00034934660033309606,0.000382
0.00033300091052192486,0.0003
0.0001658547820680024,0.000218
-2.9355349902708834e-05,-3.4e-05
-0.0003574828722382759,-0.0002
-5.893777707840277e-05,-5e-05
4.9339126573086454e-05,0.000116
0.00021907050717833378,0.0003
0.0004941098727403112,0.000434
0.00019545609967305962,0.0005
0.00033385993936040916,0.000134
-0.00023892594584167106,-0.0002
-5.6878192667276345e-05,-0.00025
3.854061553573708e-05,-6.8e-05
-9.9682653145796e-05,0.000218
0.00010678315205948636,0.00025
3.2365156478151724e-05,0.000166
6.086440878867959e-05,0.000184
0.00027064466334578244,0.000232
0.00034103668517028256,0.000318
0.00022353951629880251,-3.4e-05
-0.0002543330017264852,-0.000284
-0.0006748285155955493,-0.000332
-0.00018785166860064647,-0.0002
0.00014515541781211474,0.00015
0.0002582822259394877,0.000282
-3.11959858056084e-05,0.000418
0.0005519532648816288,0.000616
9.78266871737439e-05,0.000384
-9.171775582233197e-05,-8.4e-05
-0.00013512578302384337,-0.0002
0.00011150411246649789,3.4e-05
0.00035429990661105433,0.00035
1.991495728544012e-05,0.000516
0.0007152051542511827,0.000684
0.00039004748255794713,0.000282
-3.4794866542696776e-05,-0.000216
-0.0002957001130539543,-0.0003
0.00010263282956124366,-0.00035
-0.0001522413108391677,0.000216
-0.00011826415914711819,0.000118
-0.0001304680471235653,-0.000284
-8.108948054153114e-05,-0.0006
-0.0001455883294268318,-0.000916
-0.0004299935609914255,-0.001034
-0.0007157396136347085,-0.000834
-0.000849938486151875,-0.0002
-0.0007540128562595705,0.00035
-0.00044302066932344484,0.000684
0.00024128223989937613,0.000266
0.00026717239434316563,-3.2e-05
0.0003106759437053727,-0.000184
-0.0001672638915064635,-0.000166
1.9299131630393915e-05,-1.8e-05
0.00029582056133587115,0.000284
0.00035813128607821513,0.000366
0.00031608721592369716,0.000418
0.00025831305417346815,0.000166
0.00030614048524371386,-0.000166
0.000190316660289488,-0.000384
-0.0003341686406082088,-0.000316
0.00024241274654496667,-0.0001
-5.983792636668385e-07,5e-05
7.865877411901605e-05,0.0001
0.000179155409616096,6.6e-05
2.7099073771277135e-05,5e-05
1.619719960891017e-05,1.6e-05
-4.196330865039115e-05,-1.6e-05
2.8213790700967465e-05,-3.4e-05
0.00024832121525860746,-0.0001
-0.00013768740611291071,-0.000132
-4.33301862806648e-06,-1.8e-05
0.00017880573696982434,0.0002
-1.5712451048587475e-05,0.00035
9.535678942192937e-05,1.8e-05
-0.00017536221019189864,-0.000218
8.224386794916116e-05,-3.2e-05
0.00022479345422286376,0.000216
0.00026546772909797744,0.000266
2.4385901491493093e-05,0.0
-7.235297993756e-05,-0.000166
7.47048953209569e-05,-3.4e-05
7.826554155288142e-05,0.00015
-0.00018236655063182756,0.000218
3.8245758295187286e-05,0.0002
0.0001621483427468104,0.00015
0.00022753194025121632,0.000116
9.496523830617659e-05,0.000134
9.538539873311853e-05,0.000166
0.00014103669277442014,0.000334
0.0002915306044918417,0.0003
6.231258628295171e-05,6.6e-05
-0.00032240992771497093,-0.0002
-0.000200319845074356,-0.000216
-1.7765832337777335e-05,0.0001
-6.61231323087064e-05,0.000282
0.00016133511247473853,0.0
-0.00025517319437594116,-0.00025
-7.546875187358703e-05,-0.000116
0.00019128223686947098,0.000216
0.00019064135279606915,0.000134
5.90955846237158e-05,-0.000184
-0.00018785166860064647,-0.0002
-0.0001005983779270678,-0.000132
-9.884447231967086e-05,8.2e-05
0.00017463780115555826,0.000184
-0.000121452731474458,-0.00015
-7.516632895702626e-06,-0.000316
-5.484866726356272e-05,-0.000218
3.2991159900584415e-05,0.0
-0.00017385239595342375,0.000234
0.0002582822259394877,0.000234
6.231258381748193e-05,0.0001
4.563695128185841e-05,1.6e-05
-2.5229115044100577e-05,-0.0001
-1.7303053800423823e-05,0.0
0.0002829911836792543,0.000266
4.2156083953425315e-05,0.000318
0.00032367827899716206,0.0003
0.00021780211173955233,0.000282
0.00044681395750455384,0.000234
0.00042785634902104585,0.000234
0.00044521025817730926,0.000482
0.00030546159348836683,0.000484
-0.0005832249528255341,-8.4e-05
-0.00034294303055157626,-0.00045
-0.0002461599102739228,-0.000232
-7.906947185112242e-05,0.000232
0.0004288329906293481,0.000418
0.0002983032893923589,8.2e-05
0.00011909817355120081,-0.000282
0.00010612764281942008,-0.000168
0.00018269693859543858,0.000184
5.415541436868199e-05,0.000116
-0.0002505634562411086,-0.000132
-0.00040547330044583103,-0.00025
-0.0002677533426246392,-0.0001
0.000854849125231892,0.000216
0.00012453125038415443,0.000116
-6.680280315250017e-05,-5e-05
0.0007808487404735754,0.00015
0.0004203262126364905,0.000434
7.367456564298423e-05,0.000234
0.00018769323280427367,-0.000218
0.0001441434016435796,-0.000532
-0.0007555697708324955,-0.00065
-0.00029998076028413934,-0.00085
-0.0005681806168530045,-0.000734
-0.0006943839117409125,-0.000584
-0.000706965618166504,-0.000466
-0.00017631378290359877,-0.000334
-2.0044034884181694e-05,-0.000166
-0.0003946051941278674,-0.0002
-0.0003307786394008143,-0.000234
-6.759889347874414e-05,-1.6e-05
0.0001736276192965306,0.0002
-6.678404585850437e-05,6.6e-05
-0.0002211942675456586,-0.000216
-0.0002102048009438295,-0.0001
0.00020828222290958254,0.0002
-1.8811329585763415e-05,0.000184
-0.00013783738556984445,-0.000118
-0.00026268741368767353,-0.00025
-8.053702435183627e-07,1.8e-05
0.0002824337508265635,0.000316
0.00021177407760403723,0.00025
7.799298387001674e-05,0.000466
0.00025849747131212285,0.000684
0.00042486535944092247,0.000566
0.0004875483306707349,0.000518
0.0007528932324194021,0.0006
0.0006494808189629447,0.000616
0.0005740678186462912,0.000534
0.00040828225475296123,0.000382
0.00023731257716386154,0.000218
0.00043373032088169124,0.0001
-0.0001837838604446029,-0.0001
0.00014564370903062866,-0.000218
-0.00012518116278598156,-0.00015
-9.493870469866663e-05,-0.000266
-0.00043836361389282274,-0.000384
-0.00025661754546113313,-0.000166
1.1774067949886457e-05,0.0001
0.0006026320018768157,0.0002
0.00030627383757253143,0.000134
0.00018655543823004858,0.00015
0.000245820558305966,0.00025
0.0002910569778875085,0.000316
0.00031214834197464673,0.000334
0.00015746952214907545,0.00015
-0.00017217534396963836,-0.0001
0.0001706797852992282,-0.000384
-6.693982063646796e-06,-0.000684
-0.00023355615268672535,-0.00025
-0.00020042542635170557,-0.0002
-0.00021268743038152656,-0.000216
-0.000258347476840505,-0.00025
-0.00022070012823285473,-0.000234
-0.00019617945348833924,-0.000182
-0.00022112880439237575,-0.00015
-0.00024246939788743278,-0.00025
-0.0002801042613561773,-0.000268
-0.00016395791350876625,-0.000216
-0.00024185512116376838,-0.00025
-4.6584535874343055e-05,-0.000384
-0.00028106683992492227,-0.000366
-0.0003057932531906471,-0.000366
-2.5468743912742358e-05,-3.4e-05
0.00025366696515237463,0.000234
0.0001288057339399192,5e-05
-0.0001508725806427032,-0.000234
-0.00016368943371289802,-0.000116
0.00018731259385771455,0.000216
-2.521563878634809e-05,0.000166
-0.00018380279525242202,-0.000182
1.6722398909852714e-05,-0.000384
-0.0003798529670134636,-0.000484
-0.00026136935382588326,-0.0003
0.0004563032547856409,0.0002
-0.0002485306073841476,0.000434
-4.666936282718469e-05,0.0005
0.00041175316281626606,0.00045
5.8282238474564825e-05,6.6e-05
-0.00020846942580720967,-0.00015
0.00020980195819840432,-0.000182
-0.0002960254958920705,-0.000284
-0.0003333030437582623,-0.00035
-0.000372030524533201,-0.000266
-0.00015844658266537276,-0.000184
-0.00017119426451575349,-0.00015
-0.00014220505402096474,-0.000166
-0.00012134122320778589,-0.00015
-0.00016285164736193578,-0.00035
-0.00020609701273002626,-0.00045
-0.000282129299604913,-0.000418
-0.0004184863654620512,-0.000466
-0.0006044313064226571,-0.000266
-0.0004019662584576048,-8.4e-05
-0.000312199017018395,0.0
7.479346485690652e-05,5e-05
0.00011231258931285685,0.0001
3.156084943138191e-06,1.6e-05
-0.00011750899561902487,-5e-05
2.7647023348596783e-05,-0.000282
-5.75204672656274e-05,-0.000318
-0.00024220504035701688,-0.000232
-0.00022305611141950347,-0.000518
-0.0002587177706759171,-0.000266
-0.00033624874758968496,-0.000216
-0.00020005189781995767,-0.000218
-0.00020005189781995767,-0.000216
-0.00022953260464395888,-0.000234
-0.0002173030659200444,-0.000232
-0.00022546876096330245,-0.00025
-0.00023330305742221013,-0.000234
-0.00024196330597719311,-0.000184
-0.00019219389340375986,-0.000166
-0.00010028528299027585,-0.0002
-0.00019662254771506414,-0.000234
-0.00018380279525242202,-0.000182
-7.117320334412353e-05,-0.000184
-0.0002087177873697701,-0.0002
-0.0003754581586711359,-0.000234
-0.0002505191369565571,-0.00025
-0.00021728637962065383,-0.000232
-0.0002082050485530356,-0.0002
-0.00019633302266925534,-0.0002
-0.00019617945348833924,-0.0002
-0.00020538731246445691,-0.000234
-0.0002343324798073081,-0.00025
-0.00024617943679448623,-0.00025
-0.0004022231012361675,-0.000216
-0.00022546876096330245,-0.0002
-0.0003574115905763403,-0.000218
-0.00019617945348833924,-0.000232
-0.00021678610621906686,-0.000218
-0.00022135533175466975,-0.000216
-0.0003177036812315355,-0.00025
-0.0002208300091802388,-0.000234
-0.00023803013219424657,-0.00025
-0.0002168028122422156,-0.00025
-0.00025509568000643175,-0.000232
-0.00011807351916276878,-0.000234
-0.0002252291173018421,-0.000216
-0.0002168028122422156,-0.000218
-0.00021268743038152656,-0.000216
-0.0007005673888143675,-0.00025
-0.00022916704451050152,-0.000234
-0.00023378609225917842,-0.000232
-0.0001960347797223465,-0.000218
-0.0002884393045868674,-0.000232
-0.00018768740914281584,-0.000234
-0.00036356682322813183,-0.0002
-0.0010285512383646678,-0.000384
-0.0004087177797656325,-0.000416
-0.0003004886470563702,-0.0002
-0.00020910995485296492,-0.000234
-0.0003131079272412277,-0.00025
-5.0777160902867004e-05,-0.000232
-0.0002252291173018421,-0.000234
-0.0002252291173018421,-0.000234
-0.00020005189781995767,-0.0002
-0.0002505191566803152,-0.000266
0.00012258156675341134,-0.000284
-0.0002257518363401979,-0.00025
-0.00013025881749716432,-0.000216
-0.00021268743038152656,-0.000216
-0.00022520653359876618,-0.000218
-0.0002800257607987607,-0.000216
-0.0002458736790957242,-0.00025
-0.00027119425085180563,-0.000266
-0.00030894301902383687,-0.00025
-0.0002459552565594114,-0.000218
-0.000317866560026296,-0.000232
-0.00023342471356244777,-0.00025
-0.0005053859302570593,-0.000234
-0.00026268741368767353,-0.00025
-0.000254363060733898,-0.000234
-0.00032575180295249187,-0.000232
-0.00018794983374493358,-0.000184
-0.0002211942675456586,-0.000216
-0.0002507179327148994,-0.000268
-0.000246795942302821,-0.00025
-0.0001797001154919783,-0.000216
-0.0002417177649120474,-0.000234
-0.00026877244948422737,-0.000216
-0.00013768740611291071,-0.000166
-0.00021716862878452884,-0.000168
-0.0001022092172547608,-0.000182
-0.0002082050485530356,-0.000218
-0.00023012094462566274,-0.000182
6.177917450221158e-05,-0.000168
-0.00018796198357995083,-0.000166
-0.00017145274436624223,-0.000166
-0.00022217019909866767,-0.000184
-0.00017119424479199532,-0.000184
-0.00026787852931758476,-0.000232
-0.0002291942632967415,-0.000234
-0.00022945274314723022,-0.000234
-0.00022153258916911788,-0.0002
-0.00041305838722057803,-0.000466
-0.0002861357077018515,-0.000266
-0.00024679592257906285,-0.00025
-0.00024198533741504096,-0.000218
-0.0002173030659200444,-0.000216
-0.0002417177649120474,-0.00025
-0.0002378516519067935,-0.00025
-0.00020028528905008614,-0.000234
-0.00022970011852188344,-0.000232
-0.0002417177649120474,-0.000468
-0.00029846891449857553,-0.0002
-0.00022970011852188344,-0.000232
-0.0005212773621943957,-0.0004
-0.0003277823638535081,-0.000318
-0.00019617945348833924,-0.000216
-0.00025417945226932723,-0.00025
-0.00022135535147842792,-0.000234
7.864465190818431e-05,3.4e-05
1.644383904083758e-05,3.4e-05
-0.00010742504675362756,3.2e-05
4.971471130662095e-05,5e-05
7.01554157327268e-05,6.8e-05
8.714834806383178e-05,0.0001
0.00014113127805660396,0.0001
0.00019566698609514474,0.000132
0.00013269693556553343,0.00015
0.00017865877524788677,0.000168
0.00020813127698849973,0.000166
0.00023294248269048942,0.000234
0.0002667136394524737,0.000266
0.0002664438381648098,0.00025
0.0004481053902928485,0.00025
0.00017463780115555826,0.000216
0.00022880572027597133,0.000234
0.00022477087051978788,0.000234
0.0002331971953031725,0.000232
0.00013168949530888792,0.000234
0.00026231259840257224,0.000234
0.0001952998875085521,0.0002
0.0004085706555445558,0.000216
0.00022064466031587732,0.0002
0.00020363694256257295,0.000216
0.00022463777459982617,0.0002
9.028549069180881e-05,0.0002
0.0001748188356696911,0.0002
0.00017854726698121465,0.000218
0.0002331971953031725,0.000216
0.0002611811252928326,0.000216
0.0002038205510271437,0.000218
0.00020828222290958254,0.000216
0.00020363694256257295,0.0002
0.00022054726439815786,0.0002
0.00010370532863413009,0.000166
0.0001621483427468104,0.000168
0.00024582053858220786,0.000182
7.412637777080918e-05,0.000168
0.00017083296000498143,0.000166
0.00027015541552499853,0.0002
0.00030692022457445573,0.000184
-7.138410109516254e-06,0.000182
0.00017865877524788677,0.000168
0.00015803669853828984,0.000182
0.0002334438408987743,0.0002
0.00018731259385771455,0.000184
0.00017463780115555826,0.0002
0.00016175318711425665,0.000216
0.00017883296561794335,0.000184
0.00012004472656645306,0.000184
0.00018319720213514644,0.0002
0.00024354960424067987,0.0002
0.00019994810669552528,0.000216
0.00019566698609514474,0.000216
0.0002729725993483492,0.000234
0.0002161971895393028,0.000216
0.00021644383513490462,0.0002
7.367456564298423e-05,0.0002
0.00019968015944112698,0.0002
0.00019968015944112698,0.000218
0.00021231257564890895,0.0002
0.00017929989600638636,0.000182
0.00022826554571165727,0.000218
0.00018308721259785148,0.000216
0.0002416525140110301,0.000216
0.0002038205510271437,0.000218
0.00020828222290958254,0.000216
0.00022479347394662193,0.0002
0.0002036669818462276,0.000216
0.00019968015944112698,0.000218
0.00021231257564890895,0.000182
0.0003492820444726878,0.0002
0.0002330872156277566,0.0002
0.00019968015944112698,0.000218
0.00021214833591483648,0.0002
0.0003339497219074847,0.000216
0.00017032619748696482,0.0002
0.00018714834426176297,0.0002
0.00017887905017884888,0.000216
0.00021151968057148447,0.0002
0.0001664438321049995,0.000184
0.00019566698609514474,0.0002
0.00020531774206040588,0.000234
0.00023128621954778873,0.000332
0.00040382054342300613,0.0004
0.0002895354871842118,0.000484
0.0003602265014584303,0.00065
0.00046355287988185964,0.0007
0.0005554865000206715,0.00075
0.0006435201414614944,0.0008
0.0007236129978731856,0.000734
0.0007656041689083589,0.000666
0.0011771129271301096,0.000634
0.0007069124184817133,0.00065
0.0005664438366204824,0.00055
0.0006238890849798874,0.000516
0.00040264137826607213,0.000484
0.0004907656700993291,0.0005
0.0005118920635809326,0.000582
0.00041742646516154533,0.000634
0.0005575489739623661,0.000784
0.0011943495982679598,0.00095
0.0007339449335497385,0.00085
0.0007402729463228792,0.00065
0.0008057983477864677,0.000482
0.0007285180598387214,0.000318
8.308722133085981e-05,0.0001
5.8282238474564825e-05,1.6e-05
-8.205041364354579e-06,1.6e-05
0.00010943727464331368,3.4e-05
4.064136836105142e-05,1.6e-05
8.193829762610147e-05,-1.6e-05
1.2050162349133484e-05,-8.4e-05
-0.0009283550203588321,-0.000116
-5.13027349552143e-05,-0.0002
-0.00010564107227693875,-0.0002
-0.0001512721839827186,-0.000166
-0.00017135430308934111,-1.8e-05
-0.00014786518089580325,0.0001
-7.397890794023385e-05,0.0001
-0.0003518272029327782,6.8e-05
-0.00010127218095281347,1.6e-05
0.00011538364748916942,-5e-05
-9.19853381872046e-05,-8.4e-05
-1.3957909349990353e-05,-6.6e-05
2.0658775338028045e-05,0.0
-5.0777165833806545e-05,-6.6e-05
-5.479591607240423e-05,-0.0002
-8.480400660356253e-05,-0.00025
-0.0002921346492941029,-0.0003
-0.00020616196306559738,-0.000418
-0.00029400621698071316,-0.000282
-0.00021310794090517558,-0.0002
-0.00015433301539043306,-0.000184
-0.0002732980066192975,-0.000134
-0.0002013210230377905,-6.6e-05
-7.631376698190939e-05,-3.4e-05
-0.00010594901931285489,1.8e-05
0.00021172175047367883,6.6e-05
2.32937171834269e-05,0.000116
9.496523830617659e-05,0.000118
9.582053935437152e-05,0.000116
0.00021214833591483648,0.000184
0.000211482047640944,0.000266
0.00016947928889786054,0.000384
0.0002350230235946448,0.000532
0.0009149806311080818,0.00065
0.0010458756163459143,0.000784
0.0005838425581552511,0.000784
0.0006848926570986952,0.000616
-1.8425952006309984e-05,0.00045
0.0002866208482718673,0.000334
0.0005417825512041521,0.00025
0.00019582055527606084,0.000166
0.00023731257716386154,0.000234
0.00024451632479863527,0.000382
0.0002560595359103821,0.00055
0.0003293390173085031,0.000684
0.0005857011673327602,0.000784
0.0005962609913109192,0.000866
0.0008206446572272228,0.000834
-0.0001688328572956149,0.0008
0.0008202138114543057,0.0008
0.0008243176154689637,0.000866
0.0008243176154689637,0.000916
0.0008442886306459561,0.000868
0.0008614755979132812,0.00085
0.0008743859021495665,0.00085
0.0008703285673090979,0.000816
0.0008455305962488234,0.000734
0.0007182069524507694,0.000782
0.0007944354907191978,0.00075
0.0007697186237524151,0.000684
0.0007366208163697392,0.000666
0.0007193256840127475,0.0006
0.0006736745724162087,0.000668
0.0006536991785649082,0.000632
0.0006408061128932416,0.000568
0.0006160777666992185,0.000566
0.0006074223110174648,0.000666
-0.0006872984277599756,0.000684
0.0006196506860396487,0.000634
0.0006363830995767667,0.0005
0.0006192110434705991,0.000466
0.0005687539620694444,0.000516
0.0005791554437172162,0.00055
0.0005072485780959142,0.000568
0.0005240353897579959,0.00065
0.0005690910410961405,0.000666
0.000622433511076311,0.00065
0.0006325469864076511,0.000616
0.0006450447090710616,0.000584
0.0006282137556382518,0.0006
0.000611892069640743,0.000684
0.0006200540763412279,0.000716
0.0006446238435197661,0.000716
0.0006778224393065624,0.000668
0.0010750323012711114,0.0007
0.0006116831950419885,0.00065
0.0006828547984071654,0.0006
-4.0564169349806774e-05,0.000482
0.0006059938375575794,0.000384
0.0005264311163173065,0.000334
0.0002911448669538021,0.0003
0.00026189204843140695,0.0003
0.000745440728746905,0.000332
0.00019778466683588694,0.000418
0.00033630179979002073,0.0005
0.00038556577133723306,0.00125
0.0006159321264690767,0.0007
0.0007089569043559798,0.000666
0.0007940185304720149,0.000666
0.0008143415752843771,0.000584
0.0009573684863670651,0.000584
0.0006239820627757824,0.000632
0.0006156392286606251,0.0007
0.0006238204068540269,0.00075
0.0006649264939662065,0.000768
0.0007111914483637305,0.000882
0.0007733475585659767,0.001018
0.000851843618965774,0.001016
0.0009184177720974426,0.000916
0.0009565059269758729,0.00085
0.000606187367072497,0.00075
0.0008805968346943592,0.00075
0.0008147517505587582,0.00085
0.0010518794494301857,0.000884
0.0006886114928018812,0.0009
0.001060288160897547,0.000766
0.0008487158253991577,0.000684
0.0008063031970999443,0.000584
0.00043714836927316776,0.0004
0.00027054724770430487,0.000316
0.0001541554081011434,0.000166
0.0003627560339929959,8.4e-05
0.00023843306414031448,5e-05
8.282237910129453e-06,0.0
-2.1167031708858574e-05,-1.6e-05
-8.469401360240283e-06,-6.8e-05
-0.0001808865784394259,-8.2e-05
-6.727746525413597e-05,-0.0001
-8.768740308300556e-05,-0.0001
-6.0087514388184576e-05,-0.0001
-7.621254465510983e-05,-0.000118
-0.0001047001010852415,-0.0001
-0.00015040011774010054,-0.0001
-0.0002101866550863362,-8.2e-05
-7.067379778789496e-05,-8.4e-05
-2.5638634503523355e-05,-6.6e-05
-0.0002342130524517408,-0.000118
-0.00017161006106120586,-0.000166
-0.00017612031255995555,-0.00015
-0.0001737800492085483,-3.4e-05
-0.00016804727973246215,0.000118
-0.00014529113183910463,0.00025
0.0003706446299580764,0.000382
0.00014574929030797824,0.000384
0.00031599116122153157,0.000384
0.0003485673146487915,0.0004
0.00038731258625357694,0.000482
0.0004114906001478413,0.000568
-0.0006051152474600892,0.000516
0.0008551871904464954,0.000466
0.0008339062021485522,0.00045
0.0004988533971266404,0.000418
0.00038643318277292894,0.00035
0.00041989576133873646,0.000332
0.0008073545523040994,0.0004
0.00039054897883253906,0.000334
0.00025779495049451826,0.000234
0.0003289652323678993,0.000232
0.00031478227236107325,0.000268
0.0003036369486223832,0.00025
0.00023714833742978904,0.000216
3.530597197323557e-06,6.6e-05
-8.305750726734898e-05,-0.0001
0.00010456258233438137,-0.000182
-0.0002503198481042611,-0.000268
-0.00021368943674280317,-0.00035
-0.00037596462533278036,-0.000366
-0.0008345534814286669,-0.00035
-0.0003344529388581092,-0.000366
-0.0003582050379189929,-0.000368
-0.0003189344042922602,-0.00035
-0.00013414521638767027,-0.00035
-0.0003587177372882111,-0.00035
-0.00035470012609664626,-0.00035
-0.00046352927525243425,-0.000332
-0.00031922067491797513,-0.000318
-0.00033783737796570687,-0.000866
-0.0004722263086163574,-0.000284
-0.0004559712889213783,-0.000466
-0.000489232842944173,-0.0002
-0.0008096086078177293,-0.000366
-0.000331442777785069,-0.000218
-0.0003152170281471769,-0.00025
-0.00026010255601151153,-0.000282
-0.0001768742137675276,-0.00025
-0.00020028528905008614,-0.0002
-0.0002803669818146672,-0.00025
-0.0002462292984550765,-0.000218
0.00022119428256034277,-0.0002
-0.00021750900167883514,-0.000116
-0.00028070084586878576,-0.0001
-0.0001597709146822531,-8.4e-05
-0.00012611092102117344,-0.0001
-0.00010028528299027585,-0.000232
-0.0002467114851704446,-0.0003
-0.00016691278888772635,-0.000218
-0.00021428548871394167,-8.2e-05
-2.852892578144221e-07,0.0
0.00012403539510439195,3.2e-05
8.319720100627571e-05,5e-05
0.000153062218805963,3.4e-05
6.599116086482451e-05,5e-05
-0.00022707563581560836,3.4e-05
-1.6993070286479228e-05,5e-05
6.1960660197312e-05,5e-05
9.032590960318722e-05,3.2e-05
2.4770886136702233e-05,1.8e-05
3.7162626267558436e-05,3.2e-05
0.0001659189533151268,3.4e-05
1.9058114702272687e-05,5e-05
3.321390430770301e-05,6.6e-05
4.515541421777423e-05,0.0001
0.000140882028924927,5e-05
9.940161939973413e-05,1.8e-05
4.155413804246623e-06,-1.8e-05
0.00021709432467852303,0.0
8.282237910129453e-06,0.0
2.4793466757940917e-05,1.8e-05
-3.1983295473542343e-07,1.6e-05
-2.0700106251355104e-05,0.0
8.282237910129453e-06,0.0
3.6696101448892285e-05,-1.6e-05
4.951134333459366e-05,-1.8e-05
2.7206238650677152e-05,-6.6e-05
-0.00015436305467408774,-8.4e-05
-8.378609303134207e-05,-0.000116
-0.00012135533555673854,-0.000166
-0.00014595525049960115,-0.000184
-0.0001384853504724203,-0.000216
-0.00017139919436287888,-0.000284
-0.00021361693220786255,-0.00035
-0.000260087506784047,-0.000366
-0.0003054732943860207,-0.000384
-0.0003469378016312093,-0.000266
-0.00034262244058668926,-0.000184
-7.584355258773527e-05,-0.000166
-7.945272419563575e-05,-0.000134
-0.00010051915745247886,-0.000166
-0.00016294983222998102,-0.000218
-0.00017174856129089928,-0.000232
2.6598107110409777e-05,-0.000234
0.0001706349137494486,-0.00025
0.0003285008167586198,-0.000266
-0.00024584458655246046,-0.000218
-8.490858196924673e-05,-8.2e-05
6.214835147981876e-05,0.0001
0.00032864466212677046,0.0003
0.00027064466334578244,0.000282
0.00014615338080297164,0.000518
0.00029632503589794294,6.6e-05
0.0002875340385502175,-5e-05
0.00019862079639116503,-8.4e-05
0.00029850117785782656,-6.6e-05
-1.2949837933084204e-05,-1.6e-05
-5.462255410018973e-05,-3.4e-05
-0.000276110949834647,-0.000116
-4.2178662503696124e-05,-8.4e-05
-0.00016856692186454738,-6.6e-05
-7.573779379656237e-05,-5e-05
-0.0002663591293326515,-8.4e-05
-0.0002809294836732013,-0.0001
-7.145272844455288e-05,-0.000116
-5.8347474582763484e-05,-0.000118
-4.90471654212812e-05,-0.000116
-4.6294670593706244e-05,-8.4e-05
2.3957002515141803e-05,-8.2e-05
-6.285165116400455e-05,-3.4e-05
-4.6399196649995076e-05,0.0
8.671545102006778e-05,1.6e-05
-3.4547047383485326e-05,6.8e-05
1.1960659632876635e-05,6.6e-05
0.00014016491252629516,8.4e-05
0.0001445846122514017,6.6e-05
4.491510611221133e-05,5e-05
2.837302144797638e-05,3.4e-05
5.803669494394935e-05,0.0
-0.000277134928462497,-3.4e-05
2.8265542144135e-05,-3.4e-05
-3.805838422004762e-05,-6.6e-05
-3.4081044011675124e-05,-6.6e-05
-5.0400101818411184e-05,-6.8e-05
-0.00010077717379465121,-8.2e-05
-6.343934026168963e-05,-8.4e-05
-5.9117963470935395e-05,-6.6e-05
-4.603476077075199e-05,-8.4e-05
-9.321685019825512e-05,-6.6e-05
-5.417945987346483e-05,-5e-05
-5.4546834592671505e-05,-5e-05
8.131279661697785e-06,-1.8e-05
-9.178660306721148e-06,1.8e-05
-8.855131501870549e-06,1.6e-05
0.00010134903972923011,3.4e-05
4.943654468003383e-05,3.2e-05
-4.790875941055362e-05,6.8e-05
6.573610062090411e-05,6.6e-05
2.0044727286684646e-05,8.4e-05
-4.33301862806648e-06,6.6e-05
7.080574008987075e-05,8.4e-05
1.5724815601340107e-05,5e-05
7.477088608477016e-05,5e-05
0.0001573819585247912,1.6e-05
2.080573829270049e-05,1.6e-05
-0.00010966783529228279,0.0
-5.048865656154219e-05,-1.6e-05
0.00013887599451716396,-5e-05
2.843548628183752e-05,-5e-05
0.0002496765924708079,-6.6e-05
0.0002789617382328025,-6.8e-05
-2.1662232640737556e-06,-0.0001
5.943445358146359e-05,-0.000116
-0.00015005189479005255,-0.000116
-7.593218129495931e-05,-0.000118
-0.00010005189176014738,-0.0001
-0.0003720005838683371,-8.2e-05
-0.0002041794492394221,-0.000184
-0.00012195691018015765,-5e-05
-5.8205039463320174e-05,-3.4e-05
3.687510873050831e-05,-3.2e-05
-8.76100859510776e-05,-1.8e-05
-1.7652918753337382e-05,-3.2e-05
-3.1983295473542343e-07,-1.8e-05
2.791765950596093e-05,-5e-05
-4.844583881191368e-06,-3.2e-05
-0.00010474485429247224,-5e-05
-5.028528489131025e-05,-6.8e-05
2.0547265838621036e-05,-6.6e-05
-5.4333019192501846e-05,-0.0001
-7.145272844455288e-05,-0.0001
-6.341344296724539e-05,-0.000116
-0.0001880583735860049,-0.000134
-0.00015885512086782783,-0.000116
-0.0001669127691639682,-0.000134
-0.00016294983222998102,-0.000134
-0.0003887498809424271,-0.000216
-0.00027135533478457493,-0.000284
-0.00019355765321317186,-0.000316
-0.0004460347357005977,-0.000384
-0.00045066086427844864,-0.00045
-0.00036008751284385726,-0.00045
-0.0005366396451482209,-0.000382
-0.00041733248616305894,-0.00025
-0.00025249589144535404,-0.00015
-0.000158751413347502,-6.8e-05
-7.945272419563575e-05,-6.6e-05
-6.305837587312111e-05,-5e-05
-8.446896898583439e-05,-8.4e-05
-6.730305683032897e-05,-0.000132
-0.00010436304178230352,-0.000134
-0.0002849667397278784,-6.6e-05
8.22910718333414e-05,0.0
5.327590980377352e-05,0.0
-5.137662508416458e-05,3.2e-05
-4.955273611900483e-06,6.8e-05
6.231258628295171e-05,5e-05
2.080573829270049e-05,6.6e-05
5.363695073114593e-05,0.0001
7.054726517032152e-05,0.00015
0.00016694248815841856,0.00015
0.0001247934580249326,0.00015
0.00013696064994935108,0.00015
0.00011231257945097776,0.0001
9.531715946087676e-05,0.0001
8.344383673999846e-05,8.4e-05
0.00026718117141554014,0.0001
8.319720100627571e-05,8.2e-05
0.00012477088418373576,0.000118
6.669694842987187e-05,8.2e-05
6.608722296339942e-05,6.8e-05
2.4818840140059432e-05,3.2e-05
7.423439000135014e-05,1.8e-05
-3.81921162312095e-05,-1.8e-05
-1.2687413330966464e-05,-3.2e-05
-0.0002949982628441266,-5e-05
-0.00028149030901229304,-0.0001
5.761388167153692e-05,-0.000134
-8.000210975500345e-05,-0.00015
-0.00010945103174275418,-0.00015
-0.00013400883646197745,-0.000134
-0.00014220505402096474,-8.2e-05
-6.726390517041136e-05,-0.0001
-0.00011716862272471855,-0.0001
-0.0004897424654071207,-0.000134
-0.00010446940214809982,-8.4e-05
-0.00010495526734436191,-0.0001
-0.00010495526734436191,0.0
-8.072408806001801e-05,0.0
-4.7150356255185e-05,-1.6e-05
1.1753194050094746e-05,1.6e-05
-2.852892578144221e-07,-3.2e-05
-8.446578506596878e-06,-1.8e-05
-1.2938767973825382e-05,-8.2e-05
-9.171775582233197e-05,-8.4e-05
-5.473151800206117e-05,-1.6e-05
-5.082026717629265e-05,-3.4e-05
-5.473821421795135e-05,-1.6e-05
-3.81921162312095e-05,-8.4e-05
-3.819211130026996e-05,0.0
-3.428375986694875e-05,0.0001
-1.6320595150543607e-06,-3.4e-05
-6.170183149532541e-06,-6.6e-05
-1.5449766573749086e-06,-5e-05
-1.4135585894299042e-05,5e-05
-2.611092975418177e-05,5e-05
8.236667299831076e-05,-1.6e-05
7.427429955888152e-06,-6.8e-05
-0.00010468283293498566,-0.0001
-0.00017261861571018656,-5e-05
-5.9254994280647004e-05,-8.2e-05
-7.545813062982602e-05,-0.000134
-9.225499154668244e-05,-0.000116
-8.355616332076804e-05,-8.4e-05
-9.781505979645194e-05,-0.0001
-0.0001898856614355799,-8.4e-05
-8.41452232196442e-05,-6.6e-05
0.0002346441893719559,-6.6e-05
-4.617945426050289e-05,-5e-05
-0.00012576560732545182,-3.4e-05
-2.1194260356977592e-05,-1.6e-05
-1.7057512735278117e-05,0.0
-5.1513626308238974e-05,1.6e-05
3.666982053955919e-06,3.4e-05
-1.7547041619615628e-05,5e-05
1.6133440095237054e-05,6.6e-05
6.61972026388153e-05,6.6e-05
5.739135083573699e-05,0.0001
4.971471130662095e-05,0.0001
0.00011619720320325068,0.0001
9.113127502669882e-05,0.00025
9.128223080966073e-05,0.000118
0.00010390432163005386,0.000116
0.00013300091812606246,0.0001
0.00014450025373781598,8.4e-05
-5.4978834205439916e-05,5e-05
4.155413804246623e-06,3.2e-05
8.282237910129453e-06,0.0
-3.0173200465126148e-05,-3.2e-05
-2.5206531341024685e-05,-3.4e-05
-4.633301357953991e-05,-5e-05
-1.742470500972196e-05,-6.6e-05
-8.330305819437377e-05,-8.4e-05
-0.0001382467916176579,-8.4e-05
-3.427745812622146e-05,-0.0001
-5.4844574583747666e-05,-8.2e-05
-8.768741294488463e-05,-6.8e-05
-8.378609303134207e-05,-6.6e-05
-6.285166102588362e-05,-3.4e-05
-0.0001556410753068439,-1.6e-05
-4.654684377252818e-05,-1.6e-05
-2.1452735276526812e-05,1.6e-05
5.366698261839129e-05,3.4e-05
9.582053935437152e-05,6.6e-05
-1.3210183145792434e-06,0.0001
0.0002655613183303749,0.000166
6.432432332228839e-05,0.0002
0.00021231257564890895,0.000234
0.00017377083350442063,0.000266
4.1036695343754064e-05,0.000268
0.00023257252415896575,0.0003
0.00026641882843948204,0.000282
0.00018319720213514644,0.0002
0.00015765252903902278,0.000118
0.00037521336239972573,3.2e-05
-2.983000214246556e-05,-3.2e-05
-0.0001586225383117833,-0.0001
-0.0003780583022598602,-0.000134
-0.00023330305742221013,-0.000234
-5.1946148600598224e-05,-0.000282
-0.0002417177649120474,-0.000184
-4.235288245938991e-05,-0.0001
3.666982053955919e-06,-5e-05
-6.310793181546015e-05,-1.6e-05
-8.90684310426734e-05,-1.8e-05
8.731258286696473e-05,6.8e-05
0.00017064465728597217,0.000182
5.197489126902042e-05,0.000284
0.00022415645572981647,0.000266
0.0005010363043355678,0.000284
0.00025295199864338057,0.000266
0.0001283730144099785,0.000168
9.582054428531105e-05,8.2e-05
0.0001979864606054673,8.4e-05
0.00014812890255688454,8.4e-05
-0.00043097450237900334,0.0001
2.045824203986664e-05,0.0001
9.179495976451616e-05,0.000132
0.0001035645700341291,0.000218
0.0004263038525699454,0.000232
0.0001997147154653968,0.0002
0.00022479347394662193,0.00025
0.00042832853579103443,0.00035
0.0003325752718211582,0.00035
0.0002858886431982546,0.000434
0.0004368751163278285,0.000416
0.000386555430625911,0.000468
0.00027317664162635803,0.000416
0.0002286446560669602,0.000234
0.00019922919543490224,0.00015
0.00031378140997776903,0.000232
0.0005471393266787222,0.000284
0.0002238074043819264,0.0002
0.0002152910603663685,1.6e-05
-0.0005241978985104255,-0.0001
-9.58445873246241e-05,-0.0001
-0.00010028527312839679,-0.0001
-0.00010484458747553187,-0.0001
-0.00013039920134576055,-0.000116
-0.00012070011231116538,-0.000134
-0.0001291670285888122,-0.000116
-9.633301660944505e-05,-0.000134
-4.661459488175587e-05,-0.000116
-0.00015443542114272133,-0.000116
-0.00019602548983226024,-0.000118
-0.00020945103780256448,-8.2e-05
-0.00023294313828358223,-6.8e-05
-8.781878931195209e-07,-5e-05
-6.330389721450869e-05,-1.6e-05
-0.00013072384454294633,1.6e-05
-8.855131501870549e-06,0.0
-7.771652693711758e-07,3.4e-05
4.971471130662095e-05,6.6e-05
3.696985735006425e-05,6.8e-05
-7.672027363727554e-05,6.6e-05
5.814486989549498e-05,6.6e-05
6.644384083800784e-05,6.8e-05
0.00014812625957329311,6.6e-05
0.00011619719334137161,8.4e-05
6.694248949501758e-05,6.6e-05
2.4531253261672077e-05,6.6e-05
6.599115839935473e-05,8.4e-05
2.0251445832126794e-05,6.6e-05
7.029989472660787e-05,6.8e-05
-0.0001739789238619232,5e-05
8.282237910129453e-06,1.6e-05
-4.284971899612011e-05,-1.6e-05
2.8699166193296874e-05,-1.8e-05
-4.844583881191368e-06,-3.2e-05
-7.084458580967154e-05,-5e-05
-2.1194260356977592e-05,-3.4e-05
7.422284520482106e-06,-5e-05
-4.277090778951267e-05,-3.4e-05
-2.518116165711082e-05,-3.2e-05
-4.1717767585245453e-05,-3.4e-05
-2.5229115044100577e-05,-6.6e-05
-0.00036497695359294244,-0.000184
-0.00026268741368767353,-0.000284
-0.0001444604263173164,-0.000282
-0.0002062158878203655,-0.000218
-0.00024306081477540727,-0.0002
-0.00028133305148860384,-0.000182
-0.00022143669225701743,-0.0002
-0.00018392224233174746,-0.000184
-0.0002631079439350807,-0.000216
-0.0002795417397738851,-0.000234
-0.00020896330871115768,-0.00025
-9.738731065356375e-05,-0.00025
-0.0002378516519067935,-0.000234
-0.00030031983141040814,-0.000266
-0.00025028527235623315,-0.00025
-0.00025028527235623315,-0.000266
-0.0002543330017264852,-0.000434
0.0001642073748927088,-0.000216
-0.0002935891975622558,-0.000184
-0.00027738932549504976,-0.000234
-0.0002694321697466576,-0.000282
-0.00022988061063266728,-0.000468
-0.0002946625250329843,-0.00025
-0.0005373189313787308,-0.0003
-0.0002058743906718449,-0.000266
-0.00032315213273396303,-0.000284
-0.0002754687639932076,-0.000282
-0.0002833030407283571,-0.000218
-0.0002631621448224629,-0.000282
-0.000131489126358968,-0.0003
-0.00027127507881268334,-0.000284
-0.0002717799281261599,-0.0002
-0.0002674689852034643,-0.000216
-0.0002510614219629926,-0.000268
-0.00024286762056437806,-0.0002
-8.768740308300556e-05,-0.000116
-0.00020135548044326963,-0.000134
-0.00018098630176060644,-0.000182
-8.350899395316454e-05,-0.000134
-6.29498360320498e-05,-8.4e-05
-5.128419955349763e-05,-8.2e-05
-7.135534238871249e-05,-8.4e-05
-9.654683200961471e-05,-0.0001
-8.768740308300556e-05,-0.000116
-9.58445873246241e-05,-0.000134
-0.00041519427299008797,-0.000134
-0.00012983000327133632,-0.000132
-0.0001291942572369312,-0.000118
1.147551312105194e-05,-0.0001
-0.00012119426148584832,-8.2e-05
-0.0001386382095980432,-8.4e-05
-4.1868718437267807e-05,-6.6e-05
-0.0001591346459682572,-8.4e-05
-0.00017969400112695337,-8.4e-05
-5.844658646744155e-05,-0.0001
-0.0001050956709167163,-0.000116
-0.00010896330265134739,-0.000134
-0.00010495526734436191,-0.0001
-8.768741294488463e-05,-6.6e-05
-2.1167031708858574e-05,-5e-05
0.00016900009033185142,-6.6e-05
-3.7851649649051975e-05,-3.4e-05
6.5448269352826e-05,-5e-05
-5.028528982224979e-05,-5e-05
-5.028528489131025e-05,-6.6e-05
-0.0001220021268957048,-5e-05
-0.0001092343563976535,-5e-05
-5.417945987346483e-05,-5e-05
0.00017350950357087992,-6.8e-05
6.071177648627538e-05,-6.6e-05
-5.871775855629654e-05,-5e-05
-3.797250204614524e-05,-5e-05
3.689206499883849e-05,-1.6e-05
-3.330305516446863e-05,-3.4e-05
-2.5614098148391113e-05,-5e-05
-4.656563065216119e-05,-3.4e-05
-0.00012568238292795948,-3.2e-05
-8.868721171232379e-06,0.0
-8.830390859134032e-05,-3.4e-05
-0.0001520420417106299,-1.6e-05
3.901172096289248e-06,1.6e-05
-5.8479771690520316e-05,0.0
-8.96330645341619e-06,-1.6e-05
-0.00010028528299027585,-0.000118
-0.0003265708122857002,-0.00015
-0.00024244657749925914,-8.2e-05
-9.273558063764078e-05,-0.0001
-0.00011312489727736989,-0.0001
-0.0001086303951994989,-0.000134
-4.235862207301008e-05,-0.0001
-0.00010886870750728452,-0.0001
-6.691277296603699e-05,-0.0001
-0.0001299552688593145,-0.0001
-0.00010446940214809982,-0.0001
-1.3192114716256935e-05,-0.0001
-0.00023127788110716743,-0.000116
-0.0004522291791835813,-0.000134
-8.37640024222198e-05,-0.000134
-0.0003027082207316889,-5e-05
-0.00016082781226244694,1.8e-05
-7.658058012021437e-05,0.000116
9.03957958092341e-05,0.000166
0.0001541263155578797,0.00015
0.00019104743539063515,0.000184
0.0002903958177907337,0.000266
0.00022477087051978788,0.000218
0.00020343548409688106,0.0001
0.00019049698474832763,6.6e-05
0.00016046176418784103,0.0001
0.0002280704580198462,0.000134
0.0008254518104573274,0.000316
0.00015160489934979072,0.000616
0.00028642757516580557,0.001884
0.0007205412986747333,0.001084
0.0010980687040439497,0.0011
0.001159711759849331,0.001
0.0012581169817205782,0.000916
0.001023176647627419,0.000884
0.000972924298835808,0.001016
0.0009526238180027635,0.001166
0.0010654337738174179,0.0012
0.0010633734300416029,0.00125
0.0011558357257937303,0.001184
0.0011992227866403336,0.001084
0.0011780045987883237,0.001032
0.0011353950484877917,0.00105
0.0010860420241725552,0.001168
0.0010822037019425274,0.001232
0.0011184438195778145,0.00115
0.001148380460795093,0.000884
0.0008206587794380545,0.000816
0.0010161702164691265,0.000934
0.0009429000841323662,0.000984
0.0011676573574754502,0.001
0.0009317120584572925,0.000982
0.0009743859082093768,0.001084
0.0010114605774992902,0.001066
0.0010319336017685862,0.001134
0.0010651407576664175,0.001184
0.0010280540174365193,0.001066
0.0011112653183534662,0.000934
0.0009515570782672553,0.000732
0.0009748390023814811,0.000518
0.00038630178309616775,0.0004
0.0006409296625142612,0.000316
9.349521674975902e-05,0.00025
0.00020835616727886774,0.000116
0.0002679247176500861,-1.6e-05
-0.00010871777144808076,-0.0001
-0.00031700881323209107,-0.00035
-8.025881446725917e-05,-0.00015
-0.000167378447093769,-0.000234
-0.00016157538214365449,-0.000366
-0.0004895523678261202,-0.00045
-0.0003028737425100408,-0.0004
-0.0003880583659818673,-0.000334
-0.00038856680501932623,-0.0003
-0.0002587177706759171,-0.000266
-0.00019246943430504396,-0.00025
-0.00025417945226932723,-0.000234
-0.00025495526657219825,-0.00025
-0.00022536221322180377,-0.000266
-0.00019633302266925534,-0.000216
-0.000171610080784964,-0.0002
-0.00027231984628161806,-0.0002
-0.00017522911427193694,-0.0002
-0.00021268743038152656,-0.000184
-0.00019617945348833924,-0.000234
-0.0005997080580597007,-0.0003
-0.0002306053009544268,-0.000316
-0.0002598118278164559,-0.000284
-0.00027135533478457493,-0.000266
-0.00029196330900709824,-0.000316
-0.00031330390250215533,-0.000334
-0.00029735438409708237,-0.00035
-0.00038768744098619456,-0.000366
-0.00034196331203700336,-0.000368
-0.00035484458290129943,-0.000366
-0.0003963630149012561,-0.0004
-0.0004721905297190826,-0.000384
-0.00037984456469249383,-0.000382
0.00025821770952659577,-0.000384
-0.00030066089463624953,-0.00035
-0.00036180344035494625,-0.00035
-0.0003376874379562894,-0.000334
-0.00035503475937733245,-0.000382
-0.00035443543326234186,-0.000418
-0.0004173030583159068,-0.0004
-0.0004048445464836883,-0.000382
-0.0003833030073406511,-0.000384
-0.00028566864910898053,-0.0004
-0.0003629387793212823,-0.000366
-0.00025886871659699994,-0.00035
-0.00038350896282320004,-0.00035
-0.00031283735672699614,-0.000318
-0.00043920621284077233,-0.000282
-0.0002667860895252139,-0.000268
-0.00025505396425795526,-0.000266
-0.00019217866666247201,-0.00025
0.00011544827238273114,-0.00025
-0.0002041794492394221,-0.0002
-0.00017983001616312053,-0.000166
-0.00019570012671790216,-0.000218
-0.0003264995700712809,-0.0004
-0.00024825331106838864,-0.000382
-0.00021268743038152656,-0.000218
-0.00015885514059158596,-0.000166
-0.0001259485353203666,-0.00015
-0.00010005189176014738,-0.000116
-0.0001634134391651766,-1.8e-05
-8.768741294488463e-05,-5e-05
-0.00015092190976182356,-6.6e-05
-6.285165116400455e-05,-6.6e-05
-5.4333019192501846e-05,-5e-05
-0.0001928197874209716,-3.4e-05
-5.433300933062278e-05,-1.6e-05
4.971471130662095e-05,0.0
-2.5468743912742358e-05,-1.8e-05
-0.00015960864732399513,-5e-05
-7.135534238871249e-05,-3.2e-05
-2.5458132530860414e-05,-1.8e-05
-4.260864536219421e-05,3.4e-05
1.5918954087290467e-05,0.0
-4.614599930282444e-06,-3.4e-05
-7.657941641848381e-05,-3.2e-05
4.044726539007278e-06,0.0
-1.6912774867071393e-05,1.6e-05
-5.191563236081274e-07,-1.6e-05
-8.446578506596878e-06,-1.8e-05
-4.844583881191368e-06,1.8e-05
-4.2542902490361943e-07,0.0
-7.135534238871249e-05,-3.4e-05
-6.268741142993207e-05,-5e-05
-1.7168621595847805e-05,-5e-05
-3.40088353331067e-05,-3.4e-05
-4.234747321871868e-05,-3.2e-05
-8.205038898884809e-06,-1.8e-05
-2.1167031708858574e-05,-1.6e-05
-4.668283415399765e-05,-3.4e-05
-2.983000214246556e-05,-6.6e-05
-7.919425420702606e-05,-6.6e-05
0.00011336091692013671,-8.4e-05
-0.00014210996578294823,-8.4e-05
-0.0001294527272255409,-6.6e-05
-0.0002605079581364216,-3.4e-05
-1.678609409944631e-05,-5e-05
6.101534484788335e-05,-6.6e-05
-9.109955060693203e-06,-6.6e-05
-5.4333019192501846e-05,-6.8e-05
0.00015278333472767334,-5e-05
4.948084300809236e-05,-3.2e-05
-5.436304861427745e-05,-1.8e-05
3.297101762894639e-05,0.0
2.4793466757940917e-05,0.0
-1.2837373064142047e-05,-3.2e-05
-0.0001091713784378969,-5e-05
-8.469401360240283e-06,-6.8e-05
-3.8124892732512185e-05,-6.6e-05
-5.896329962144225e-05,-5e-05
0.0004219968149513625,-8.4e-05
-6.7728606774184e-05,-0.0001
-3.198304892656565e-07,-3.2e-05
-6.71686196948134e-05,-5e-05
-6.71686196948134e-05,-5e-05
4.101466020770157e-05,-3.4e-05
1.619719960891017e-05,-1.6e-05
-1.2851648134099416e-05,-3.4e-05
0.00011537155682542659,0.0
-0.0001215645060118651,0.0
-0.0002967897323489105,-1.6e-05
-1.2851648134099416e-05,-5e-05
-5.446940898007375e-05,-3.4e-05
-7.173446260589446e-05,-1.6e-05
-2.9355349902708834e-05,1.6e-05
-3.376399939231467e-05,0.0
-8.96330645341619e-06,0.0
-1.6802795191655493e-05,0.0
1.1941616344387745e-05,-1.6e-05
-4.179454378089921e-06,-1.8e-05
-1.2837373064142047e-05,-5e-05
2.0644653127196302e-05,0.0
-2.145273034558728e-05,3.4e-05
-9.254993716211632e-06,5e-05
-7.225882857805538e-05,3.4e-05
-2.1610081557127657e-05,1.6e-05
4.089816306295367e-05,3.4e-05
-8.205041364354579e-06,5e-05
3.3197200133656616e-05,3.2e-05
0.00015731833954289487,5e-05
-0.00011527921489886622,5e-05
4.52998932116553e-05,1.8e-05
3.820546303932482e-06,1.6e-05
7.054727010126106e-05,8.4e-05
0.00016593830232186695,8.2e-05
4.9179729021638546e-05,6.8e-05
-4.349974996236165e-05,5e-05
-4.738375241625299e-05,3.2e-05
0.00010270435283921656,-1.6e-05
-3.805838422004762e-05,-0.0001
-0.00018768740914281584,-0.0002
-0.00019736633063470788,-0.000266
-0.0003547448595801189,-0.000368
-0.00023592022261421344,-0.00045
-0.0003233696857863012,-0.0005
-0.0003981980739115402,-0.000532
-0.0007446270298137116,-0.00055
-0.000508942991695941,-0.000534
-0.0005294527021553866,-0.0005
-0.0005351258072630844,-0.000534
-0.0005299552635129183,-0.00055
-9.180194668397342e-05,-0.0006
-0.0005468948554055902,-0.0006
-0.0005717344830430668,-0.000632
-0.0005962293393881705,-0.000668
-0.0006256975413495079,-0.000682
-0.00045231785720020067,-0.000684
-0.0006670195641658578,-0.00075
-0.0006967897368643934,-0.00075
-0.0007173324254474571,-0.000766
-0.0007382845003545762,-0.000768
-0.0007587177615274521,-0.00075
-0.0007587177615274521,-0.00075
-0.0007587177615274521,-0.000732
-0.0007503198586795543,-0.00075
-0.000745700081151826,-0.0008
-0.0007586303458313539,-0.0014
-0.0006597739232687843,-0.0006
-0.0008950604487649028,-0.000584
-0.0008542070229945591,-0.000566
-0.0007962736116210683,-0.000584
-0.0005838027800441468,-0.000684
-0.000634966721489698,-0.0007
-0.000555711493638904,-0.0007
-0.0006682003072234434,-0.000616
-0.000555487826221541,-0.000616
-0.0006590426452118044,-0.0006
-0.000357661214459422,-0.000568
-0.0006004886060645265,-0.000432
-0.00045970823103454135,-0.00035
-0.00028768741520262614,-0.0003
-0.00025211770810668396,-0.0002
-3.330305516446863e-05,-6.8e-05
5.320407341114007e-05,1.8e-05
0.0001621483427468104,0.000166
0.00027032851122647805,0.000316
0.0001043701524189803,0.000518
0.00024991120657394134,0.000716
0.0005481473685099912,0.000734
0.0006020384350992035,0.00075
0.0006771683205914453,0.000816
0.00075306230447422,0.000784
0.00045737752899676037,0.000732
0.0007696991366793679,0.0007
0.0007331972453259821,0.0007
0.0007281470953955324,0.000734
0.0007160872796104546,0.0007
0.0006442945751012953,0.000616
0.0006864188420564304,0.000634
0.0012273051579068947,0.00075
0.0006736745724162087,0.000834
0.0007062961693822345,0.000982
0.0006901880916854347,0.000818
0.0008439012560359905,0.000716
0.0008351460375855399,0.000866
0.000843128242506776,0.000934
0.001010714546071218,0.0009
0.0008519357683638269,0.000984
0.0009199175666667798,0.001
0.0009535120971745767,0.001132
0.0010019390515973944,0.001284
0.0011363106253408774,0.001266
0.0009029584482535445,0.001
0.0011676573574754502,0.000784
0.0010783853401557422,0.0008
0.0009576695498113887,0.000934
0.0008772496340421391,0.000882
0.0008484839528984064,0.000668
0.0002809014120562871,0.00045
0.0003082822289693928,0.000316
0.0003204582571374602,0.000334
0.0003580366712103941,0.00035
0.00036121134815012083,0.000466
0.00036504379270022144,0.000534
0.0004189469696769348,0.000482
0.0004563321698150813,0.00055
0.0005071324051604409,0.00075
0.0005764733281896418,0.00095
0.0008854835930123366,0.001
0.0011364707033619814,0.00105
0.0009346757503561435,0.00105
0.001152516296192978,0.001134
0.0010573053764008117,0.0012
0.0011069374524462822,0.0011
0.0011196469688246526,0.001134
0.0011410997116085215,0.001166
0.0011490781295681938,0.001134
0.0011329189278902825,0.00115
0.0011456670239395842,0.001232
0.0011695745067671333,0.00115
0.0011655470731440124,0.001184
0.0011781652290746556,0.00125
0.0012030211879838762,0.00125
0.0012074274755534441,0.001116
0.0011986234210778267,0.00085
0.0011124505584279086,0.000618
0.0004037053172279237,0.000482
0.0004479646021072103,0.0005
0.0006088612775166832,0.000418
0.00021621389556245152,0.000216
3.966393780242335e-05,-3.4e-05
-0.00014772330790346707,-0.00025
-0.00035433298806253734,-0.00035
-0.00010989194649420408,-0.0005
-0.00027987201410402125,-0.000566
-0.0005335089719129154,-0.000534
-0.0004752291324513677,-0.00045
-0.0004264055726997726,-0.00035
-0.00038942179048739086,-0.0003
-0.0003970182381468293,-0.000366
-0.00036784017266780326,-0.000484
-0.00043942183296481226,-0.000516
-0.000517427481842095,-0.000466
-0.00048827825249747684,-0.00045
-0.0004796100947154777,-0.00055
-0.0004964877934550909,-0.000668
-0.0005356440687320995,-0.0007
-0.0005944603944151881,-0.000616
-0.0006349085758506869,-0.000584
-0.0005397870046829169,-0.00075
-0.0006641355562499123,-0.000966
-0.0007327280810000635,-0.00105
-0.0008420316259867523,-0.0011
-0.0009698193303664391,-0.001016
-0.0010342130614827067,-0.001034
-0.0012440647752155684,-0.001016
-0.0010423585791213825,-0.000968
-0.0010091099244364146,-0.00095
-0.0009928496582217688,-0.000932
-0.0005917864839710019,-0.0009
-0.0009381249078232884,-0.000884
-0.0009171452196547665,-0.00085
-0.0008922343498028706,-0.0008
-0.0008594510969150894,-0.000816
-0.0009884393470055393,-0.00085
-0.0008295417533790834,-0.000818
-0.0008214527245837346,-0.0007
-0.0007974153016375269,-0.000582
-0.0007401224390335495,-0.000468
-0.0004631546421902302,-0.000416
-0.0002543330017264852,-0.000266
-0.00025820505158294073,-0.00025
-0.0002940144023403433,-0.000218
-0.00011678610015925657,-0.00015
-0.00022210426257518933,-0.000282
-0.00022621252415918805,-0.0004
-0.00028546630307417216,-0.000434
-0.00031926410663341015,-0.0004
-0.0008177837110936224,-0.0003
-0.0002132845474356049,-0.00025
-0.0002252291173018421,-0.000234
-0.00044709725455186286,-0.000416
-0.000563788688179366,-0.0006
-0.0003786742357792088,-0.000666
-0.00048317902985676265,-0.000734
-0.0006069370521048999,-0.0008
-0.0007018525888950884,-0.000834
-0.000760097162277073,-0.0009
-0.0008184864291488085,-0.00095
-0.00035809588664141904,-0.000966
-0.0009137767173437499,-0.000984
-0.0009507772253030385,-0.00095
-0.0007885393737872296,-0.000932
-0.0009584797473337801,-0.000918
-0.0009466145655940762,-0.00085
-0.0009134393621844397,-0.00065
-0.0008402926216786338,-0.000416
-0.0007133479896170921,-0.000284
-0.0005553859727344808,-0.000166
-0.00038345669486411607,-6.6e-05
-0.00023624444175059914,-1.8e-05
-0.0001360292889369444,3.4e-05
-5.58282082643123e-05,-1.6e-05
-1.7378452796872193e-05,-8.4e-05
-2.2040636404611954e-05,-8.4e-05
-3.873458368240789e-05,-8.2e-05
-6.722507895250314e-05,-6.8e-05
-7.967379793880271e-05,1.8e-05
-5.5043291447057414e-05,0.000116
-5.963451044006662e-06,6.6e-05
3.131730131651617e-05,6.8e-05
6.613913342936699e-05,3.2e-05
-3.3802796024585657e-05,-1.6e-05
3.665435734751351e-05,-3.4e-05
-0.00020163845720137433,-5e-05
-9.223436049566289e-05,-5e-05
-4.179454378089921e-06,-1.6e-05
-6.35393791630005e-05,-3.4e-05
-3.7851649649051975e-05,-3.2e-05
-4.220094541946031e-05,-3.4e-05
-4.435429311294275e-06,-3.4e-05
-3.35561602908629e-05,-3.2e-05
-9.671146621885008e-05,-5e-05
-3.768741484591903e-05,-3.4e-05
7.344886667853229e-05,-1.6e-05
4.065946244367959e-05,1.6e-05
-3.330305516446863e-05,0.0
0.0002635902245601655,3.4e-05
2.0832966324452063e-05,3.2e-05
1.9645676211897267e-05,5e-05
-0.00024033094802936402,5e-05
0.00012350045719786536,3.4e-05
-6.721053268087128e-05,-3.4e-05
7.130027880877705e-05,-0.000166
-0.0002211942675456586,-0.000216
-0.00012112094827682378,-0.00015
4.15541626971639e-06,-1.8e-05
-0.00013931483312120356,-1.6e-05
-0.00010213851744369047,1.6e-05
2.412637443272033e-05,0.0
-5.4844574583747666e-05,-1.6e-05
2.4531252953488355e-05,-1.6e-05
6.206123164009278e-05,5e-05
6.177406604885205e-05,3.2e-05
1.1774067949886457e-05,-3.2e-05
4.299892798127695e-06,0.0
1.5854779141961426e-05,5e-05
2.3678284239694064e-05,0.0
4.299892798127695e-06,3.2e-05
-0.00016044436268035218,8.4e-05
4.074500561548885e-05,6.6e-05
4.469916670983645e-05,6.8e-05
6.202749908272549e-05,6.6e-05
8.677406016739532e-05,3.4e-05
0.00012263213846929483,3.2e-05
5.803669494394935e-05,5e-05
0.0001281470195891544,3.4e-05
4.4641351443774244e-05,3.4e-05
3.770687108811972e-06,3.2e-05
3.6892064382471046e-05,5e-05
1.1460617985447895e-05,3.4e-05
-1.2561271502825644e-06,3.4e-05
7.854726585234393e-05,5e-05
4.1794960432815675e-05,8.2e-05
4.951134580006343e-05,0.000134
7.864465190818431e-05,0.000134
9.910998391180383e-05,0.000132
0.00018647072468881628,0.000134
0.00013344383483896406,0.000134
0.00013344383483896406,0.000182
0.0001449745213642889,0.000284
0.0003580366712103941,0.000366
0.0002392677144137317,0.000368
0.0009446999954056362,0.0003
0.0003285580353809981,0.00025
0.0003197768604648288,0.0002
0.0001781815983670875,0.000116
8.696985298356009e-05,6.6e-05
0.00011571622949900852,3.4e-05
-0.000254204600060962,1.6e-05
3.5645713707281238e-06,-1.6e-05
3.731258415163169e-05,-3.4e-05
-6.60873991348915e-07,-1.6e-05
-3.796197449023541e-05,-5e-05
-2.93553449717693e-05,-5e-05
5.762364493181864e-05,-5e-05
0.0002888877195192174,-3.4e-05
-7.593218129495931e-05,-3.2e-05
-8.689999267742013e-06,-5e-05
-0.0006465359679621961,-5e-05
-4.171776265430591e-05,-6.8e-05
-4.662255341816733e-05,-6.6e-05
-5.871775855629654e-05,-3.4e-05
-5.4844574583747666e-05,-1.6e-05
-4.654684377252818e-05,-8.4e-05
-5.066086962484474e-05,-0.000182
-0.00018785164887688834,-0.000184
-0.00010484457761365279,-6.6e-05
-0.00013034933968517027,1.6e-05
-0.00033220411484946165,5e-05
-3.797250204614524e-05,-1.6e-05
3.70612313578751e-05,-1.8e-05
-0.00012546874504161312,-5e-05
6.518159921176758e-05,-3.2e-05
-2.9341222760937557e-05,-1.8e-05
1.6213905632058893e-05,-1.6e-05
9.06706315861645e-05,0.0
-4.682836737054451e-06,1.6e-05
-4.844586346661138e-06,1.8e-05
2.3770836742054067e-05,3.2e-05
-2.6516657321101187e-05,5e-05
-0.000154955260512388,8.4e-05
4.538540063415293e-05,0.000166
8.17237179303037e-05,0.000118
7.479346978784605e-05,0.0001
6.196985886501683e-05,0.0001
-1.1918301641999962e-06,0.0001
4.5666981936368885e-05,0.0001
4.442114431323076e-05,6.6e-05
-8.855131501870549e-06,5e-05
5.429989336256306e-05,5e-05
4.994810746768894e-05,5e-05
1.2312585718516335e-05,1.6e-05
1.619719960891017e-05,1.8e-05
-2.852892578144221e-07,0.0
4.088203395973069e-05,0.0
2.8644653501034986e-05,0.0
-2.852892578144221e-07,0.0
-5.189309674642558e-08,0.0
-4.886510661672901e-07,1.6e-05
-4.662255341816733e-05,-1.6e-05
1.669694663270162e-05,-1.8e-05
-4.8235774389656324e-05,-1.6e-05
-1.5058841687317429e-06,3.4e-05
0.00015731833954289487,3.2e-05
2.880573835835545e-05,3.4e-05
5.77450076811539e-05,1.6e-05
0.00015263612645875899,1.8e-05
3.344383864103286e-05,3.2e-05
3.731258415163169e-05,1.8e-05
2.0832966324452063e-05,8.2e-05
5.348202800732714e-05,3.4e-05
-2.154175352797423e-05,3.4e-05
0.00011573610118533949,6.6e-05
6.644384083800784e-05,3.4e-05
2.4531253261672077e-05,1.6e-05
5.370533300063426e-05,1.6e-05
-1.2687413330966464e-05,-1.6e-05
1.6213905632058893e-05,0.0
6.169610049837508e-05,0.0
2.8832965850785514e-05,1.6e-05
0.00010754895655509885,3.4e-05
2.4637798229517273e-05,0.0
1.2148349682648505e-05,-5e-05
-7.771652693711758e-07,-3.4e-05
3.6369501667105606e-06,-1.6e-05
-5.8205039463320174e-05,-3.4e-05
-8.785166254083618e-05,-5e-05
-0.0002600855344082325,-5e-05
4.475123496586918e-05,-5e-05
-7.954176710178084e-05,-5e-05
-6.316215242660045e-05,-3.2e-05
-2.5206531341024685e-05,-3.4e-05
-1.2851648134099416e-05,-5e-05
-0.0002226175536571519,-8.4e-05
-5.051915442257372e-05,-3.2e-05
-5.051915442257372e-05,3.2e-05
7.864465190818431e-05,6.8e-05
3.2918952762934586e-05,6.6e-05
7.005406273602952e-05,8.4e-05
0.0001330872194298254,0.000116
8.300092002709685e-05,0.000134
0.00022453124658208562,0.00015
-5.128036328253846e-05,1.6e-05
3.6369501667105606e-06,-1.6e-05
4.545315913978992e-05,0.0
2.932620126073566e-05,1.6e-05
9.84941095637297e-05,0.0
-5.4955274176335855e-05,-1.6e-05
-4.254265594338491e-07,0.0
-8.717762922800714e-06,1.6e-05
-2.852892578144221e-07,1.6e-05
-3.1983295473542343e-07,1.8e-05
3.5864409122829345e-05,1.6e-05
0.00017983866032199306,3.4e-05
-0.00015288805286873858,3.2e-05
2.4793466757940917e-05,3.4e-05
7.880574077189314e-05,3.4e-05
7.431760946790294e-05,3.2e-05
3.294248690460609e-05,8.4e-05
3.666982053955919e-06,3.4e-05
2.0644653127196302e-05,0.0
-9.245104570264262e-05,0.0
-3.768741484591903e-05,-3.4e-05
-0.0002649542652112655,0.0
-0.00010473821724785649,0.0
-4.697882859247798e-05,0.0
4.951134580006343e-05,0.0
-1.2972500531192679e-05,1.6e-05
3.820546303932482e-06,3.4e-05
0.00011644382907509437,0.0
6.948495834945646e-05,1.6e-05
-1.7303053800423823e-05,1.8e-05
-2.8528679234465177e-07,-1.8e-05
5.7530598102770124e-05,-1.6e-05
4.054896008867285e-05,0.0
1.644383904083758e-05,3.4e-05
-2.852892578144221e-07,1.6e-05
8.036694379513973e-06,3.4e-05
-8.880856066723542e-05,0.0
2.0644653127196302e-05,-1.8e-05
2.045824203986664e-05,-1.6e-05
-6.680280315250017e-05,-3.4e-05
-1.2949837933084204e-05,1.8e-05
-5.189309674642558e-08,1.6e-05
1.619719960891017e-05,0.0
2.4385901491493093e-05,-1.6e-05
-1.2687413330966464e-05,-1.8e-05
-4.246939562969131e-05,-3.2e-05
3.705016078224884e-05,1.6e-05
-2.1671481616232694e-05,3.4e-05
-5.536631729607532e-05,6.6e-05
-4.546841424645444e-06,5e-05
6.561596567551338e-05,0.0
-0.00016446921249115617,-1.6e-05
5.279736705272271e-05,-1.8e-05
0.00010651301053699444,0.0
0.00012064465425606704,5e-05
0.00010281592520810266,6.8e-05
2.4126375049087773e-05,3.2e-05
5.779495809865583e-05,3.4e-05
7.080574502081027e-05,5e-05
0.00017413841532308783,8.4e-05
0.0001166969440633677,8.2e-05
0.00014080611217982732,8.4e-05
3.3087224156445376e-05,6.6e-05
7.377449952749007e-06,3.4e-05
-8.717760457330944e-06,5e-05
0.00016522069282928146,5e-05
4.971471130662095e-05,8.4e-05
0.00011138305790088363,6.6e-05
4.52998932116553e-05,8.4e-05
6.644383837253806e-05,6.6e-05
0.0003299623669609141,8.4e-05
7.477088608477016e-05,8.2e-05
0.0003264695458023103,0.0001
7.463780002668753e-05,5e-05
-8.448470854483401e-05,5e-05
0.00017780944063653067,5e-05
-9.219080685174343e-07,1.8e-05
-0.00010042543015377436,-3.4e-05
-0.00010028527312839679,-6.6e-05
-8.868721171232379e-06,-3.4e-05
-6.285165116400455e-05,-3.4e-05
-4.234747321871868e-05,-3.2e-05
-3.768741484591903e-05,-3.4e-05
-7.145272844455288e-05,-5e-05
9.496676689743282e-05,-3.4e-05
2.8213790700967465e-05,-5e-05
-5.871775855629654e-05,-3.2e-05
-2.1103876235278645e-05,1.6e-05
0.00012267961355514958,-1.6e-05
7.904472368745568e-05,1.6e-05
0.00012436136965525253,3.4e-05
-1.2851648134099416e-05,5e-05
2.8879056729457326e-05,6.6e-05
2.8389919084353642e-05,5e-05
9.994810556665455e-05,6.6e-05
5.77949605641256e-05,6.8e-05
2.4793466449757195e-05,6.6e-05
2.845824179733788e-05,5e-05
3.143309025507318e-05,3.4e-05
-8.630401467037464e-06,3.2e-05
-2.977992352053569e-05,3.4e-05
1.6213905632058893e-05,0.0
-2.852892578144221e-07,-1.6e-05
-1.6802795191655493e-05,-3.4e-05
-4.493243578961518e-07,-5e-05
-7.520653437092981e-05,-6.6e-05
-0.00012545813365973115,-6.8e-05
-5.4844584445626733e-05,-8.2e-05
-5.8469396993736115e-05,-6.8e-05
2.4067813670236994e-05,-5e-05
-2.5468743912742358e-05,-8.2e-05
4.948084300809236e-05,0.0
2.8644653501034986e-05,0.0
-0.0001411018450566467,1.6e-05
-9.38611726035885e-06,3.4e-05
7.064465615710144e-05,6.6e-05
5.803669494394935e-05,5e-05
9.531716932275583e-05,5e-05
4.5666981936368885e-05,6.6e-05
0.00011571622949900852,6.8e-05
-2.647097216629809e-05,0.0001
5.7369600461442706e-05,0.0001
8.308722133085981e-05,0.000116
9.582053935437152e-05,0.000116
0.00016231257261900382,0.00015
0.00019128224673135006,0.000184
0.00021196985562738337,0.000184
0.00018271362489482914,0.0002
0.00013682280060367647,0.0002
0.00019179496582432643,0.000182
0.00029742982276291253,0.000184
0.00019128224673135006,0.000184
0.0003390485697967941,0.0002
0.00024971471849530194,0.000182
9.52998913106209e-05,0.000118
0.0005935227814151807,6.6e-05
4.49652389744761e-05,0.0
8.983978799806924e-05,-5e-05
-0.00013889189657530272,-8.4e-05
-0.0002016703899658109,-0.00015
-0.00017919426026683635,-0.000166
5.028974121544177e-06,-0.00015
-0.0002968691796467181,-0.00015
-0.0001668027894885523,-0.00015
-0.0002301905497681561,-0.000166
-0.00032103474784959306,-0.000284
-0.00018889189960520788,-0.000134
-0.00012119426148584832,-0.00015
-0.00013768740611291071,-0.000132
-0.00017657082291974293,-0.000134
-0.00018463766248717883,-0.000134
-0.00013768740611291071,-0.00015
-0.0002005983839868781,-0.00015
0.000275543413708712,-0.000166
-0.000150285286020181,-0.000316
-6.745297711598825e-05,-0.000168
1.9425623789581734e-05,-0.00015
-0.0002016703899658109,-0.000132
-0.000150285286020181,-0.000134
-2.134122700985469e-05,-0.000116
-0.00013365291138437387,-0.000118
-0.00012520653740083498,-0.000132
-0.00012520653740083498,-0.000168
-0.00026285165342174605,-0.0002
-0.000150285286020181,-0.00015
-0.0001631248805835169,-0.00015
-0.00015436305467408774,-0.0001
-0.0003108038372622582,-0.0001
-0.00012562205781367332,-0.000116
-0.00014171775885223712,-0.00015
0.00011041700301976563,-0.000134
-0.00012546874504161312,-0.00015
-0.00013785164584698319,-0.000132
-0.00014171777857599529,-0.0001
0.00036386364135538023,-6.8e-05
-9.220504112918051e-05,-8.2e-05
1.629632135546731e-05,-8.4e-05
-8.378609303134207e-05,-8.4e-05
0.00014312219420374895,-6.6e-05
-7.919425420702606e-05,-6.6e-05
-7.522910821212664e-05,-8.4e-05
-0.0001415769706665989,-0.000134
-8.81921143301751e-05,-0.000132
-0.00010473821724785649,-0.000118
-0.00015005189479005255,-0.0001
-0.00012134122320778589,-0.0001
-0.00011283738405489187,-6.6e-05
-9.646940639701695e-05,-0.000166
-0.00015051915062050495,-0.0001
-0.00010890030496783262,-0.00025
-8.805837738807369e-05,-0.000118
-0.00010031982915266662,-6.6e-05
-9.19853381872046e-05,-6.6e-05
-0.00012138195276835508,-8.4e-05
-8.402898125101729e-05,-8.4e-05
-7.522910821212664e-05,-0.0002
-0.00014283507030362873,-0.0001
-0.0001173030598602341,-8.2e-05
-0.00011770892549346053,-0.000118
-0.00012612029966817135,-0.0001
-0.00013523163057192793,-6.6e-05
-0.00015994093347746207,-6.6e-05
-0.00010443542797469525,-0.000118
-0.0002461794565182444,-0.000216
-0.00015923434956567959,-0.000216
-0.00020436305770399286,-0.000184
-0.0002188999408269708,-0.000166
-0.00019603475999858833,-0.000168
-6.680279329062109e-05,-0.00015
-9.097289942494413e-06,-0.00015
-0.00014246941155138067,-0.000132
-0.00048026070260164493,-0.00015
-0.000183652914414279,-0.000134
-0.0002382845686743156,-0.000116
-0.000134523892820294,-0.00015
-0.00016283736736103887,-0.000184
-0.00019171776188214228,-0.000184
-3.06427639752815e-05,-0.000166
-0.0001713553484485228,-0.000134
-0.00016750897892517188,-0.000132
-0.0004133809495612795,-0.000184
-0.0001545468406524818,-0.000216
-0.0006582159041654033,-0.000234
-0.00012198299485030425,-0.000234
-0.0002005983839868781,-0.000216
7.668279378772627e-05,-0.000166
-0.00017067379398582618,-0.00015
-0.00019235862623178597,-0.0002
-0.000183652914414279,-0.000218
-0.00014662254468515902,-0.000166
-0.0001685295847903791,-0.000166
-0.0003548948390370526,-0.000168
-0.00015470011397702573,-0.00015
-8.3786083169463e-05,-0.000116
-9.195256716304686e-05,-0.000116
-0.00013805839027985792,-0.00015
-0.00013342469764075844,-0.000184
-0.00014220093175551244,-0.0002
-0.00014185511510395813,-0.0002
-9.219080685174343e-07,-0.0002
-0.00011730304999835502,-0.00015
0.00013171212832135918,-0.000134
-0.00010051915745247886,-0.000116
-8.803015269016835e-05,-0.000116
-0.0001801209415957576,-0.0001
-0.0001168028061824053,-6.8e-05
-8.355615345888897e-05,-5e-05
-0.0001852792566158739,-3.2e-05
-4.325805996099373e-05,-6.8e-05
-0.0002095725953240114,-0.000132
-0.00010130274291605898,-0.00015
-0.00012984458899048445,-0.0001
-0.00011327825935882547,-8.4e-05
0.00013172372589114836,-6.6e-05
-0.00010077716393277213,-6.8e-05
-2.5229115044100577e-05,-5e-05
-6.730305683032897e-05,-5e-05
-5.871775855629654e-05,-5e-05
-5.4700107917215435e-05,-5e-05
-0.00018007971894123481,0.0
9.454702066941192e-05,1.8e-05
-2.1250093385346234e-05,3.2e-05
-1.7708929295529333e-05,0.0
-6.285166102588362e-05,-8.2e-05
-0.00017536221019189864,-0.00015
-0.00022935534722951076,-0.000234
-0.00021698914258541034,-0.000234
1.2770176907477736e-05,-0.000232
-0.0002457001100240492,-0.00025
-0.00023768741217272096,-0.000268
-0.0002463630649828151,-0.0002
-0.00023812490485213277,-0.000182
-0.0001461794504584341,-0.00015
-0.00013330305136239986,-0.000134
-0.0001294527272255409,-0.000134
-0.00015048865769041295,-0.00015
-0.0004664087861515227,-0.000116
-0.00039462696915685934,-0.0001
-0.0001969377925414939,-0.000116
-0.00040889332121312204,-0.00015
-0.00012119426148584832,-0.000134
0.0002847055530134498,-0.0001
-0.0001675662369950665,-5e-05
-0.00011303014434324185,-6.6e-05
-8.830390859134032e-05,-0.000134
-0.00014338731580792747,-0.000266
-0.00036678609558502413,-0.000384
-0.0005803198010408573,-0.000434
-0.00030737190334504766,-0.000482
-0.00039349218245575136,-0.0005
-0.00045111948110283356,-0.000518
-0.0004842774853953677,-0.000482
-0.0004958737139690079,-0.000484
-0.00030578461418457963,-0.000484
-0.0008468807513741893,-0.000466
-0.0006233862324750574,-0.000434
-0.0004675090168283609,-0.00045
-0.0002966225340511163,-0.000382
-0.0004337838361466123,-0.000368
-0.0004093529242254142,-0.000332
-0.00038406174086896865,-0.0003
-0.0003335089992408112,-0.0003
-0.00031680277885450957,-0.000334
-0.0003169127585299255,-0.0004
-6.296120677862033e-05,-0.000416
-0.0003636764478759011,-0.000368
-0.0003802814064878868,-0.0003
-0.000568615210139969,-0.000316
-0.00032569752317007715,-0.000334
-0.00048092949579282184,-0.000316
1.6506644417710438e-05,-0.0003
-0.00035113312388365957,-0.000334
-0.00032135533781448006,-0.000282
-0.0003084797473925297,-0.000318
-0.0003089853462088158,-0.000332
-0.00031701958240403817,-0.000384
-0.0004885668110791364,-0.000366
-0.0003506534026380596,-0.00035
-0.00044610384774913743,-0.000368
-0.00036730305528600166,-0.000366
-0.00036268738029996756,-0.000334
-0.00035484458290129943,-0.000316
-0.00034654683729726135,-0.000316
0.00034183094118701905,-0.0003
-0.00031680277885450957,-0.000268
-1.9782685226882856e-05,-0.000266
-0.00028803011550039353,-0.000466
-0.00032704666767470377,-0.000268
-0.0003191337720395887,-0.000266
-0.00031864091477106426,-0.00075
-0.0004424065503898456,-0.00025
-0.00012970010260019408,-0.000216
-0.00037595148930985584,-0.000168
-0.0003518287413859135,-0.00015
-7.145272844455288e-05,-0.0001
-0.00010896329278946831,-8.2e-05
-0.00012587363434881136,-8.4e-05
-8.827824798199382e-05,-6.6e-05
-8.330305819437377e-05,-6.8e-05
-7.520653437092981e-05,-6.6e-05
6.123393832846361e-05,-6.6e-05
-0.00013378385741469778,-8.4e-05
-0.00012561409927726186,-6.6e-05
-7.070010928126024e-05,-0.0001
-9.570010093433374e-05,-0.000118
-0.00012522911124203178,-0.000132
-0.00033620294902327253,-0.000184
-0.00017536221019189864,-0.000184
-0.00015524350351391739,-0.000216
-0.00017974855704198212,-0.000234
-0.00016397899820622312,-0.000282
-0.00038810791206232725,-0.00035
2.0062182196275426e-05,-0.00035
-0.00030521684608262093,-0.000418
-0.0003511933602410341,-0.000416
-0.0003843324691732654,-0.000466
-0.0006552918175729074,-0.00045
-0.00010930899109847378,-0.00045
-0.000425468773082923,-0.00045
-0.0004541794249414315,-0.000468
-0.00045470009270894024,-0.000916
-0.0005759425073957623,-0.000516
-0.0005922408799111439,-0.000484
-0.0006006013470660828,-0.000434
-0.00034610388113684345,-0.00035
-0.00019636306195291,-0.000282
-0.0004218901338526308,-0.00025
-0.00033075039497915083,-0.000234
-0.00020443542417262646,-0.00025
-0.00018330305439230498,-0.000184
-9.674484867951032e-05,-0.000166
-0.00020935863199565566,-0.000116
-0.0002312786897812514,-0.00015
-0.0001583474707806947,-0.000168
-0.000200285269326328,-0.000182
-9.738731065356375e-05,-0.00025
-0.00020470013673068902,-0.0002
-0.0002007708090805807,-0.000184
-0.00029605393755131545,-0.000134
-0.00016691278888772635,-0.000166
-0.0003139473309403578,-0.00015
0.00017528728478751127,-0.000166
-0.00015433301539043306,-0.0002
-0.00015087818219001634,-0.000234
-0.00017095527173831187,-0.000234
-0.00017219055098716807,-0.000216
-0.00022135535147842792,-0.000234
-0.00022970011852188344,-0.000216
-0.00017145274436624223,-0.000216
-0.00022070012823285473,-0.00025
-0.00022935534722951076,-0.000268
-0.0002380583963396682,-0.000266
-0.0002505191369565571,-0.000216
-0.0005734366433709705,-0.000168
-0.0003259484882687127,-0.0002
-0.00021337914257966778,-0.000182
-0.00019195255349909902,-0.000218
-0.00019246939485752766,-0.0005
-0.00027823687510629376,-0.000216
-0.00012684112413333443,-0.00025
-0.00029893997701434987,-0.0003
-0.0004924465926487848,-0.000366
-0.0002844011806868319,-0.000334
-0.00031356682019822665,-0.00025
-0.00031356682019822665,-0.000216
-0.00029300807647603296,-0.000284
-0.0002720823327860373,-0.000266
-0.00025462254649605216,-0.00025
-0.000254622526772294,-0.000218
-0.00025510388508981997,-0.000216
-0.00023803013219424657,-0.000266
-0.00023803013219424657,-0.00025
-0.00023803013219424657,-0.000218
-8.06053115884695e-05,-0.000132
-0.0001291942572369312,-0.00015
-0.0001671452136537057,-0.000134
-0.00010495526734436191,-0.000116
-0.00013330305136239986,-0.000118
-9.587367986788781e-05,-0.0001
-0.00012197094363407774,-0.000132
-0.00018824679464756302,-0.0002
-0.00013843933494466827,-0.00045
-0.00016285164736193578,-0.000184
-0.00015863040809128311,-0.00015
-8.810793333041271e-05,-0.000134
-0.00012545813365973115,-0.000116
-0.00014662254468515902,-0.000116
-9.595527705533322e-05,-0.000134
-0.00020005189781995767,-0.000216
-0.00024220504035701688,-0.00025
-0.00011465950427983291,-0.000284
-0.00025140491121108585,-0.000316
-0.0003209552611042691,-0.000318
-0.00029268999142843035,-0.0003
-0.0003504886303625172,-0.000316
-0.00027562205704150964,-0.000284
-0.0002417177649120474,-0.00025
-0.000287687395478868,-0.0003
-0.000288107906002517,-0.000332
-0.00029223437261528346,-0.000318
-0.00032522908391413607,-0.0003
-0.00031283735672699614,-0.000332
-0.00026742748641632745,-0.000318
-0.00032612466087646283,-0.000366
-0.00032960199888492286,-0.000366
-0.00038768740153867823,-0.00035
-0.000305034716899911,-0.0004
-0.0004256220266837088,-0.000418
-0.00038416864363811394,-0.000416
-0.00039668285536333364,-0.0004
-0.00040871774031811623,-0.000784
-0.00047197100429093004,-0.0004
-0.0005132259663295872,-0.000416
-0.0005040692116108229,-0.00085
-0.00030919390522743986,-0.0004
-0.000478454243040671,-0.0004
-0.0002887053583604838,-0.000384
-0.0005133917642405531,-0.000716
-0.0004936014975832005,-0.0004
-0.0002726427636499662,-0.0004
-0.00032217754239650785,-0.000366
-0.0003176284153704546,-0.000334
-0.00028793877477642456,-0.000334
-0.0002587177706759171,-0.000266
-0.0006353281396339449,-0.0002
-0.00019633300294549718,-0.0002
-0.0002340289903407327,-0.000266
-0.0003295417625275484,-0.000284
-0.00025462254649605216,-0.000216
-0.00024235864898544923,-0.000218
-0.00018401959880195063,-0.000182
-0.00019171776188214228,-0.000168
9.546222277109287e-05,6.6e-05
0.0004155725107909585,5e-05
5.762364739728841e-05,6.8e-05
-8.205041364354579e-06,8.2e-05
4.520407519458744e-05,0.0001
9.101465830666717e-05,8.4e-05
8.714834806383178e-05,0.000116
0.00030680424887656377,0.00015
0.00015366697881632248,0.000168
0.0001286991566127833,0.000182
0.00011585477903809728,0.000168
0.00022054726439815786,0.0002
0.00023607406321866957,0.0004
0.000353477899266608,0.000366
0.00020415540126916948,0.000166
0.00018294247966058427,0.000184
0.00019512631843687707,0.000184
0.00017453125341405958,0.0002
0.00020412630872590576,0.000216
0.000294134830898502,0.000216
0.00023716263715444408,0.000184
0.00016083127893480644,0.000184
0.00019959988374547728,0.000216
0.0002729725993483492,0.000216
0.00021621389556245152,0.000218
0.00020396522479313646,0.000182
0.00021644383513490462,0.0002
0.0003024301702040464,0.000218
0.00021644383513490462,0.000216
0.0002331971953031725,0.000216
0.00022854726014924072,0.000218
0.00022479347394662193,0.000232
0.0002326969416253437,0.000234
0.000298315281437311,0.000216
0.00022838992373051895,0.00025
0.00019128224673135006,0.000234
0.0002331971953031725,0.000234
-7.720881140276626e-05,0.000216
0.00023271364764849243,0.00025
0.00029128224292928126,0.000266
0.0002036669818462276,0.000218
0.00021694247146456555,0.000232
0.0002201553927713352,0.000218
0.00026214835866849976,0.00025
0.00017080574121874147,0.000282
0.00025363692586871997,0.000234
0.00022437795353378356,0.00025
0.000270547267428063,0.00025
0.00021214833591483648,0.000216
0.00019951134379516487,0.000218
0.00020363694256257295,0.0002
0.0001834438378688692,0.0002
0.00020828222290958254,0.000232
0.00022479345422286376,0.000234
0.00033918734615910156,0.000216
0.00022032620051686994,0.000218
0.00021694247146456555,0.000232
0.0002282006150998443,0.000234
0.0002805085739653154,0.000234
0.00021694247146456555,0.000232
0.0002331971953031725,0.000234
0.00025337745983032393,0.000234
0.00025356459884760265,0.00025
0.0002786446590968653,0.000266
0.0002620274914785879,0.000266
0.00025828224566324585,0.00025
0.00017405146313530608,0.000234
0.0002033774568004188,0.000234
0.00017774117670959122,0.00025
0.0002246377943235843,0.000216
0.00022080572452488846,0.000216
0.00013179968208376435,0.000218
0.00021169608986433235,0.000216
0.00021644383513490462,0.000216
0.0002452998708146991,0.000218
0.00024103667911047226,0.000216
0.0002786446590968653,0.000234
0.0002829189552769277,0.00025
0.00022915540278412204,0.000232
0.00019114487075587092,0.0002
0.00044103667150633465,0.000434
0.0002286446560669602,0.000234
0.0003456369361774473,0.000366
0.00030613476535385186,0.000434
0.00036497472009919805,0.000416
0.0003605588073356554,0.000416
0.00033186476288150484,0.000434
0.0009525784533590303,0.000434
0.0003161214563678367,0.000432
0.00042880573239559186,0.000418
0.0004293261634780029,0.000416
0.00043731258928348207,0.0004
0.0003746377836895416,0.000366
-0.0001671060619937881,0.000284
0.00036523586265703635,0.000234
0.00018319720213514644,0.000166
3.300091946266149e-05,8.4e-05
0.00019013679933896477,0.0001
0.00014452672302124644,0.000266
-1.889545141425136e-05,0.00035
0.00025730950935905623,0.000366
0.0002317237122272005,0.0003
0.0002160872098638869,0.000234
0.0001623125824808829,0.000184
0.00018269693859543858,0.0002
0.00022080572452488846,0.000232
0.0003536669712121849,0.00035
0.00035338539484090846,0.000368
0.00034566697546110204,0.00035
0.00035366699093594304,0.00035
0.00022753736428470617,0.000316
0.00022032620051686994,0.000234
0.00021231257564890895,0.000182
0.0002688565468798832,0.000184
0.00018269693859543858,0.0002
0.00018319720213514644,0.000216
0.00015193579497830843,0.0003
0.00022388906074064622,0.000384
0.00041593369225010766,0.000416
0.0006004490946678884,0.000434
0.0007308172188781547,0.000484
0.0005082822608127715,0.000516
0.00043285478325763967,0.000466
0.0008185093631704572,0.00045
0.0004783899191562865,0.000368
0.00014510516167636156,0.00025
0.00022029986929974653,0.0002
-0.00021729699100253574,0.000116
9.971470447464702e-05,0.000134
0.00017367456184091544,0.00015
0.000165938312183746,0.000266
0.0001865041071494765,0.00025
-4.317239474843094e-05,0.0002
0.00013689206058040224,0.000184
0.00022415645572981647,0.0002
0.00027080574727855175,0.000266
0.0003115554458048114,0.000334
0.00024452671921917766,0.000366
0.0002899124870973932,0.000384
0.00039179492863455163,0.000382
0.0003786446651566756,0.000384
0.00031231258170871925,0.000316
0.00036577491296713616,0.000234
0.0002038205510271437,0.000216
0.0005651774924525481,0.000218
0.00024162365815286413,0.000266
0.0002693490293970029,0.00035
0.0003118150301857563,0.000334
0.00024971471849530194,0.000282
0.00043234705427547395,0.000468
0.00023278948549855952,0.00025
0.00042929985198463764,0.000432
0.0005417949377242671,0.00055
0.00042227910137793216,0.000568
0.0006121626401549746,0.0006
0.0006536669893916157,0.00065
0.0006723691752071474,0.000666
0.0006200290271683839,0.000684
0.000614341760402338,0.000666
0.0004603950273078305,0.000666
-0.00015755187354840434,0.000668
0.0006708057123465185,0.000632
0.0006576236541705129,0.000584
0.0005082822608127715,0.00055
0.0006073819562083003,0.000516
0.0005033774355323333,0.000484
0.0005325725028908803,0.0005
0.0004910367139837562,0.0005
0.0005281021131073414,0.0005
-0.0003722746257640021,0.000484
0.0004856258165168364,0.0005
0.0004958205931792499,0.000516
0.0004952551919282685,0.000534
0.0005080367000238677,0.000532
0.0006120612205905935,0.000584
3.6936600628362205e-05,0.000584
0.0005578653035954937,0.000582
0.0005699460265642051,0.000568
0.0005793262120152347,0.000566
0.0005747934557084417,0.0006
0.0005661972107486389,0.0006
0.0006205472491898828,0.0006
0.00048632356418496994,0.000634
-0.00032379086691772713,0.000632
0.000616087234103128,0.000668
0.0006030437944993648,0.000632
0.0006071502414976141,0.00065
0.0006451262865347489,0.000618
0.0005262192437073142,0.00065
0.0009352159446442156,0.000616
0.000752171737346462,0.0006
0.0005830872171133345,0.0006
0.000427531972094595,0.000584
0.0011491076363103784,0.000566
0.0005871483783628832,0.000566
0.0006243858870000408,0.00055
0.0005661972107486389,0.000534
0.0005536669438842892,0.00055
0.0005497147366747328,0.000534
0.0005417948982767508,0.000532
0.0005373125953432924,0.000468
0.00024088204484661634,0.0004
0.0004821343957450609,0.000282
0.00020788202785682278,0.0002
-6.056699894868681e-05,0.0001
0.00011039090848773994,5e-05
0.00015577580358965763,1.8e-05
9.029173326126167e-05,3.2e-05
-1.316215432763485e-05,1.8e-05
2.916999618445373e-05,3.2e-05
1.6213905632058893e-05,3.4e-05
2.0644653127196302e-05,1.6e-05
2.4793466757940917e-05,3.4e-05
2.880573835835545e-05,3.4e-05
2.9299892136532734e-05,0.0
-6.29498360320498e-05,1.6e-05
2.0644653127196302e-05,1.6e-05
2.880573843540138e-05,1.8e-05
-2.9601960981733906e-05,0.0
4.044726539007278e-06,-1.8e-05
3.6369501667105606e-06,-3.2e-05
-8.469401360240283e-06,-1.8e-05
-9.244658813330188e-05,-6.6e-05
-8.05692664204597e-05,0.0
1.2312585718516335e-05,0.0
-2.1671481616232694e-05,3.4e-05
-2.974855288320625e-05,3.2e-05
0.0007125599615988554,1.8e-05
8.282237910129453e-06,3.2e-05
-2.1194260356977592e-05,-1.6e-05
1.601087542938984e-05,0.0
8.047436431293634e-06,0.0
-6.406843938959991e-05,-1.6e-05
-8.205038898884809e-06,-5e-05
-0.00017536221019189864,-6.8e-05
-3.416861749783843e-05,-6.6e-05
-0.0002861892379814567,-0.0001
-0.0001293553510315796,-0.0001
-0.00011758118457383516,-0.000116
-8.768741294488463e-05,-0.000118
-5.0777165833806545e-05,-0.000116
-0.00011268741445983719,-0.000134
-0.000964052655750102,-0.000132
-0.00012520653740083498,-0.000118
-0.00012119426148584832,-0.000132
-0.0001291670285888122,-0.000118
-0.0002005983839868781,-0.00015
-0.00012983000327133632,-0.000132
-0.00013328636506300927,-0.000168
-0.0001424693918276225,-0.00015
-0.00030971449409991603,-0.00015
-0.00015031984204445084,-0.000132
-0.00018830389492739246,-0.000134
-0.00014171777857599529,-0.0001
-0.0001294527272255409,-8.4e-05
-6.779708766246304e-05,-6.6e-05
-9.662255151713293e-05,-6.6e-05
-9.687544954406668e-05,-3.4e-05
2.8832965850785514e-05,1.6e-05
-3.8333190411340816e-05,0.000118
0.0004516531815654021,0.00025
8.480570306862854e-05,0.000332
0.00017599478585404748,0.000434
0.00028063151214983246,0.000534
0.0005369698753217669,0.00055
0.00048319719072894006,0.0005
0.0004075966963673612,0.00045
0.0004075966963673612,0.00045
0.0004864707428682471,0.000432
0.0004573696000459861,0.000368
0.00018812952233443857,0.000366
0.0004030675297845506,0.000334
0.00037411660310432106,0.0003
0.0003413099972868963,0.000266
0.00031557252445490634,0.000266
0.00022854726014924072,0.0002
0.0004947057669213845,0.000184
9.922282846309026e-05,0.000134
0.00022882678524967006,0.000116
0.000366013254860559,0.0001
0.0001327162352628782,6.6e-05
0.00010337744580966902,8.4e-05
9.103669467545456e-05,8.4e-05
0.0001246377981256531,8.2e-05
4.1144869062564816e-05,5e-05
2.4126375049087773e-05,5e-05
8.702750059767806e-05,6.8e-05
3.714834934849875e-05,5e-05
5.429989336256306e-05,1.6e-05
4.5530598312471405e-05,0.0001
5.774500521568413e-05,0.000134
0.0001330872194298254,0.00015
9.871579474339916e-05,0.0002
0.0001370501563638126,0.000182
0.0002525536773476446,0.000384
8.655544696305693e-05,0.000184
0.00029520405582753636,0.0002
0.00023539497422574108,0.000216
0.00024400394100954737,0.000284
0.00022005407182574491,0.000282
0.00024455806027086986,0.000184
0.00024043202758078258,8.4e-05
-5.9727092293723966e-05,1.6e-05
-4.6932507346474705e-05,-1.6e-05
-0.00022390873003659068,0.0
1.189206533298825e-05,5e-05
7.78957260186043e-05,5e-05
4.994810746768894e-05,6.6e-05
-6.840119678880374e-05,8.4e-05
6.214835147981876e-05,8.2e-05
7.01554157327268e-05,8.4e-05
-0.00014329394353686955,8.4e-05
8.344383673999846e-05,0.0001
8.731258286696473e-05,8.2e-05
8.731258286696473e-05,0.000118
0.00010691247581070286,0.00015
0.00011187511142626369,0.000166
3.950013075829517e-05,0.000134
0.00014155341579029991,0.000166
0.00015366697881632248,0.00015
0.00015366697881632248,0.00015
0.0001034531603862477,0.000134
0.0001497147124354917,8.2e-05
2.032620134096569e-05,8.4e-05
0.00011175319887717014,0.000116
0.0001497147124354917,0.000134
0.0001034531603862477,0.000166
0.00012426219859930002,0.000168
0.000758329889114459,0.000166
0.00015814487348983548,0.000216
2.6956904768476923e-05,0.000218
0.0001952998875085521,0.0002
0.00021566754746183813,0.0002
0.00018731258399583547,0.0002
0.0002367154601097832,0.000182
0.00019128223686947098,0.0002
0.000447497898541986,0.0002
0.0001952998875085521,0.000184
0.00019128224673135006,0.00015
0.00018299115789568586,0.000166
0.00017453125341405958,0.000134
0.00015803669853828984,0.000134
0.00015715848834500963,0.000116
0.0001370501563638126,0.0003
0.000141652527674978,0.00015
0.00017318510692067096,0.000184
0.00015804743812459972,0.000166
0.0001329710169087148,0.000166
0.00012415643980812714,0.000168
0.00017080574121874147,0.000182
0.00017032620734884387,0.000218
0.00018298038872373876,0.000316
0.0002101459602642093,0.000384
0.0004732258842463082,0.000432
0.0003355065970328933,0.000518
0.0004106756933563271,0.000516
0.0004610835837046685,0.000566
0.0004910366745362398,0.000518
0.0005456669875807226,0.000566
0.0009083245727894753,0.000566
0.000553482053375439,0.000618
0.0005661215109648787,0.000616
0.0005908653600328037,0.000666
0.0006156215561733272,0.0007
0.0006491274086645047,0.00075
0.00047041990351758385,0.000784
0.0005219770578055116,0.000834
0.0007831971300133383,0.00085
0.0008035121275323775,0.000832
0.0008243858596721451,0.000868
0.0008456368678577081,0.000916
0.0008912822201168685,0.000884
0.0008742481514226827,0.000832
0.0008742481514226827,0.00075
0.0012436339050098195,0.00075
0.0007623125103590748,0.00075
0.0007696180325858762,0.000734
0.000745820529433743,0.000684
0.0003292537515020427,0.000616
0.0006947044378254512,0.000516
0.0004676197215737541,0.00045
0.00041205016316641177,0.000384
0.0004893743561997886,0.000384
0.00043214208498083226,0.000316
0.0003823240533435719,0.000234
0.00032796845280253114,0.000216
1.3379396952647732e-05,0.000166
0.00023165980725081106,0.000134
0.000186514659360084,0.0001
7.054726517032152e-05,0.0001
-3.876606280040713e-05,6.6e-05
6.599116086482451e-05,1.8e-05
7.016524062975273e-05,-1.8e-05
4.038196272666474e-05,-3.2e-05
7.559359708649541e-06,-8.4e-05
-0.00011268742432171627,-8.4e-05
-5.5243507315986176e-05,-0.0001
0.00012685102075084915,-0.0001
-0.00013380279222251687,-0.000116
-0.00013768740611291071,-0.000116
-0.00010820504249322531,-0.000118
-0.00010028528299027585,-0.000116
-0.00011655617044868255,-0.0001
-2.990948888778946e-05,-8.4e-05
-6.750899258911973e-05,-6.6e-05
-9.196329688747768e-05,-8.4e-05
-0.00017573780971825173,-8.2e-05
-7.919425420702606e-05,-0.0001
-8.330304833249469e-05,-0.0001
-9.171776568421105e-05,-0.0001
-9.570011079621282e-05,-8.4e-05
-9.617944742852895e-05,-3.4e-05
-8.017319363315222e-05,-1.6e-05
-5.935863276781931e-05,3.4e-05
-3.398912143684088e-05,0.0
-4.6225510702846e-06,1.6e-05
5.7056993687664844e-05,-1.6e-05
-0.0001296269767668719,-3.4e-05
8.036694379513973e-06,-3.4e-05
-1.75089895592146e-05,-5e-05
-9.196329688747768e-05,-6.6e-05
-4.633301357953991e-05,-6.6e-05
-5.4333019192501846e-05,-6.8e-05
-6.268741142993207e-05,-8.2e-05
-6.283737116310765e-05,-8.4e-05
-0.00010820503263134623,-0.0001
0.0012281807349784626,-0.00015
-0.00015005189479005255,-0.00015
-0.0001217344656357996,-0.000166
-0.00014595525049960115,-0.000184
-0.00012546874504161312,-0.000184
-0.00014237633513669495,-0.000216
-0.000279610062872099,-0.000234
-0.00020503477001137518,-0.0002
-0.00020896330871115768,-0.000182
-0.00020847978078023576,-0.000218
-0.00020898534014900553,-0.000232
-0.00020846940608345153,-0.00025
-0.00022112095433663407,-0.000268
-0.00024246939788743278,-0.000282
-0.0012029453942903991,-0.0003
-0.00027545815261132567,-0.000318
-0.0002924694009173379,-0.000366
-0.00031727745081802444,-0.000766
-0.0004422408708214285,-0.000368
-0.0003092550094301727,-0.000366
-0.00047078793382988334,-0.0004
-0.00047917956452269106,-0.000366
-0.0003753622223115192,-0.000334
-0.000346300803138162,-0.0003
-0.0003509218824339278,-0.000234
-0.00012518116278598156,-0.00015
-0.00025624226151491037,-3.2e-05
-0.00018148369549350423,0.000166
0.00029489610879162025,0.000334
7.49049139523042e-05,0.000432
0.0002206294138508313,0.000534
0.0003631361108124479,0.00055
0.000460344455591947,0.0005
0.0005028750319648668,0.000384
0.0004903895380315061,0.000182
7.880574077189314e-05,8.4e-05
0.00028344406089001904,5e-05
3.611919076866594e-05,8.4e-05
4.5462228370331915e-05,6.6e-05
7.06446512261619e-05,6.6e-05
5.404472710344265e-05,5e-05
4.582054495361056e-05,5e-05
6.61972026388153e-05,5e-05
-5.9852920008809284e-05,5e-05
4.994810746768894e-05,6.8e-05
5.429989336256306e-05,0.000132
7.416230459627011e-05,8.4e-05
0.0001486233673116978,0.0001
9.541093606897663e-05,0.0001
-9.403294188233278e-06,0.00015
0.0009272921220470883,0.000134
0.0001664438321049995,0.00015
-3.1983295473542343e-07,0.0001
4.136959786466302e-05,6.6e-05
5.814486989549498e-05,6.6e-05
0.00010765252600911766,6.8e-05
7.463780002668753e-05,5e-05
6.231258381748193e-05,5e-05
5.8282238474564825e-05,5e-05
7.799057610444828e-06,3.2e-05
4.52998932116553e-05,5e-05
4.52998932116553e-05,3.4e-05
3.3197200133656616e-05,1.6e-05
3.269694645582782e-05,3.4e-05
3.3197200133656616e-05,3.4e-05
2.9299892136532734e-05,1.6e-05
2.4770886136702233e-05,0.0
2.0644653127196302e-05,-3.4e-05
-0.0008952503491083217,0.0
-4.955273611900483e-06,3.4e-05
4.959989314678514e-05,3.4e-05
5.429989336256306e-05,3.2e-05
2.4637798229517273e-05,3.4e-05
3.34438392574003e-05,6.6e-05
7.463780002668753e-05,5e-05
4.104743616279884e-05,1.8e-05
-0.0003425027173747498,3.2e-05
2.4637798845884714e-05,1.8e-05
0.00026062582260602145,0.0
0.00028974609747368295,-5e-05
-7.708092883089825e-07,-5e-05
2.4793466449757195e-05,0.0
-2.5622056684802573e-05,1.6e-05
-2.173445957598932e-05,-1.6e-05
-4.0010865038511923e-07,-3.4e-05
-8.96330645341619e-06,-3.4e-05
0.00013185794606532434,-5e-05
6.975649286236736e-05,-1.6e-05
0.0006201280404342712,1.6e-05
0.00011080786873492288,3.4e-05
8.999192227558029e-05,5e-05
2.038991894165275e-05,5e-05
6.216262408430635e-05,5e-05
4.582054495361056e-05,3.4e-05
4.582054495361056e-05,1.6e-05
3.7148348732131304e-05,3.4e-05
3.3197200133656616e-05,3.2e-05
2.880573843540138e-05,5e-05
3.269694645582782e-05,0.0001
0.00012865877221798164,0.0001
7.463780002668753e-05,8.4e-05
-7.771652693711758e-07,6.6e-05
8.714834806383178e-05,5e-05
7.453125721612838e-05,5e-05
6.214835147981876e-05,6.8e-05
5.8282238474564825e-05,3.2e-05
4.968016760969995e-05,1.8e-05
4.153059797146021e-05,1.6e-05
3.29803993577815e-05,0.0
-9.661460284260055e-05,-1.6e-05
8.036694379513973e-06,-1.8e-05
-4.844583881191368e-06,1.8e-05
-0.00017546875793339733,0.0
-4.363050515311845e-06,-1.8e-05
-4.873686286334154e-06,0.0
0.00015667804718223739,0.0001
0.0001616668069154611,0.0002
6.833622695134004e-05,0.00035
0.0005573774167140219,0.000484
0.0002798794058042516,0.0006
0.0004047954887881079,0.000684
0.0005263845288005683,0.000716
0.0003602613730628305,0.0007
0.0006738890880097925,0.000634
0.0006827361008306495,0.000516
0.000639547776571114,0.000316
0.0005378812707381259,0.0001
-8.768741294488463e-05,-8.2e-05
0.00020692475497901877,-0.0002
2.8664732903193923e-05,-0.000268
-0.00011596119342236292,-0.000266
-0.00041315467860784136,-0.000266
-0.00025896331174106284,-0.000284
-8.844455871067153e-05,-0.000284
-0.0002752291203317472,-0.000282
-0.00027919426632664663,-0.000318
-0.00031303013673910425,-0.0003
-0.0002963630680127203,-0.0003
-0.00024220504035701688,-0.000266
-0.0002964693790691212,-0.00025
-0.00019584458352255534,-0.000234
-0.0005194960701488145,-0.000216
-0.00010141233797819104,-0.0002
-0.00045581507675687076,-0.000234
-0.00022135535147842792,-0.0002
-0.0002128516503918409,-0.000166
-8.330304833249469e-05,-0.00015
-0.00015031984204445084,-0.000134
-0.0008630708799048718,-0.000116
-0.00014196329991738284,-0.000116
-6.283737116310765e-05,-0.0001
0.0001315682435056922,-0.00015
-0.00019617945348833924,-0.00015
-0.0001295417602698069,-0.000184
-0.00014674485170941545,-0.000166
-0.0005427807950366969,-0.0002
-0.00016655614389295047,-0.0002
-0.00046845323257827296,-0.0002
-0.00017573780971825173,-0.000184
-0.00019617945348833924,-0.000184
-0.00019220503732711173,-0.000166
-0.00018380279525242202,-0.000166
-0.00017522909454817877,-0.000168
-0.00017119424479199532,-0.000182
-0.00017067379398582618,-0.000184
-0.00017134122623769103,-0.00015
-0.00017520653056886102,-0.00015
-0.0001669127691639682,-0.000166
-0.00016285164736193578,-0.000168
-0.00015871778433986498,-0.000216
-0.00017561410230716699,-0.0002
-0.00018803014888809958,-0.0002
-0.0001964354284215436,-0.000184
-9.307977994102723e-05,-0.0002
-0.00012095527857028579,-0.00015
-0.00018400882963000352,-0.000132
-5.051915442257372e-05,-8.4e-05
-0.00014253047630659725,-5e-05
-0.00010497883723534504,-3.4e-05
-4.617945919144242e-05,-3.2e-05
-0.00012568238292795948,-8.4e-05
-0.00016716860603086556,-8.4e-05
-8.38027990544908e-05,-8.2e-05
-0.00015526101821115005,-8.4e-05
-8.355616332076804e-05,-0.000266
-0.0001309620385081831,-0.000168
-0.00017119424479199532,-0.000166
-0.0007674884434042883,-0.000166
-0.0001925679742007358,-0.000168
-0.00016705752182499353,-0.000166
-0.000246795942302821,-0.0002
-0.00019186872752698325,-0.000184
-0.00017984461174414774,-0.000132
-0.0001711288013624706,-6.8e-05
-0.00014727989809661183,-8.2e-05
-0.00011763332432849118,-6.8e-05
-8.815467863721611e-05,-6.6e-05
-7.116702980782417e-05,-5e-05
-6.678609712935144e-05,-1.6e-05
-5.051915935351326e-05,-0.0001
-5.875142701144986e-05,-0.00015
-8.025881446725917e-05,-0.000234
-0.00012696141933426008,-0.000384
-0.0007404664213755963,-0.0005
-0.0005002852875057587,-0.00055
-0.0006008900634378076,-0.00055
-0.0004976821853533127,-0.000482
-0.00016795621514110722,-0.000368
-0.00011095101368779383,-0.0002
-0.00040328636959024213,-3.2e-05
-0.00027472448797961023,5e-05
-0.00014148545242880664,3.2e-05
-3.994649520880193e-05,1.8e-05
-1.6802795191655493e-05,5e-05
3.7162626267558436e-05,0.0001
4.9229190043391505e-05,0.0001
6.613344065967242e-05,0.0001
8.696065678132504e-05,8.2e-05
9.52998913106209e-05,0.000118
9.968016817413532e-05,0.0001
0.0005511647484785124,6.6e-05
3.666982053955919e-06,3.4e-05
7.869916837569678e-05,1.6e-05
5.320407341114007e-05,5e-05
4.1036695343754064e-05,3.4e-05
3.3197200133656616e-05,6.6e-05
4.1036695343754064e-05,0.0001
1.5991159067654254e-05,8.4e-05
7.038991888972068e-05,8.2e-05
4.038196395939962e-05,8.4e-05
8.731258286696473e-05,1.6e-05
6.577491451146349e-05,-6.6e-05
2.7479287424301257e-05,-0.00015
-3.1176562834775207e-05,1.6e-05
7.453125721612838e-05,1.8e-05
-4.7216652737249495e-05,1.6e-05
2.179385419730355e-05,5e-05
2.4637798845884714e-05,5e-05
3.3087224156445376e-05,8.4e-05
4.9401621300768534e-05,8.2e-05
6.608722296339942e-05,8.4e-05
6.974990512714698e-05,8.4e-05
9.957456717302758e-05,6.6e-05
7.880574077189314e-05,0.0001
-0.0009738777697373639,8.4e-05
-7.304131937305844e-05,8.2e-05
1.189206533298825e-05,0.0001
9.128223080966073e-05,0.000134
9.948083494338355e-05,0.000134
0.00011194161007684918,0.00015
0.0001290447267173608,0.00015
0.0001417949627944213,0.000116
0.00013714834123185784,0.000116
0.00013257528928717485,0.000118
8.319720100627571e-05,8.2e-05
8.269694239750737e-05,8.4e-05
8.344383673999846e-05,6.6e-05
6.608722296339942e-05,6.8e-05
7.479346978784605e-05,6.6e-05
4.089004550374217e-05,8.4e-05
7.080574502081027e-05,3.2e-05
6.202749908272549e-05,1.8e-05
-0.00014336727646965225,0.0
3.272253864838826e-05,-1.8e-05
7.530597538334758e-06,-1.6e-05
-4.363050515311845e-06,-6.6e-05
-2.561409321745158e-05,-1.8e-05
-3.0025484309439545e-05,-1.6e-05
-0.00010935288632222521,-1.6e-05
0.0007514583684618777,-3.4e-05
-9.822972222581099e-05,-0.0001
-4.235862700394962e-05,-0.0001
-6.344455719571895e-05,-6.6e-05
-7.568237989805431e-05,-3.4e-05
-7.568237989805431e-05,-1.6e-05
-5.479591607240423e-05,0.0
-2.9610077308210526e-05,1.6e-05
-8.96330645341619e-06,1.6e-05
9.101465830666717e-05,3.4e-05
1.619719960891017e-05,3.4e-05
2.477088582851851e-05,8.2e-05
1.939468460946171e-05,8.4e-05
5.803669494394935e-05,6.6e-05
6.600091919416668e-05,3.4e-05
0.00016995935530922805,0.0
-8.717762922800714e-06,0.0
2.4317613834407116e-05,-1.6e-05
4.044726539007278e-06,1.6e-05
-2.852892578144221e-07,5e-05
8.269694239750737e-05,0.0001
3.6433178205513946e-05,0.000134
7.387531405338292e-05,0.00025
0.00013167434746263264,0.000332
0.00020170612470649544,0.000418
0.0004742622099467569,0.00045
0.0004704673983271967,0.000466
0.00041521562911108487,0.000434
0.0004495745341420286,0.0004
0.00043689207875983305,0.000332
0.000236401378985084,0.000268
0.0003569155925211968,0.000216
0.0003022885141730498,0.000166
0.00014933912277101765,0.000134
0.00017424816817528506,0.000134
2.045824203986664e-05,8.2e-05
6.231258628295171e-05,5e-05
9.910998391180383e-05,5e-05
7.814702642112832e-05,1.8e-05
4.943654468003383e-05,1.6e-05
3.3087223848261653e-05,-1.6e-05
1.6418821919100554e-05,-5e-05
-4.171776265430591e-05,-5e-05
-2.568238673002825e-05,-5e-05
-4.1868718437267807e-05,-6.8e-05
-0.00044966359161912684,-0.000116
-7.167148464613782e-05,-8.4e-05
-0.00013401960563392455,-0.0001
-1.7286362570093713e-05,-6.6e-05
-0.00010484458747553187,-6.6e-05
-7.935534800167444e-05,-6.8e-05
-7.536219427020927e-05,-8.2e-05
-7.067379778789496e-05,-0.0001
-7.934121592896362e-05,-0.000118
-9.246940852147552e-05,-0.000132
-0.00010846940002364124,-0.000134
-0.00012134122320778589,-0.000134
-0.00015433301539043306,-0.0001
-0.00012536219730011443,-8.2e-05
-0.00011305837890302626,-0.0001
-0.00010446940214809982,-8.4e-05
-9.171775582233197e-05,-8.4e-05
0.00038646407017818384,-8.2e-05
-9.595527705533322e-05,-0.000118
-0.00012983000327133632,-0.000132
-0.00014282351218135585,-0.000134
-0.00013328636506300927,-0.000134
-0.0001296737911068288,-0.00015
-0.00011268741445983719,-0.000116
-0.00013380280208439595,-0.000234
-0.00011303014434324185,-6.6e-05
-0.00014301822512176218,-8.4e-05
-0.00012662318646771247,-6.6e-05
-7.11942584559432e-05,-6.6e-05
-7.070010928126024e-05,-6.8e-05
-6.655615755689835e-05,-6.6e-05
-0.00011424964458558213,-6.6e-05
-0.00014263041658911738,-0.0001
-7.536219427020927e-05,-0.000118
-8.805837738807369e-05,-0.000116
-0.00012536219730011443,-0.00015
-0.00013391277189793278,-0.00015
-0.00013391277189793278,-0.000166
-0.0001421179539049969,-0.000184
-0.00016285164736193578,-0.000166
-0.0001668027894885523,-0.000168
-0.00017119424479199532,-0.00015
-0.00016730306289013924,-0.000132
-0.00011737843420198478,-0.00015
-0.00015031984204445084,-0.000134
-0.00014171775885223712,-0.000134
-0.00013768740611291071,-0.000116
-0.0001380301261344363,-0.0001
-7.14878268721717e-05,-0.000134
-0.00012135534541861762,-0.00015
-0.00012546874504161312,-0.000182
-0.0001422343438018099,-0.0002
-0.00016714523337746387,-0.000184
-0.00017945275984108326,-0.000184
-0.00018768740914281584,-0.000166
-0.00018380279525242202,-0.00015
-0.000150285286020181,-0.00015
-0.00010468283293498566,-0.00015
-0.00015417944620951696,-0.00015
-2.0359920732751146e-05,-0.00015
-0.00010468283293498566,-0.00015
-0.00015005189479005255,-0.000166
-0.00015417944620951696,-0.0002
-0.00016700884358989196,-0.000168
-5.479591607240423e-05,-5e-05
6.553102777653218e-05,6.8e-05
-9.012237005914549e-05,0.0002
0.0003746378231370579,0.000366
0.00044113126665039755,0.00045
0.0005665007199389723,0.000466
0.00036788326437027583,0.000368
0.0004113618040071552,0.000232
0.00037670199332195297,0.00015
-0.0005761674765811629,0.0001
0.00020998532997787734,5e-05
0.00013133272210968412,3.4e-05
8.237155955939116e-05,3.4e-05
5.382679929969978e-05,1.6e-05
0.0002064545208610865,1.6e-05
2.4770886136702233e-05,1.8e-05
-0.00047317738823410396,5e-05
2.4637798845884714e-05,3.2e-05
2.8658775865958586e-05,-1.6e-05
0.0003475839275152037,-5e-05
3.0211645755480853e-06,-6.6e-05
2.02006072291409e-05,-3.4e-05
-4.1963303719451625e-05,-5e-05
1.1696101166674597e-05,-6.6e-05
-0.00025598151343223495,-6.8e-05
-5.4844584445626733e-05,-6.6e-05
-6.268741142993207e-05,-5e-05
-6.268742129181113e-05,-3.4e-05
-5.4844584445626733e-05,1.8e-05
-3.378386121676656e-05,3.2e-05
-9.352882727884716e-06,6.8e-05
-2.9945933461901677e-05,6.6e-05
9.8775602109034e-05,6.6e-05
5.762364739728841e-05,3.4e-05
0.00011169609366640116,6.6e-05
5.765252544468229e-05,3.4e-05
-5.983792636668385e-07,3.4e-05
4.165252654610725e-05,3.2e-05
-0.00021136511018797697,0.0
2.4637798537700995e-05,-3.2e-05
7.828628454843552e-06,-8.4e-05
-2.2063427207148372e-05,-5e-05
-4.225499344771684e-05,-5e-05
-5.446940898007375e-05,-1.6e-05
0.00043341383345849835,1.6e-05
-2.568238673002825e-05,1.6e-05
-9.178660306721148e-06,-1.6e-05
-1.3107933716494549e-05,-3.4e-05
-3.4360776211565e-05,-1.6e-05
-3.495622167714056e-05,-1.6e-05
-2.0700106251355104e-05,-3.4e-05
-2.5229115044100577e-05,0.0
1.624246563385269e-05,5e-05
8.299116169775467e-05,6.6e-05
1.9512176571261036e-05,6.8e-05
4.531716382738092e-05,8.2e-05
6.621390373102449e-05,6.8e-05
4.582054495361056e-05,8.2e-05
6.060234661061777e-05,0.0001
8.271363362783749e-05,0.0001
8.716262313378915e-05,0.0001
9.52998913106209e-05,0.000134
0.0001667136333926634,0.00015
0.0003111403001433778,0.000184
-0.0003766739311231868,0.000166
0.00015803669853828984,0.000166
0.00016619719637127672,0.000168
0.00017080574121874147,0.000166
0.0001664438321049995,0.000166
0.00012045823515596064,0.00015
0.0001623125824808829,0.000168
-0.00010608966943218607,0.00015
0.00015828223960343555,0.00015
0.00016231259234276196,0.00015
0.0001542998944914338,0.000182
0.0001576525191771437,0.00015
0.00015765252903902278,0.000134
0.0001535645730640342,0.000134
0.00014951134076525975,0.000132
0.0001373125908278094,0.000134
0.00013344383483896406,0.00015
0.00013731258096593034,0.0002
0.00015331715824186474,0.00025
0.00018237156561920142,0.000284
0.00021974119385029256,0.000416
0.00028551617974944654,0.000534
0.0004069374494751265,0.000616
0.00021864682112962346,0.000666
0.0005556546647826147,0.00065
0.0006152358383590458,0.00055
0.0006816235230812126,0.000434
0.00022463777459982617,0.000216
6.13830622673878e-05,3.4e-05
-2.1194260356977592e-05,-5e-05
0.0001538911491895182,-8.4e-05
-0.00038972265669413294,-0.000132
-5.950302053931897e-05,-0.000168
-0.00010961804266484603,-0.000216
-0.00015120056701689453,-0.000266
-0.0001967518961209783,-0.000284
-0.00023462407584772215,-0.000284
-0.00026319210521108494,-0.000316
-0.000287949859528502,-0.0003
-0.0002963329892815493,-0.0003
-0.0003002852753861383,-0.000316
-0.00030820503488908775,-0.0003
-0.0003041794158517161,-0.000268
-0.00029643539503383757,-0.000316
-0.0003004886470563702,-0.00035
-0.00030923433893163685,-0.0004
-0.00033469613279603566,-0.000384
-0.00036330390553206046,-0.000582
-0.0004312361972020697,-0.000268
-0.00048074346130599926,-0.000282
-0.0003821113373210533,-0.000268
-0.0002928439156369931,-0.00035
-0.0003533246700986544,-0.00035
1.381805333379004e-05,-0.00035
-0.00033038191572948804,-0.000316
-0.0003418687168929405,-0.000284
-0.00032568241477133814,-0.00035
-0.0004301905618877766,-0.00035
-0.00032568237532382187,-0.00035
-0.0003668027818844147,-0.000366
-0.0003541794188816212,-0.000366
-0.0003582050379189929,-0.000384
-0.00033421053387050855,-0.000366
-0.0005822005797225212,-0.000334
-0.0003629498246258434,-0.000234
-0.00011377668858902585,-0.00015
-0.00027311203130374936,-8.2e-05
-0.0002023376644276106,-8.4e-05
-0.00013903994310393827,-0.0001
-4.223435253481821e-05,-0.0001
-1.3616934881060603e-05,-0.000116
-0.00014584460021640835,-0.000134
-0.00010503475408968581,-0.00015
-0.00012546874504161312,-0.0002
-0.00022945274314723022,-0.000234
-0.00018048782322101068,-0.000216
-0.00020077716013070337,-0.000216
-0.0002168028122422156,-0.000218
-0.0002211942675456586,-0.0002
-0.00021268741065776843,-0.00015
-0.00019668284324371308,-1.6e-05
-0.0001479615709018573,-5e-05
-0.0003309383623942716,-0.00015
-0.00029217865299852416,-0.000284
-0.00012758366445621503,-0.000382
-0.00021963908866345049,-0.000518
-0.0003368389613284126,-0.000682
-0.0004702101855063033,-0.000818
-0.0009807867655304205,-0.00095
-0.0007459756615006264,-0.001032
-0.0010002852783572939,-0.000984
-0.0009479703767289558,-0.000866
-0.0009595030948013695,-0.000768
-0.0009150545012914083,-0.0006
-0.0008079884194286756,-0.0004
-0.000662888699155025,-0.000266
-0.0005132421792587823,-0.000116
-0.00034991384060265886,-5e-05
-0.00016428822728641867,0.0
0.0006705773901222332,1.6e-05
-3.8776698836986756e-05,5e-05
9.088203575690095e-05,8.4e-05
0.0001288057339399192,0.000116
6.557252409819926e-05,0.000166
0.00010293917404181053,0.000184
0.00013651466619205797,0.000184
0.00036976108448821804,0.000182
0.00017880573696982434,0.000268
0.0002035892505153786,0.000216
0.00021163636632466962,0.000134
0.00019878669292092168,0.0001
0.0009744308783779471,5e-05
0.00012350045719786536,1.6e-05
7.387531405338292e-05,3.4e-05
4.922283529506419e-05,6.6e-05
4.1036695343754064e-05,0.000116
5.7056993687664844e-05,0.000118
0.00011671363036275828,0.000132
0.00010737744861614998,6.8e-05
0.00010789816076211456,1.6e-05
-5.3472857704999e-06,-1.6e-05
4.860959653417218e-05,-1.8e-05
7.794959999690226e-06,-3.2e-05
-1.2938767973825382e-05,-1.8e-05
-2.1167031708858574e-05,1.8e-05
-1.2961972975282845e-05,5e-05
3.7053324361988853e-06,8.2e-05
3.20777606736714e-05,0.000118
6.60777604904294e-05,0.000132
9.470532848322233e-05,0.000118
0.00011203802473760092,0.00015
0.00026488370861930727,0.000166
0.00011671363036275828,0.000166
0.00014951134076525975,0.000184
0.00016619719637127672,0.000216
0.00018249100283664778,0.000234
0.00019933913566280186,0.000266
0.00022426217507347308,0.000284
0.00024933909924519074,0.00025
0.000258036684874342,0.00025
0.00026214835866849976,0.0002
0.0002452551373312265,0.000384
0.00026930419729473957,0.00015
0.00024383802475603256,0.00015
0.00021861171284012556,0.000182
0.0002116961095880905,0.000184
0.00016608722655773992,0.000184
-0.00036925030303261387,0.0002
0.00018731258399583547,0.0002
0.00019179496582432643,0.000216
0.0001997147154653968,0.000216
0.00020779494746461308,0.000234
0.0002161971895393028,0.000216
0.00022029986929974653,0.000184
0.00021205015104679124,0.000166
0.00019933913566280186,0.000218
0.00019545316083309603,0.000266
0.00020755414010142215,0.000316
0.00024011830148372998,0.000368
0.00029061270023529487,0.000382
0.00033186225796422045,0.000268
0.00033238032219565407,0.000132
0.00028502079783987954,0.000118
0.0002223232902003143,0.000116
0.00015692414051261114,6.6e-05
0.00010737744368521044,5e-05
8.675319736221757e-05,5e-05
6.982679819827482e-05,5e-05
5.382054686836785e-05,3.4e-05
-4.219389417592351e-05,-5e-05
1.9969454029194447e-05,-0.000116
-2.216095132929577e-05,-0.0002
-8.513204228714923e-05,-0.000368
-0.00018645234685529924,-0.000516
-0.0003038243093100755,-0.001384
-0.0006283247853819233,-0.00085
-0.0007891764511753095,-0.000932
-0.0009281783743808864,-0.00105
-0.0010590425116609804,-0.001068
-0.000977209585858231,-0.00105
-0.0010263447809885154,-0.00095
-0.0010306537909829127,-0.00085
-0.0004972956785887055,-0.000766
-0.0009066419239674506,-0.000616
-0.0007985354533100915,-0.000518
-0.0006906954111777533,-0.000416
-0.000370700117598812,-0.000334
-0.00047363127135653405,-0.000232
-0.00037760875836422193,-0.00015
-0.00028549801887726913,-6.8e-05
0.00024242751963981718,-1.6e-05
2.355729747449844e-05,0.0
-5.995156838517094e-05,0.0
-2.1693996286155084e-05,-1.6e-05
-8.205038898884809e-06,0.0
-4.179454378089921e-06,1.6e-05
-2.852892578144221e-07,0.0
8.036694379513973e-06,-5e-05
-9.117965371969793e-06,-0.0001
-3.462843254053066e-05,-0.000116
-6.762843966844518e-05,-0.0001
2.8826798324068725e-05,-8.4e-05
-0.00010028527312839679,-0.0001
-0.00010028528299027585,-0.000116
-0.00010028528299027585,-8.4e-05
-0.0011678388404832152,-6.6e-05
-0.00014316021645664723,-5e-05
-7.961009019999474e-05,-6.8e-05
-6.730305683032897e-05,-3.2e-05
6.585477600819214e-05,0.0
-6.268742129181113e-05,-3.4e-05
-3.8124887801572644e-05,-3.4e-05
-8.409876390733391e-05,-5e-05
-2.9955272661383282e-05,-1.6e-05
-2.5229115044100577e-05,0.0
-2.5468743912742358e-05,0.0
-0.00010042543015377436,-5e-05
-0.00011987302609899673,-5e-05
-2.5622056684802573e-05,-8.4e-05
-4.6744845649605176e-05,-8.2e-05
-5.084464574135973e-05,-8.4e-05
-7.536219427020927e-05,-0.000116
-9.185512193593205e-05,-0.00015
-0.00010869000039661276,-0.00015
-0.00012568238292795948,-0.000168
-0.00025574352656645874,-0.000182
-0.00016283736736103887,-0.0002
-0.00017545814655151536,-0.000218
-0.00044309727640007957,-0.00025
-0.00021312488361342204,-0.000282
-0.00023827825707170927,-0.000318
-0.00026792223716563384,-0.000332
-0.0002962946660194738,-0.0003
-0.00030846937269574554,-0.000334
-0.0003213412156036483,-0.000316
-0.00032084457137356004,-0.000334
-0.00032135533781448006,-0.00035
-0.0003338027648946211,-0.000334
-0.0003338027648946211,-0.000332
-0.0003376874379562894,-0.00035
-0.00034171775124809954,-0.000368
-0.00034636305131886726,-0.0004
-0.0003631248927031374,-0.000382
-0.0003754581586711359,-0.000368
-0.0003798300480064992,-0.00025
-0.0003514599071086041,-0.0001
4.959989314678514e-05,5e-05
0.00014948083797328867,0.0002
0.0002903183428687406,0.0004
0.00013291296002661534,0.0014
0.000802641363057797,0.000884
0.0007094886568755661,0.000934
0.00089572164360012,0.00095
0.0010368392948943827,0.001
0.0009409721262212198,0.001016
0.0008942131705771989,0.000984
0.0009868919542987244,0.001
0.0009997146850488465,0.001
0.0014640128196248686,0.000932
0.0009783060445881894,0.000834
0.0009398133159826912,0.0007
0.0008637027257879694,0.000534
0.0007462940574192855,0.000516
0.0005031560955184314,0.000516
0.0005645795075531114,0.0005
0.0005161971682712174,0.000518
0.000706603623324197,0.00045
0.000495317203423876,0.0004
0.0003159710035407075,0.000316
0.00021925648249388195,0.00025
0.00017080574121874147,0.000184
0.0002855161994732047,0.000132
0.00021878332925974423,8.4e-05
0.00016097007502087203,6.6e-05
0.00011536233596849387,8.4e-05
-0.0004066374755465749,6.6e-05
7.477088608477016e-05,6.8e-05
8.706122822410582e-05,0.0001
7.91554134181648e-05,0.0001
8.308722133085981e-05,0.000116
9.55645693521067e-05,8.4e-05
0.00022377083653432576,0.000132
0.00010755341905537913,0.00015
0.00011989612777258947,0.000168
0.0001327225370036055,0.000182
0.00012777684409629112,0.000168
0.00010813127585962899,0.00015
0.0005434729956197179,8.2e-05
0.00014454702863025658,8.4e-05
0.00012004307963264796,5e-05
9.059670694063746e-05,3.4e-05
6.196985639954705e-05,5e-05
5.779495809865583e-05,5e-05
6.61972026388153e-05,5e-05
7.083296873798976e-05,8.2e-05
5.765252791015206e-05,0.0001
6.996523432575425e-05,0.0001
8.24910066387166e-05,0.000134
0.00010353060079166406,0.000134
0.00011657529778500911,0.000182
0.00013677407305917952,0.00025
-0.0002266870580563959,0.000318
0.00021927508199781257,0.000332
0.00026901699965239186,0.000368
0.00031593830154970327,0.000366
0.0009613251511459622,0.00035
0.0003536369319285302,0.000334
0.0003541554103588849,0.0003
0.00033689205297626464,0.000282
0.00035297695525724415,0.000318
0.00030801465646639926,0.000366
0.0003157225236355982,0.001134
0.0005162503829706923,0.000466
0.0005628321009240231,0.000484
0.0004997147336448277,0.000532
0.0006471023309682527,0.000568
0.000511504136705739,0.000632
0.0005526600460309927,0.000668
0.0006578653491028203,0.000716
0.0007871483510349874,0.000734
0.0006865040881391326,0.000782
0.0011302602441873842,0.000834
0.0007653623556335026,0.000816
0.0007905540918013816,0.00065
0.0002799841586837591,0.000618
0.0007271097046121438,0.000632
0.0006770180255543812,0.000534
0.000607395802286518,0.000484
0.0010493050256220823,0.0004
0.000510417002604309,0.000332
0.0004355782003347695,0.0003
0.00036543377084626217,0.000234
0.00031501700480675553,0.00015
-0.0002284902237497597,3.4e-05
0.0001770344744552599,3.2e-05
0.00011039498144379687,0.0
5.258461427002311e-05,3.4e-05
-2.0700106251355104e-05,5e-05
2.854726605836786e-05,5e-05
3.2991159900584415e-05,0.0
3.2991159900584415e-05,0.0
2.4377943879632793e-05,0.0
1.1960659632876635e-05,-3.4e-05
-8.868721171232379e-06,-5e-05
-2.154175845891377e-05,-8.2e-05
-0.00010468283293498566,-0.0001
-6.714522731765356e-05,-8.4e-05
-7.945272419563575e-05,-8.4e-05
-8.768741294488463e-05,-0.000116
-9.633301660944505e-05,-0.000134
-0.00011285165419390969,-0.00015
-0.00012161008761693794,-0.00015
-0.00013785164584698319,-0.000166
-0.00036793042858507426,-0.00015
-0.00015417944620951696,-0.000166
-0.00015820504552313045,-0.000134
-0.0001296737911068288,-0.0001
-0.00013810793636031787,-0.0001
-5.051915935351326e-05,-8.4e-05
-0.000104955277206241,-8.2e-05
-9.171775582233197e-05,-8.4e-05
-0.00010028528299027585,-0.000134
-9.654683200961471e-05,-0.000132
-0.0004793241791174094,-0.000168
-0.00013024351186084388,-0.00015
-0.00014636305892300487,-0.00015
-0.00015031984204445084,-0.000132
6.961824411059031e-05,-0.0001
-0.00013350898712119062,-8.4e-05
-0.00011714522048567962,-0.0001
-0.00010443542797469525,-0.000116
-0.00010028528299027585,-0.000134
-0.00010896330265134739,-0.000216
-0.00014260864156012543,-0.00025
-0.00018038174884970747,-0.0002
-0.00020104682335206028,-0.000218
-0.00022145274739614738,-0.0002
-0.00021750900167883514,-0.000282
-0.0002885941360883048,-0.000368
-0.00026863227273509166,-0.0005
-0.00042304598552743753,-0.00065
-0.0010333686479490078,-0.000832
-0.0009672774113117586,-0.0009
-0.0007243862725203297,-0.000834
-0.000806307245179438,-0.000734
-0.0008264697386005008,-0.00065
-0.0007818636706055108,-0.000482
-0.0006782007259730971,-0.0005
9.943654031352966e-05,6.6e-05
-0.0003982463576714789,0.000166
-0.00019507815772856128,0.000168
-3.1876618182611726e-05,0.000182
0.00019582055527606084,0.000184
0.00017479346105483772,0.0002
0.00018321390815829514,0.000166
3.198055151528688e-05,0.000134
0.00017038991508765188,8.4e-05
0.00014497693752466164,1.6e-05
9.859508041261292e-05,-3.4e-05
4.8410303983671574e-05,-0.00015
-0.00024678972931900533,-0.000216
-2.311931394473727e-05,-0.000216
-0.00015584395388312222,-0.000184
-0.00019217864693871385,-0.0002
-9.217138253590625e-05,-0.000184
-0.00019633302266925534,-0.000182
-3.078895647065141e-05,-0.000218
-0.00019636306195291,-0.000182
-0.0001918834217268012,-0.000218
-0.00020044933154657717,-0.0002
-0.00020487368607860588,-0.000182
-0.0003355433471033912,-0.00015
-0.00015077715710079821,-0.0001
-0.00015894300993412146,-6.8e-05
-0.00012609252861670335,-8.2e-05
-0.0001007708128826495,-0.0001
-8.78373825399393e-05,-8.4e-05
-8.378609303134207e-05,-6.6e-05
-8.330305819437377e-05,-6.8e-05
-7.984458596057931e-05,-6.6e-05
-7.11942584559432e-05,-6.6e-05
-6.655616741877741e-05,-6.8e-05
-6.705751576518325e-05,-6.6e-05
-6.655615755689835e-05,-5e-05
3.896122814204158e-06,-5e-05
-5.871775855629654e-05,-3.4e-05
-5.028528982224979e-05,-1.6e-05
-3.7851649649051975e-05,-3.4e-05
0.0011010832832388142,0.0
-2.1355344289746897e-05,3.4e-05
-4.6225510702846e-06,8.4e-05
1.9917660056673414e-05,0.000116
-0.0005087483970980836,0.00015
9.493916842884858e-05,0.000166
0.00012821378451047483,0.0002
0.00015724856674845732,0.0002
0.00017845823393694863,0.000184
0.00018714834426176297,0.0002
0.00014435051096598,0.000184
0.00019179496582432643,0.0002
0.00019179496582432643,0.000232
0.00020356457609393936,0.000284
0.00022405146616521124,0.0003
0.00025300558809426024,0.000334
0.00028658654865645336,0.000316
0.0003080366879042471,0.000334
0.00032064464665192946,0.000266
0.0003118078704615497,0.000166
0.0002688806690360944,5e-05
-6.268742129181113e-05,-5e-05
0.00010504855601131326,-0.000116
9.858241382733933e-06,-0.000184
-7.714124766924095e-05,-0.00025
-0.0001518526147374064,-0.000382
-0.00023543568877162614,-0.000534
-0.0003408227265510008,-0.000634
-0.00045362629186801624,-0.000766
-0.0005824812488009229,-0.0009
-0.0007119177015714573,-0.000966
-0.0008196655943057426,-0.00095
-0.0008974503370918025,-0.000918
-0.000934145205694878,-0.000882
-0.0009297993517202659,-0.000784
-0.00034950686057709724,-0.00065
-0.0008110747931031877,-0.000484
-0.0007037059121054146,-0.000466
-0.00059922632499077,-0.0004
-0.0005022836592334825,-0.000366
-0.00032568241477133814,-0.00035
-0.00039660534099382423,-0.000318
-0.000359234341961542,-0.000382
-0.00035458908133829053,-0.000384
-0.00035917134427802724,-0.0004
-0.00037177991446221204,-0.000434
-0.00040051916577003063,-0.000466
-0.00042178622909472356,-0.0004
-0.00042568242083114845,-0.000334
-0.00040971453960724256,-0.000516
-0.00043070085495850114,-0.000184
-1.4141966530058912e-05,-0.00015
-0.0002995872318616325,-0.000166
-0.001020280356519223,-0.000134
-0.00015896330568125253,-0.000132
-8.768741294488463e-05,-0.000134
-0.00014185513482771627,-0.000134
-0.00017135532872476463,-0.00015
-7.546874201170795e-05,-0.000116
-0.00013380280208439595,-0.000116
-0.0001293553510315796,-0.000118
-0.00012536219730011443,-8.2e-05
-0.00010837635319459273,-8.4e-05
-1.700883943111607e-05,-5e-05
-0.0010431304092251082,-5e-05
-6.691277296603699e-05,-6.6e-05
-6.285165116400455e-05,-6.8e-05
-5.871775855629654e-05,-6.6e-05
-6.268741142993207e-05,-6.6e-05
-6.655616741877741e-05,-5e-05
-3.409876087742877e-05,-3.4e-05
-0.0001778115853733634,-6.6e-05
-5.4333019192501846e-05,-8.4e-05
-5.896329962144225e-05,-5e-05
-3.048782399317433e-05,0.0
6.621613991210416e-05,1.6e-05
-5.896329962144225e-05,0.0
-9.117965371969793e-06,3.4e-05
1.2148349682648505e-05,1.6e-05
1.619719960891017e-05,-1.6e-05
-2.852892578144221e-07,-5e-05
-4.795925369847935e-06,-6.6e-05
-2.9786210468444375e-05,-8.4e-05
-8.16349805205443e-05,-0.0001
-0.00012576560732545182,-0.000116
-0.00015077715710079821,-0.0001
-9.220503126730144e-05,-0.0001
-0.0001041794530414909,-0.000168
-0.00012169399248408628,-0.000182
0.00027477809244517406,-0.000218
-0.0001680616977996661,-0.000232
-0.0005865294712651286,-0.000284
4.4127992561393054e-05,-0.0003
-0.00025935285596442436,-0.000284
-0.0002756386447221095,-0.000316
-0.0002963330287290656,-0.0003
-0.00022625686316749775,-0.00025
-0.00028810792572627516,-0.000166
-0.00025944969961691575,-3.4e-05
-0.00018999820519955465,8.4e-05
-9.465586600686893e-05,0.000232
2.5359077573852566e-05,0.000384
0.0006757308136503295,0.000516
0.0002999837141387871,0.000518
0.0002810797740011913,0.0004
0.0004529429575580126,0.000166
0.0003964465008604094,3.4e-05
0.0002747860608434646,0.0
2.4531253261672077e-05,1.6e-05
5.236831367632719e-05,-1.6e-05
4.15541626971639e-06,-1.8e-05
-4.844583881191368e-06,3.4e-05
-3.433245289486894e-05,5e-05
-3.003054838434325e-05,1.6e-05
-0.0006738234717755183,0.0
2.4531252953488355e-05,-3.2e-05
7.765645564147387e-06,-6.8e-05
-5.146322717523925e-05,-6.6e-05
4.582054495361056e-05,-5e-05
-5.436304861427745e-05,-8.4e-05
-0.0001848401268645361,-0.0001
-7.546874201170795e-05,-0.00015
-9.68948379983231e-05,-0.000182
-0.00012997095910891875,-0.00015
-0.00014622931211902436,-0.000134
-0.00015443542114272133,-0.000116
-0.00011305837890302626,-6.8e-05
-0.00011776400408808014,-5e-05
-9.284972202602524e-05,-1.6e-05
-6.339646081148264e-05,-5e-05
-4.646939843617227e-05,-8.4e-05
-5.059837489716266e-05,-8.2e-05
-5.869000722858669e-05,-0.000118
-8.409876390733391e-05,-0.000116
-0.00010042543015377436,-8.4e-05
-2.1194260356977592e-05,-0.0001
-7.084458580967154e-05,-5e-05
-8.810793333041271e-05,-1.6e-05
-6.330389721450869e-05,-1.6e-05
-6.730305683032897e-05,-0.0001
-0.00017704669803250464,-0.0001
-5.9042697609854494e-05,-0.0001
-7.990337262173014e-05,-6.8e-05
-9.234746638674474e-05,3.4e-05
-5.9864231584105376e-05,0.000116
-6.617535242546978e-06,0.000234
7.625436417518208e-05,0.000284
0.0003098524176315492,0.00035
0.0002438770580734013,0.0004
0.0003438150723613622,0.00045
0.0003694760761830244,0.0005
0.00042361294024623837,0.000532
0.000885126435199849,0.000534
0.0006427736366632267,0.000516
0.000520155410950766,0.00055
0.0009171148995294238,0.000568
0.000541520225220825,0.000566
0.0005494808523506508,0.00055
0.00047431759425962776,0.000566
0.0005623126165820032,0.000568
0.0011045272092009768,0.0006
0.0005705472856074938,0.000632
0.0005908286343951378,0.00065
0.0006117217352654036,0.000684
0.000640745048138025,0.000584
0.000636603532297794,0.000382
0.00025779495049451826,0.000218
0.00046252957186178654,8.2e-05
0.0003118519727847617,3.4e-05
1.669694663270162e-05,-3.4e-05
7.271135591397863e-05,-0.000116
-0.00023400883265990865,-0.000166
-7.239894615591666e-05,-0.000218
-0.00013518264661857508,-0.000166
-0.00016739576455342023,-0.000116
-0.00016739576455342023,-8.4e-05
-0.00014726102246006718,-8.4e-05
-0.00011333318016337991,-0.000116
-0.00010040010484831632,-0.00015
-0.00010917864664277328,-0.000134
-7.165376284944465e-05,-0.0001
-0.00012546874504161312,-6.6e-05
-0.00011330390024441381,-5e-05
-0.0002311701893876964,-1.6e-05
-5.875141714957079e-05,-1.8e-05
-3.803014472932367e-05,-1.6e-05
-2.5362201102183214e-05,-0.000166
-0.0004989738153791889,-0.00035
-0.00014089590929785594,-0.00055
-0.00027546140703141954,-0.0007
-0.000446503608879218,-0.000818
-0.0006088385012850997,-0.000916
-0.0008595304653178644,-0.000916
-0.0008397048536859162,-0.000834
-0.000872125662794027,-0.000684
-0.000839849547175667,-0.00045
-0.00014707062902269457,-0.000232
-0.0005556780815926066,-1.8e-05
-0.00035214483433394344,1.8e-05
-0.00017515055454324585,1.6e-05
-5.657328309011452e-05,-1.6e-05
-4.254265594338491e-07,-5e-05
-0.0001008900232768772,-8.4e-05
-0.00010093318872157727,-0.0001
-0.00018870535230067353,-0.0001
-1.960943320241295e-06,-0.000116
-0.00010028528299027585,-0.00015
-0.00011700885042186588,-0.00015
-0.0001295417602698069,-0.000118
-4.6546838841588636e-05,-8.2e-05
-0.00012569753077421473,-5e-05
-0.00013365291138437387,-0.0001
-8.812489576241732e-05,-0.0001
0.00018257252112906063,-8.4e-05
-8.400884329395137e-05,-0.000166
-0.00011328453151391553,-0.000168
-0.0001304419525915396,-0.0002
-0.00015556450767772545,-0.000216
-0.00018803014888809958,-0.000234
-0.00020510388205991487,-0.000232
-0.00015462254043624189,-0.0002
-0.00022084460476126606,-0.000134
-7.24588077618864e-05,-8.4e-05
-3.7851649649051975e-05,-5e-05
-0.00011431009790429621,-1.6e-05
-0.00012576560732545182,-3.4e-05
-4.662255341816733e-05,-1.6e-05
-0.0001184011998187089,-1.6e-05
0.0002507465274551355,0.0
-9.23435526878278e-06,0.0
0.00011960078421812792,5e-05
4.9282050947954684e-05,3.2e-05
0.0001772138028643132,5e-05
3.249100915611844e-05,6.8e-05
9.582053935437152e-05,6.6e-05
0.0005853871256555772,5e-05
5.8282238474564825e-05,-1.6e-05
2.8547265904275997e-05,-3.4e-05
-4.185513369884552e-05,-6.6e-05
-9.587367986788781e-05,-0.000118
-5.946196553674038e-05,-0.000166
-0.00038474501129862385,-0.00025
-1.7598890448839e-05,-5e-05
-0.00015113313148779715,-6.6e-05
-7.935534800167444e-05,-3.4e-05
-4.6546838841588636e-05,-1.6e-05
-2.9167032390880977e-05,-1.8e-05
-3.3999077003764514e-05,1.8e-05
6.168320362601809e-05,3.2e-05
7.080574008987075e-05,5e-05
1.98790581965141e-05,6.8e-05
-8.952564401636533e-06,5e-05
6.623600173655607e-05,6.6e-05
4.968016760969995e-05,3.4e-05
5.814486989549498e-05,5e-05
1.969916581125132e-05,5e-05
5.8047434530259236e-05,3.2e-05
7.794959999690226e-06,3.4e-05
4.1263113991038405e-06,0.0
-9.245104570264262e-05,-3.4e-05
7.309999630833026e-06,-3.2e-05
-8.689999267742013e-06,-3.4e-05
-7.145272844455288e-05,-6.6e-05
-5.1280368213478e-05,-0.0001
-1.8636897599669558e-05,-0.000184
-0.000221610064091111,-0.00025
-0.0001517850016944857,-0.00025
-0.00019289276532610767,-0.000266
-0.0002382845489505575,-0.00025
-0.00025417945226932723,-0.000284
-0.00026285165342174605,-0.000284
-0.0002005983839868781,-0.000266
-0.00015096364523405813,-0.000284
-0.00041907413345476885,-0.0003
-0.00028380280131223227,-0.000316
-0.0006046225874291462,-0.00065
-0.000359234341961542,-0.000416
-0.0004239658227122825,-0.000484
-0.0005139259625061493,-0.000534
-0.0005231193245200305,-0.000566
-0.0005014049658081278,-0.000516
-0.0005257378112038294,-0.000534
-0.0005591179839081077,-0.000516
-0.0005465417212397642,-0.000534
-0.0005252290960337566,-0.000566
-0.0005379498549542695,-0.000568
-0.00040168870573298993,-0.000532
-0.0005504254081135252,-0.00055
-0.0005543630197420543,-0.000518
-0.0005424693963431054,-0.000516
-0.0005293412234743517,-0.000516
0.00014097412901358457,-0.000518
-0.0005170575035868131,-0.000516
-0.00048400884780943433,-0.000516
-0.00048827825249747684,-0.000534
-0.00029228324808796646,-0.000516
-0.0005207001266885273,-0.0005
-0.0005168027909741301,-0.000418
-0.00015019597684330096,-0.0004
-0.0002851764230007167,-0.000532
-0.00046386603869900007,-0.000668
-0.0007425304732179425,-0.0008
-0.000603704091459855,-0.000832
-0.0007109451625048492,-0.000834
-0.0007851876761181525,-0.000784
-0.0008130302064856718,-0.00075
-0.0008008725608601955,-0.000682
-0.0007638709483704507,-0.00065
-0.0006419632907689179,-0.0006
-0.0009718167948012883,-0.0006
-0.0006338666091554088,-0.00055
-0.0006008781897354044,-0.000518
-0.0005678665357283053,-0.00045
-0.0005308502093149844,-0.00045
-0.0004930798041802683,-0.000432
-0.00026245558063443857,-0.00045
-0.00045980807269827077,-0.00045
-0.0004921268310817398,-0.000418
-0.0004626873863597778,-0.000416
-0.00037119427663537404,-0.000416
-0.00042536218589390805,-0.000418
-0.00037161009290458455,-0.000416
-0.0004165561590424762,-0.0004
-0.0003177533456545443,-0.000384
-0.0004970706699557886,-0.000416
-0.00040433299109244247,-0.000484
-0.0006725711709233831,-0.0005
-0.00044718403908770035,-0.000532
-0.00048785162760880285,-0.000568
-0.0005217994106249745,-0.000582
-0.00034642794248316395,-0.00065
-0.000633303061937693,-0.00065
-0.0006134393440050089,-0.000618
-0.0006256975413495079,-0.000566
-0.0006218529864119064,-0.000566
-0.0005392181320505021,-0.00055
-0.0005756386431777821,-0.000534
-0.0004642882060183332,-0.00055
-0.00038939768805493777,-0.000534
-0.0005422050190889313,-0.000516
-0.0005381248835840473,-0.0005
-0.0005254687396952169,-0.000516
-0.0007870376068420779,-0.0005
-0.0005082050470087082,-0.000484
-0.0005002852875057587,-0.00045
-0.0004339127900773636,-0.000434
-0.0004676529608153022,-0.000482
-0.0007025661155697379,-0.000484
-0.000298046017400191,-0.000534
2.220329229622398e-05,-0.000516
-0.0005045468421380595,-0.0005
-0.0005089633071668304,-0.000466
-0.0011250139856387737,-0.000468
-0.0005091179808782026,-0.000466
-0.0004129387823511874,-0.000434
-0.00045885513904725866,-0.000382
-0.00036655615601257106,-0.000384
-0.0003545467936008279,-0.000384
-0.0004175090137984557,-0.0004
-0.00039633299534135957,-0.000416
-0.00026863690781825573,-0.000416
-0.00042520652599462857,-0.00045
-0.0004672863355989051,-0.0004
6.481661846370573e-05,-0.00035
-0.0002503198481042611,-0.000268
-0.0004431293077833069,-0.000266
-5.324607246677429e-05,-0.0002
-0.000200285269326328,-0.0002
-0.00023818496369568392,-0.00025
-0.0003637886760597455,-0.000266
-0.0002668027955483626,-0.000284
-0.00025077714343685033,-0.000266
-0.00018330305439230498,-0.000218
-0.00020040010104624753,-0.0002
-0.00022134122926759618,-0.0002
-0.0002861819401909431,-0.000266
-0.00022973445758481367,-0.000266
-0.00023381989878063875,-0.000268
-0.00030516682663196546,-0.00025
-0.00023355615268672535,-0.000216
-0.0002505191566803152,-0.000216
-0.0002291942632967415,-0.000218
-8.386656596457322e-05,-0.0002
-0.00018391279465159604,-0.000182
-0.00019584460324631347,-0.000184
-0.00015051913089674678,-0.000166
-0.00014171775885223712,-0.00015
-0.0006295131418101528,-0.000168
-0.0001842774672159369,-0.000166
-0.00010539919983080797,-0.00015
-0.00013797251303689507,-0.000184
-0.00020885514362149112,-0.000232
-0.0001223989491858218,-0.00025
-0.00034783929572097957,-0.000234
-0.0002417177649120474,-0.000216
-0.00019223436655547318,-0.000234
-0.00031080600687565413,-0.00025
-0.00024617943679448623,-0.00025
-0.000254363060733898,-0.000266
-7.373867403310388e-06,-0.00025
-0.0002670088299259441,-0.000234
-0.00025910995788287007,-0.0002
-5.070630476880631e-06,-0.000216
-0.00022520653359876618,-0.00025
-0.00022546876096330245,-0.000268
-0.00017935534419960566,-0.000266
-0.00022135535147842792,-0.000234
-0.00034706083843451713,-0.000216
-0.00024220504035701688,-0.000216
-0.00026327825858666183,-0.000218
-0.00027568237229391674,-0.000216
-0.00015917864967267842,-0.000234
-0.0002211942675456586,-0.000232
-0.0003376874379562894,-0.000268
-0.00022520653359876618,-0.000232
-0.00029801489330983836,-0.000218
-0.0002291942632967415,-0.000216
-0.0002379498367748387,-0.000234
-0.0002128516503918409,-0.000232
-0.00024220504035701688,-0.00025
-0.00015919697304399503,-0.000234
-0.00024220504035701688,-0.00025
-0.00024186873055688838,-0.000216
-0.00021285167011559904,-0.000218
-0.0002291942632967415,-0.000216
-0.00017135532872476463,-0.0002
-0.0002252291173018421,-0.0002
-0.0002417177649120474,-0.000184
-0.0003829985514099266,-0.00015
-0.00030960865641371056,-0.000266
-0.0001381920976363221,-0.000134
-0.00012961008336802082,-0.00015
-8.803014282828928e-05,-0.000116
-0.00011310794470724437,-0.000134
0.00010550402689627408,-6.6e-05
8.120736966582868e-05,-0.0001
-0.0001046225472682158,-6.6e-05
-3.330305516446863e-05,-6.8e-05
8.574719693991662e-05,-6.6e-05
8.963356624478535e-05,-8.4e-05
-5.0777160902867004e-05,-0.0001
-0.00010051915745247886,-8.2e-05
-0.00013785164584698319,-8.4e-05
-8.378609303134207e-05,-8.4e-05
-0.00011318497584467923,-5e-05
1.5991160300389136e-05,-3.2e-05
-5.844658646744155e-05,-3.4e-05
-1.2851648134099416e-05,-3.4e-05
-1.7098760044498612e-05,-6.6e-05
-7.11942584559432e-05,-6.6e-05
-0.00015884391777320152,-0.000118
-0.000121452731474458,-0.0001
-0.00012119426148584832,-0.0001
8.1814353529919e-05,-6.6e-05
-9.646940639701695e-05,-6.6e-05
-8.022930772507442e-05,-5e-05
-5.0770809852744345e-05,-5e-05
-2.8528679234465177e-07,0.0
-2.5362201102183214e-05,-1.8e-05
7.530597538334758e-06,-3.2e-05
7.838991957174308e-05,1.6e-05
4.165252654610725e-05,5e-05
4.994810746768894e-05,5e-05
7.904472368745568e-05,5e-05
5.356456946969372e-05,5e-05
-2.5468743912742358e-05,1.6e-05
7.080574008987075e-05,3.4e-05
2.426220116863394e-05,0.0
8.036694379513973e-06,-3.4e-05
3.377449611737806e-06,-8.2e-05
-0.00010871776158620168,-0.000134
-0.0002041794492394221,-0.0002
-0.0002417177649120474,-0.000234
-0.00031702897091291513,-0.000216
-0.0002082050485530356,-0.0002
-0.00019617945348833924,-0.0002
-0.00021285167011559904,-0.000234
-0.0002464354314514487,-0.000232
-0.00023380279828232715,-0.00025
-0.0002421099718427585,-0.000234
-6.266218474326476e-05,-0.000216
-0.00025886871659699994,-0.000234
-0.00023768741217272096,-0.00025
-0.0002165561666466138,-0.000234
-0.00020871776764601197,-0.000216
-0.00023380279828232715,-0.000216
-6.008441775815583e-05,-0.000234
-0.00022967380702851813,-0.000216
-0.0003016795872969167,-0.000234
-0.0002715417637465604,-0.000266
-0.0002169127919176315,-0.000234
-0.0002417177649120474,-0.000234
-0.00019171776188214228,-0.0002
-0.0001629724948280895,-0.0002
-0.00021742472206028203,-0.000232
-0.00022536221322180377,-0.000234
-0.0002169127919176315,-0.000234
-0.00022536221322180377,-0.000266
-0.0006228967676929338,-0.00025
-0.0002635292828565718,-0.00025
-0.0002082050485530356,-0.0002
-0.00031845570868208376,-0.000166
-0.00018810793939022302,-0.000184
-0.0003753622223115192,-0.00035
-0.00022681488773293294,-0.000166
-0.00021268743038152656,-0.0002
-0.00022681488773293294,-0.000218
-0.00016708103254470225,-0.000166
-7.161008458703279e-05,-0.000116
1.1223300494713721e-05,5e-05
6.669694842987187e-05,5e-05
0.00011114027323093867,6.8e-05
9.165252464507285e-05,6.6e-05
6.621390373102449e-05,0.0001
7.479346485690652e-05,8.4e-05
2.8389919084353642e-05,0.0001
9.526848122577517e-05,0.0001
0.00015345824228387513,0.000132
0.0001035645700341291,0.000118
9.582053935437152e-05,0.000132
0.00018269693859543858,0.000168
0.00021621389556245152,0.0002
0.00015828222974155647,0.000166
0.0001288057339399192,0.00015
0.00019959988374547728,0.00015
0.0001829189590789965,0.00015
-9.496935541882379e-05,0.000134
0.00014582054238427663,0.00015
0.00014582054238427663,0.00015
0.00013672174592882115,0.000132
0.0001538205381353595,0.00015
0.00017453125341405958,0.000134
0.0001623125824808829,0.000134
0.00013731258096593034,0.000116
0.00012065877646689879,0.000134
0.00013244826828472177,0.000132
0.0001621483427468104,0.00015
0.00013714834123185784,0.00015
0.00014128223383956585,0.00015
0.00021231257564890895,0.000184
9.461269092215533e-05,0.000166
0.00011189205906544968,0.000168
0.00016669694709327284,0.000166
0.00018731259385771455,0.0002
0.00023731257716386154,0.000216
0.00025779495049451826,0.00025
0.0002243613658531837,0.000218
0.00020412630872590576,0.000216
0.00020762364662512474,0.0002
0.0002506079483304095,0.000166
0.00019504474097318983,0.000168
0.0001115146646771054,0.000166
0.00015828223960343555,0.00015
0.00010382054496733346,0.00015
0.00015813128382047366,0.000166
0.0001701554193270673,0.000168
0.00010353060079166406,0.000116
0.0001247934580249326,0.00015
9.948083494338355e-05,0.000134
7.388906644374944e-05,0.00015
0.00013714834123185784,0.000132
0.00010382054496733346,0.000134
0.00014994810366562015,0.000116
4.03913512355417e-05,0.000118
0.00014582054238427663,0.00015
0.00010779496112856097,0.00015
0.0003780905064478368,0.0003
0.00011583138666093745,0.000166
7.40354019363659e-05,0.00015
9.494603722762254e-05,0.000134
0.00010788203165889158,0.000132
0.00012825143716477342,0.000134
0.00013731258096593034,0.00015
-0.00015538728971079363,0.000134
0.0001542998944914338,0.00015
0.00014566698306523962,0.00015
0.0004379493510914316,0.000166
0.00019582055527606084,0.000166
0.0002036669818462276,0.000184
0.000141652527674978,0.000166
0.00017029988599359954,0.000168
0.00012388906454271502,0.000116
0.00015786533852752706,0.000116
0.00014086534262553642,0.000168
0.00022720817476126797,0.000182
0.00018716262426265987,0.000184
0.0002159911551617213,0.000216
0.00018706123428391608,0.000218
0.0002160872098638869,0.000216
0.00020412630872590576,0.000216
0.000157794954296587,0.0002
0.0002200447424881424,0.000218
0.00026231259840257224,0.000232
0.0001413099950291548,0.0002
0.00016621391225630453,0.000218
0.00021671363642256856,0.000216
8.262154833199855e-05,0.000216
0.00034815838197117355,0.000218
0.00023716261743068594,0.0002
0.00021231257564890895,0.0002
0.0001747708872136409,0.000182
0.00032219018061640473,0.0002
0.0001952998875085521,0.000168
0.0001454531578031909,0.000166
0.00017865877524788677,0.000134
0.0001331971991052413,0.000132
-5.590497313101221e-05,8.4e-05
5.803669494394935e-05,8.4e-05
0.0001686117196720995,8.2e-05
0.00011189205906544968,0.000118
5.3377450176173175e-05,0.000116
9.860960202954708e-05,0.000134
-0.00010648059431861777,0.0001
9.16236441322092e-05,0.000116
0.0001166969440633677,0.000116
0.0003754020398701397,0.0001
0.00016955805572601215,8.4e-05
9.10474293308249e-05,5e-05
3.234708181109798e-05,8.4e-05
7.904472368745568e-05,0.0001
7.463779509574799e-05,0.000116
0.00015828222974155647,0.000166
0.00018689206361030737,0.000184
0.00023319717557941435,0.0002
0.00029018021739045196,0.0002
0.00022083294331112842,0.000216
0.00020363694256257295,0.000218
0.00025356459884760265,0.000216
0.00022880573999972946,0.000216
0.00024971471849530194,0.000234
0.00015366697881632248,0.000234
0.00022021379481920224,0.000216
0.00019994810669552528,0.0002
0.0002573913432315994,0.0002
0.00017479346105483772,0.000166
0.00016621391225630453,0.000184
0.00017032619748696482,0.000184
0.00018319720213514644,0.0002
0.00022247652407734192,0.000182
0.00019968015944112698,0.000218
0.00021644383513490462,0.0002
0.0002499481097254304,0.000232
0.00034030948993123866,0.000218
0.00028344384392867947,0.000282
0.0002999481127553355,0.0003
0.0002571560782444472,0.000318
0.00029497691702873985,0.000316
0.0003036369486223832,0.000334
0.0003167136227586207,0.000332
0.0003816308026922953,0.000334
0.0002908820478765215,0.0003
0.00024128223989937613,0.0003
0.0002747934769765271,0.000316
0.0003412822262354283,0.000334
0.00031214834197464673,0.000316
0.0003408820509064266,0.000334
0.00032477087657959813,0.000316
0.0002747934769765271,0.000284
0.00036991765168037214,0.000284
0.00029563695287130036,0.000282
0.00026214835866849976,0.000284
0.00028344384392867947,0.000284
0.00025828224566324585,0.000266
6.937303095292375e-05,0.000266
0.00025779495049451826,0.000268
0.0003324909922026051,0.0003
0.0002828313817907644,0.000282
0.0004945418624912005,0.000334
0.0004982283906785452,0.00035
0.0003747708796095033,0.000334
0.000324361371912994,0.000332
0.0003373125832236718,0.000368
0.00021196985562738337,0.00035
0.0003456369361774473,0.000366
0.00048703803760001037,0.0005
0.00039450027874922075,0.000584
0.00044759825302342714,0.0006
0.0005102003962923619,0.000582
0.000549511384728259,0.000584
0.0006325310496110701,0.000566
0.0004449027253403142,0.000534
0.00047832565915225045,0.0005
0.00047477088566931356,0.000466
0.0007844981091005752,0.000384
0.0005779818012125627,0.000366
0.00042761824381272077,0.000384
0.00034566697546110204,0.000366
0.0003271844334162718,0.000368
0.0003708057336146039,0.000382
0.00028321390435622634,0.00035
0.00036621388492840876,0.00035
0.00022880572027597133,0.00035
0.0001246377981256531,0.000334
0.00034582056436577627,0.0003
0.0003329911669854013,0.000216
-3.8278244952088684e-05,0.000218
0.00026572370403118176,0.000182
4.464567711048239e-05,0.000134
-0.0001353060088638923,0.0001
0.0004523766490141566,0.000116
0.0001322359913376874,0.00015
0.00012453125038415443,0.000118
0.00012054726820022666,0.00015
7.387531405338292e-05,0.00015
0.00016914358067235546,0.00015
0.0007004946231614971,0.000132
0.00014529989434052603,0.000134
0.00014128223383956585,0.000116
0.00013689206058040224,0.000134
3.669610206525972e-05,0.000116
-4.733996567317134e-05,0.000118
0.00012080573818883634,0.0001
8.262154833199855e-05,0.000132
0.0001621626227477073,0.000118
0.0001166969440633677,0.000132
0.00012016999215443124,0.0001
0.00012016999215443124,0.000118
0.00014104743236073003,0.000166
0.00012839802413530622,0.000234
0.00015321321403644118,0.000316
0.00020665191623260053,0.000334
0.0002608312849946167,0.000316
0.0002990363425875718,0.000284
0.00024361370645465075,0.00025
0.00023539497422574108,0.0002
0.0002438340405568873,0.00015
0.00014563695364346404,0.0001
-2.852892578144221e-07,1.6e-05
-1.6802795191655493e-05,0.0
-8.039919831585541e-05,-1.6e-05
2.3889065879314063e-05,1.6e-05
0.0001639748515079387,5e-05
1.189206533298825e-05,5e-05
2.4317613834407116e-05,3.4e-05
0.00021709432467852303,5e-05
4.582054495361056e-05,6.6e-05
4.971471130662095e-05,0.000116
0.00020415540126916948,0.00015
0.00019504474097318983,0.000168
0.00012403539510439195,0.000182
0.00015338539258316698,0.000234
0.00022854726014924072,0.000234
0.00020375648826068913,0.000266
0.0002282514432245837,0.000266
0.00024959988677538243,0.0003
0.00026591896923681616,0.000368
0.00029896618517985047,0.00035
0.00031999790462235855,0.00035
0.0003413696024840101,0.000332
0.0003496801488070842,0.000268
0.0003241623000220376,0.000266
0.0003030675040009822,0.000216
0.0002694779044327216,0.000184
0.00015292935957109902,0.000184
7.038991888972068e-05,0.000132
0.00017825144019467854,0.00015
0.00016194161803769383,0.000118
0.00014538539683208414,0.000116
5.331716204393356e-05,0.0001
3.105168061487163e-06,8.4e-05
0.00010415541000217783,6.6e-05
9.103669467545456e-05,0.0001
8.714834806383178e-05,1.6e-05
1.9789484598001416e-05,0.0
1.619719960891017e-05,-3.2e-05
6.571623633098245e-05,0.0
-4.435429311294275e-06,0.0
-8.347474018328119e-06,-1.8e-05
-1.2837373064142047e-05,-3.2e-05
-1.2837373064142047e-05,-5e-05
-2.5458132530860414e-05,-0.0001
-8.827824798199382e-05,-0.00015
-8.41420378327038e-05,-0.000134
-7.588342416482516e-05,-0.000134
-0.0001299552688593145,-0.00015
-0.00014220505402096474,-0.000182
-0.00015048865769041295,-0.000168
-0.00041850932391653185,-8.2e-05
-0.0001464529795363874,5e-05
-8.907507794916824e-05,0.00015
0.0003147753887694807,0.000266
-0.00022236761419393986,0.00035
0.00020117806052968236,0.00045
0.00030126662626356316,0.000516
0.00039313634142598545,0.000584
1.1307766256234318e-05,0.0006
0.000876971371262231,0.00065
0.00011399722508164894,0.000666
0.0006241564602452995,0.000684
0.0006492228322064096,0.000666
0.0006661972168084491,0.000618
0.0006031051748347116,0.000566
0.0006323623720314149,0.000466
0.0005771592416028884,0.0004
0.0003289652323678993,0.00035
0.00044349523795909494,0.000334
0.00038622328253875107,0.000334
0.0002949652208401599,0.00035
0.0003417949650521628,0.000382
0.0003495113528848803,0.000368
0.0003580474403823412,0.000366
0.00036621388492840876,0.000334
0.0003620612448885841,0.000332
0.00034957456752973464,0.000634
0.00041336798634310435,0.0003
0.00039663308761246006,0.000284
0.00038394487289288617,0.000282
0.00017320487012633214,0.0003
0.00029128224292928126,0.000284
0.00027020062237866657,0.000284
0.0002873125999175248,0.000266
0.0002831972180568358,0.000284
0.00032269958611801276,0.000316
0.00028705015559164895,0.000316
0.00035382677310067474,0.00035
0.00023223599739749767,0.000384
0.0003407990336083948,0.000384
0.00034486741375342454,0.000366
0.000619113410867782,0.000334
0.00036649100373034447,0.00035
0.00035803669093415223,0.000332
0.0007357567579729279,0.00035
0.0003412822459591864,0.00035
0.00034529987687450934,0.000384
0.000353530581424613,0.000384
0.00033484084130047073,0.000416
0.0003829189218892217,0.000416
0.0003995998958650978,0.000418
0.00043651969420605756,0.000416
0.000416443827530767,0.000384
0.0004081448590537239,0.000382
0.0003036669879060379,0.000334
0.0003241622802982795,0.0003
0.0003491274102088319,0.0003
0.00032816523673754265,0.000584
-0.0001759708459207336,0.000366
0.00038460826177433137,0.0005
0.0007699652496242588,0.000684
-0.0006706415562165524,0.000816
0.0011304808346984767,0.000884
-0.0005453284734287558,0.000916
0.0008227911543786146,0.000934
0.0008863830752787761,0.00095
0.000920389832331801,0.000966
0.0009410368201479349,0.000966
0.0009536670470185629,0.000934
0.0009536669681235303,0.000916
0.001165598749390352,0.0009
0.0009283899464254328,0.000884
0.0008242621522610603,0.000866
0.0007492227988187036,0.00085
0.0008745313056946106,0.00085
0.0008621484147511196,0.000868
0.0008582823214696238,0.000832
0.0008496801593823775,0.000834
0.0007618919998354258,0.000784
0.0007028159517050853,0.00075
0.0006865040881391326,0.000732
0.0007740354443550379,0.000684
0.0005831971967887504,0.000616
0.0006942132373526109,0.00055
0.0006437923293238939,0.000484
0.0006687699838208682,0.000434
0.00025691558646138654,0.00035
0.0004679800746350612,0.000266
-0.00015238892344512404,0.000134
-0.0002670810386045125,-3.4e-05
0.00017540204747427732,-0.00015
-0.00011765291988220812,-0.0002
-0.00021714521668361086,-0.00025
-0.00016048690682667072,-0.000266
-0.00021762842903440244,-0.000234
-0.00024220504035701688,-0.00025
-0.00025028529207999126,-0.000234
-0.0002463330059754023,-0.000232
-0.00017536221019189864,-0.0002
-0.00015077715710079821,-0.000234
-0.00022536221322180377,-3.4e-05
-0.00017704669803250464,-1.6e-05
-1.0008076387820677e-05,-6.6e-05
-8.964436478050413e-05,-0.0001
-5.479591607240423e-05,-0.0001
-7.135432661516803e-05,-0.0001
-9.196330674935676e-05,-0.000118
-0.0001047001010852415,-0.000232
-0.00013886603872837478,-1.8e-05
0.00012830599307980217,0.000134
0.00024545314413924304,0.000216
0.0002159911551617213,0.0002
0.00015363694939454688,0.000168
0.00017871858754446116,0.000116
0.00017405146313530608,0.000116
6.214835147981876e-05,0.0001
-4.2751420716465515e-05,6.8e-05
9.95113377353546e-05,3.2e-05
7.820060107918937e-05,0.0
4.906682529907767e-05,-1.6e-05
-8.330305819437377e-05,-3.4e-05
-5.10387487123384e-06,-5e-05
-5.871775855629654e-05,-6.6e-05
1.4866233012883825e-05,-8.4e-05
-0.00025960863366004727,-5e-05
-0.00019464942239776585,-0.0001
-7.546874201170795e-05,-8.2e-05
-9.587367986788781e-05,-8.4e-05
-0.00012188658512049203,-8.4e-05
-8.768741294488463e-05,-0.000116
-0.00025700426918708,-6.6e-05
0.0003946493114657635,-6.8e-05
-8.399908003366965e-05,-6.6e-05
-0.0002693082650979914,-8.4e-05
-0.000352800925424875,-0.0001
-0.0002186369047883506,-8.2e-05
-8.330305819437377e-05,-6.8e-05
-8.378609303134207e-05,-6.6e-05
-7.934122579084269e-05,-3.4e-05
-6.293876114185145e-05,-3.2e-05
-6.655616741877741e-05,-3.4e-05
2.3889065879314063e-05,-1.6e-05
-4.603476077075199e-05,-3.4e-05
-2.9194261038999995e-05,-1.6e-05
-2.5229115044100577e-05,-1.8e-05
-7.217337539589265e-05,-3.2e-05
-5.0051893661181784e-05,-3.4e-05
-4.617945919144242e-05,-1.6e-05
-2.5206531341024685e-05,-3.4e-05
-4.70010735278007e-06,-1.6e-05
-3.3802796024585657e-05,-5e-05
-5.896329962144225e-05,-5e-05
-3.7851649649051975e-05,-6.8e-05
-5.028528982224979e-05,-6.6e-05
0.00014739559295281576,-6.6e-05
-6.268741142993207e-05,-1.8e-05
-1.2851648134099416e-05,-1.6e-05
2.772227564959395e-05,-1.6e-05
2.8512176182847287e-05,-1.8e-05
0.00044072756076868797,0.0
-1.2687413330966464e-05,-1.6e-05
-0.00022018924344938584,0.0
-8.717760457330944e-06,-3.4e-05
-1.2851648134099416e-05,-3.2e-05
-7.125009641525136e-05,-6.8e-05
-3.409876087742877e-05,-5e-05
-4.636304793225504e-05,-6.6e-05
-0.0001925679742007358,-6.6e-05
-6.268741142993207e-05,-5e-05
-5.8205039463320174e-05,-5e-05
0.0002906571378623953,-5e-05
7.431761439884248e-05,-5e-05
-5.0051893661181784e-05,-1.8e-05
-4.234747321871868e-05,1.8e-05
0.0003637058907377374,0.0
-1.3124891217559619e-05,0.0
0.0002487196351731342,-1.8e-05
-5.871775855629654e-05,-1.6e-05
-8.868721171232379e-06,-1.6e-05
-1.2687413330966464e-05,-1.8e-05
-8.717762922800714e-06,0.0
0.00021486477078158303,0.0
0.00010293917404181053,0.0
-2.9194261038999995e-05,-1.6e-05
-8.017319363315222e-05,-5e-05
-7.984458596057931e-05,-5e-05
-2.9541754209996632e-05,-6.6e-05
9.088437302224111e-05,-0.0001
-6.700884739196074e-05,-0.000134
-8.830389872946125e-05,-0.00015
-0.0003260924717031704,-0.00015
0.00026658103662646564,-0.000184
-0.000154955260512388,-0.000166
-0.00016285164736193578,-0.00015
-9.617945729040803e-05,-0.0001
-0.0002530908191622783,-0.0001
-0.00012973446138688248,-8.4e-05
-0.00010911796650084052,-0.0001
-0.00018812490182222762,-0.0001
-9.617945729040803e-05,-8.2e-05
-2.987503641324988e-05,-8.4e-05
-9.171775582233197e-05,-0.000116
-9.58445873246241e-05,-0.000134
-0.00010454683762257666,-0.00015
-0.00010048865466050779,-0.000134
-0.00013380279222251687,-0.00015
-0.00014220505402096474,-0.000132
-0.00014171777857599529,-0.000134
-0.0001386382095980432,-0.0001
-0.0001294527272255409,-0.0001
-0.00011691278585782121,-8.4e-05
-0.000104955277206241,-8.2e-05
-9.171775582233197e-05,-8.4e-05
-8.768741294488463e-05,-8.4e-05
-8.355615345888897e-05,-0.000132
-9.602547391057089e-05,-0.00015
-0.00011322592236658802,-0.000118
-0.00012160197129046131,-6.6e-05
-0.00011727745842216203,-8.4e-05
-0.00010530082758706035,-8.2e-05
-8.797250014511085e-05,-8.4e-05
-7.919425420702606e-05,-0.0001
-8.768740308300556e-05,-0.000116
-9.58445873246241e-05,-0.000118
-0.00036442819919383534,-0.00015
-0.000121452731474458,-0.000166
-0.0001380301261344363,-0.000166
-0.00015048865769041295,-0.000134
-0.0004616972931484207,-0.0001
-0.00014217864390880873,-0.000116
-0.0001756220509816994,-0.000134
-0.00012135534541861762,-0.000334
-0.00017335299039719518,-0.00015
-0.00018567566470706985,-0.00015
-0.00010911795663896147,-0.000116
-0.00012961008336802082,-0.000134
-0.00013785166557074135,-0.0001
-0.00017612469123426373,-0.000116
-0.0001168028061824053,-0.0001
-0.00011285166405578874,-0.000116
-0.00010820503263134623,-0.000118
0.0001337425807417056,-0.000116
7.40514669373749e-05,-8.4e-05
-0.00010885512769980174,-6.6e-05
-0.00018105060121215876,-0.000134
-0.00010066087265474988,-0.000232
-0.0007275563538244088,-0.000334
-0.0004876031477036936,-0.000384
-0.00032135533781448006,-0.000332
-0.00015923340282528864,-0.000218
-0.00031850935730423787,-6.6e-05
0.00023299118064934915,0.0
-0.00014998339417801536,1.6e-05
-6.929267120943639e-05,1.8e-05
-8.849724726669084e-06,3.2e-05
2.4818840140059432e-05,3.4e-05
2.4793466757940917e-05,3.4e-05
2.932620126073566e-05,1.6e-05
2.880573820426359e-05,0.0
2.0644653127196302e-05,-1.6e-05
-0.00020718797324053632,0.0
-2.852892578144221e-07,0.0
-4.179454378089921e-06,5e-05
7.88203546096037e-06,8.2e-05
0.00021943549532280494,0.0002
-0.00015286669203866765,0.000318
0.0004369607174381773,0.000432
0.0005287248710470081,0.0005
0.0005617740790896151,0.000534
0.0005194760458252236,0.0006
0.0005149964253228728,0.000616
0.0005613235884535858,0.000618
0.0005911502499954484,0.000632
0.0006162139000779345,0.000618
0.0006208329675503696,0.0006
0.0006167136606618097,0.000566
0.00047716759841653146,0.00055
-1.3156411250149956e-06,0.0005
0.0005614707276893467,0.00045
0.0005153716106503049,0.000384
0.00046947604279531837,0.000332
0.00025315608036890574,0.000284
0.00036097004769297626,0.000266
0.00021644383513490462,0.00025
0.00028223602015116096,0.00025
0.00026214835866849976,0.0002
0.00024088204484661634,0.000184
0.0002202655499605744,0.0002
0.0004182036206799702,0.0002
0.00019582055527606084,0.0002
0.00019582055527606084,0.000184
0.00019582055527606084,0.000182
0.00019128224673135006,0.0002
0.00019128224673135006,0.000184
0.00018731258399583547,0.000184
0.00018731258399583547,0.000166
0.00021537593169766595,0.0002
0.00021187510269325533,0.000216
0.00019103669580432527,0.0002
0.0001950447212494317,0.000484
0.0001659481937865766,0.000266
0.0002886783912740257,0.000234
0.0002932466306217214,0.000234
0.00030190946298902136,0.000216
0.0002370501525617438,0.00025
0.0002331971953031725,0.00025
0.00023714833742978904,0.000234
0.0006397796885193815,0.000282
0.0004395001118518153,0.000284
0.00031634709616101424,0.0003
0.0002743859052382211,0.00035
-0.00024345945165127358,0.000334
0.00037774119869109083,0.0003
0.0003204582571374602,0.0006
0.000494966791136674,0.000316
0.0003844428977860446,0.000334
0.0004367217443844938,0.000382
0.0004051865714646048,0.0004
0.0003159189525429631,0.000384
0.00037438591129803137,0.00035
0.00037854722979143986,0.000334
0.0003663470597434031,0.000282
0.0003365865516863585,0.00025
0.00020801465040658898,0.00025
-0.0008999700866423282,0.000218
0.0006750799296315483,0.000166
0.0001497147124354917,0.000134
0.00011634708404139369,0.000132
0.00010323588346652361,0.00015
0.00014515540795023566,0.000168
5.705699615313461e-05,0.00015
0.00011974990569158234,0.00015
0.0001542998944914338,0.000116
0.00010782133672414023,0.000134
3.257252529124522e-05,0.000132
0.0001530459664292516,0.000118
5.429989336256306e-05,8.2e-05
0.00011598039965372207,6.8e-05
0.00014103669277442014,6.6e-05
-0.00011978006802685987,5e-05
8.731258779790427e-05,6.6e-05
7.864465190818431e-05,8.4e-05
-0.00022707563581560836,0.0001
7.453125721612838e-05,0.000134
9.537744512764661e-05,0.000182
0.00012406781110090308,0.000168
0.00015804743812459972,0.00015
0.00014521027944539475,0.00015
0.0001576236435952196,0.0002
0.00016649101133448205,0.00025
0.00018647072468881628,0.000266
0.00021537155302335777,0.000284
0.00024922284741468476,0.0003
0.00027453124961199075,0.000316
0.0002910366821403774,0.000316
0.0003995745311121235,0.000334
0.00037758841846050056,0.000316
0.0003202998753595568,0.000334
0.00032477087657959813,0.000334
0.0003292998656485855,0.00035
0.00033319718163922463,0.000382
0.0003495113528848803,0.000368
0.00031010864897360946,0.000432
0.0004273730380514635,0.00045
0.00016046931838721053,0.000468
-8.07389400499011e-05,0.00045
0.00036504379270022144,0.0004
0.00044136960854382037,0.00035
0.0004158579530188313,0.000316
0.0002619698783810467,0.0003
0.00019948085086507288,0.00025
0.00030310519610279705,0.000216
0.0002695121646006193,0.00015
0.00022764702837999173,0.000118
0.00018220512668609579,0.000116
0.00012932620446984652,6.6e-05
0.00011175318901529106,3.4e-05
8.262154833199855e-05,3.4e-05
6.16668057865904e-05,6.6e-05
0.0004594884444884589,5e-05
4.5666981936368885e-05,5e-05
0.0007790127741704166,6.6e-05
5.77949605641256e-05,6.8e-05
5.8282238474564825e-05,5e-05
-0.0004336711740400887,5e-05
5.8282238474564825e-05,6.6e-05
5.8282238474564825e-05,6.6e-05
5.77949605641256e-05,6.8e-05
-0.0004415445432638814,5e-05
6.231258381748193e-05,1.6e-05
4.948084300809236e-05,3.4e-05
4.152023313655507e-05,3.2e-05
3.269694676401154e-05,5e-05
3.269694645582782e-05,8.4e-05
4.948084300809236e-05,0.000116
6.969916575931925e-05,0.000134
9.520407329355304e-05,0.000116
0.00011205015484886004,0.000118
0.00018550844197644348,0.0001
0.0001166969440633677,8.2e-05
0.00010363694636464177,8.4e-05
9.01649193582691e-05,6.6e-05
8.269694732844691e-05,5e-05
6.205016168083397e-05,5e-05
3.269694645582782e-05,5e-05
0.00019815929989809095,6.8e-05
-0.00020239892642040863,5e-05
4.155413804246623e-06,8.2e-05
-4.7790505618595944e-05,8.4e-05
5.803669494394935e-05,5e-05
6.608722542886918e-05,5e-05
-2.5229115044100577e-05,1.6e-05
5.3530597761758926e-05,3.4e-05
0.00013560234375906616,5e-05
9.114486962700019e-05,3.4e-05
3.3197200133656616e-05,3.2e-05
4.582054495361056e-05,5e-05
2.8832965850785514e-05,5e-05
3.530597197323557e-06,3.4e-05
-3.38028009555252e-05,0.0
8.282237910129453e-06,0.0
-4.6537770843781525e-05,-1.6e-05
-3.1983295473542343e-07,-1.8e-05
-7.984458596057931e-05,-3.2e-05
-0.0002603563810550781,-3.4e-05
-8.065375313847334e-05,-1.6e-05
-8.785165267895711e-05,-3.4e-05
-6.315467712226353e-05,0.0
0.00024344542335015857,-1.6e-05
-6.709875814346421e-05,-1.8e-05
0.00021614492158021886,-1.6e-05
-2.5206531341024685e-05,-1.6e-05
-1.6556159457932744e-05,-3.4e-05
-4.5955274025428084e-05,-3.4e-05
-4.700104887310299e-06,-1.6e-05
-0.00011821304502788572,0.0
-9.175208649045798e-06,1.6e-05
4.9401621300768534e-05,1.8e-05
5.776564366311299e-05,-1.8e-05
-6.285166102588362e-05,-1.6e-05
7.747606361655552e-05,-1.6e-05
-5.0319831053701025e-05,-1.8e-05
-0.00031022163136933736,-1.6e-05
1.2312585718516335e-05,0.0
0.0004059357586939802,0.0
-0.00010213448393514981,-3.4e-05
-2.568238673002825e-05,-6.6e-05
-6.268741142993207e-05,-6.6e-05
-0.00025529561974274643,-8.4e-05
-6.29498360320498e-05,-6.6e-05
-0.00013920625383261596,-5e-05
3.7162626267558436e-05,-0.0001
-7.546874201170795e-05,-0.000134
-8.830389872946125e-05,-0.00015
-0.00010945103174275418,-0.000116
-0.00012546874504161312,-0.000118
-0.00012984458899048445,-3.2e-05
0.00014278524338148075,-5e-05
-7.995692262509352e-05,-6.8e-05
1.438478840391595e-05,-6.6e-05
-5.436304861427745e-05,-3.4e-05
-5.4844574583747666e-05,-1.6e-05
-4.654684377252818e-05,0.0
-0.0005251332385691723,1.6e-05
-8.96330645341619e-06,0.0
1.6213905632058893e-05,1.8e-05
-2.145273034558728e-05,0.0
8.282237910129453e-06,-6.8e-05
-0.0002177843847900541,-0.00015
-0.00017658058618002465,-0.000232
0.0003905815624809944,-0.000284
-0.0003797419617026241,-0.00035
-0.00030446939454396225,-0.000334
-0.0005135668323178472,-0.00035
-0.00033017319892079884,-0.000382
-0.00035443543326234186,-0.000468
-0.0006492262885731589,-0.000466
3.801012903487682e-05,-0.000466
-0.0004464107494258719,-0.00045
-0.00040031987691773466,-0.00045
-0.00045820508342631945,-0.000484
-0.0004339222574812731,-0.0005
-0.0005008781442280778,-0.000566
-0.0005010467823602167,-0.000618
-0.0008435528800049512,-0.00065
-0.0005849086122682981,-0.000682
-0.0007760846883640912,-0.000718
-0.000667922281128633,-0.000766
-0.0007050706383789758,-0.0008
-0.0007426179678090732,-0.000834
-0.0007805645061040234,-0.000832
-0.0008086900329534056,-0.000868
-0.0008340987304608783,-0.00085
-0.0008463630421704023,-0.00085
-0.000646894782570368,-0.00085
-0.001132736468112758,-0.000832
-0.0008457000872116364,-0.000834
-0.0007603963322406147,-0.0009
-0.000548500487661133,-0.000934
-0.0008760846155288689,-0.000932
-0.0009010036115691204,-0.000918
-0.0008882782372892016,-0.000866
-0.0009131850045994033,-0.000816
-0.000884137747084394,-0.000784
-0.0008178199239135765,-0.00075
-0.0008050608614547462,-0.000734
-0.0005483930326267597,-0.0007
-0.0007427514582041978,-0.00065
-0.0005847641554636449,-0.000616
-0.0006761246031907662,-0.0006
-0.0006424510987553572,-0.00055
-0.0006048948541865783,-0.001034
-0.0007048196732803402,-0.000482
-0.0006718627724258513,-0.0005
-0.0006471529271169682,-0.000518
-0.0006392423588853143,-0.000482
-0.0004958737139690079,-0.00045
-0.0004881248805541422,-0.000718
-0.0005445897397911972,-0.000332
-5.5604323885609676e-05,-0.00035
-0.00031420622498976763,-0.000334
-0.00043757687262793943,-0.00035
-0.00034171775124809954,-0.000334
-0.00034220504641682714,-0.00035
-0.00034220504641682714,-0.00035
-0.00034617946257805464,-0.000366
-0.0003502852784160434,-0.0004
-0.0003670088162619962,-0.000366
-0.00014800804007604666,-0.0004
-0.0005303008237556167,-0.0004
-0.00039186871992284564,-0.000418
-0.00030544193361057035,-0.000416
-0.00040871774031811623,-0.00045
-0.00042145273979200977,-0.000434
-0.0004298446071699153,-0.000432
-0.00043330304981807253,-0.000418
-0.0004337860846550408,-0.000432
-0.0004291670566301221,-0.001034
-0.0005855153939638674,-0.0006
-0.0006271735096190061,-0.000616
-0.0006003198495898389,-0.0006
-0.0007171056022287909,-0.00055
-0.0005921180008979012,-0.000534
-0.0005758435730249075,-0.00055
-0.0006849980852950535,-0.000484
-0.0005301732110404193,-0.000416
-0.0004972956391411892,-0.000384
-0.00046008751890366757,-0.000366
-0.00041361692460372497,-0.000316
-0.0003713992064824994,-0.000318
-0.0003467382366462993,-0.00035
-0.0003380301185302987,-0.00035
-0.0003339127840175533,-0.000382
-0.0003505634623009189,-0.000384
-0.0003669127615598306,-0.000366
-0.00037084457440346517,-0.000384
-0.0003791942723864569,-0.000416
-0.00038794980641703786,-0.000418
-0.0003965468403271665,-0.000382
-0.00032670233030501034,-0.00035
-1.980340503481406e-05,-0.000384
-0.00038409878208676474,-0.000416
-0.0003835811517780103,-0.00045
-0.0004009218460163167,-0.000484
-0.0004344275012699126,-0.0005
-0.0004633039115918707,-0.000466
-0.00047546873666531186,-0.000418
-0.000467764005573658,-0.0004
-0.00044697883310796093,-0.000332
-2.961008223915006e-05,-0.000268
-0.0003559726240771219,-0.000216
-0.0003057114784893784,-0.000166
-0.00024702830789752594,-0.00015
-0.0001837860892292733,-0.0001
-0.00015902786154166075,-8.4e-05
-0.00012584354575576135,-0.0001
-0.00010911795663896147,-0.000116
-0.00010028528299027585,-0.000168
-0.00011778386591253203,-0.0002
-0.00014699441642122274,-0.000216
-0.0004803529703422468,-0.00025
-0.00020923435259558474,-0.000216
-0.00022095527476821702,-0.00025
-0.0002547448535203086,-0.0003
-0.00023342471356244777,-0.0003
-0.00026738401525337616,-0.000284
-0.00028400883568981377,-0.000266
-0.00028785163521294045,-0.000234
-0.00027161006712101614,-0.000166
7.037878336117309e-06,-0.000134
-0.00012536219730011443,-0.000134
-0.00034584455316475444,-0.0002
-0.00012590609965471787,-0.000266
-0.00018485789797062464,-0.000316
-0.00032809608995056067,-0.000368
-0.00028903997191741184,-0.000382
-0.0003341377532029539,-0.0004
-0.0003672774932954459,-0.000434
-0.0003966146111601523,-0.00045
-0.00041716862118039124,-0.000434
-0.0004299552969006244,-0.000466
-0.000446333037818781,-0.000516
-0.00046726388996213615,-0.000534
-0.0004884853125104818,-0.00055
-0.0005172837745402513,-0.000516
-0.0005293553456851834,-0.00055
-0.0005378516306387079,-0.000534
-0.0005378516700862242,-0.000516
-0.0005293553456851834,-0.0005
-0.0005254687396952169,-0.00055
-0.0005254687396952169,-0.000568
-0.000534168613280313,-0.000582
-0.0005507708105661585,-0.0006
-0.0005754581707907564,-0.0006
-0.0005878373536677162,-0.000618
-0.0006760023158902678,-0.0006
-0.0006047001412461719,-0.000616
-0.0006087177524377367,-0.000584
-0.0006048445586033088,-0.0006
-0.0006002852935655691,-0.000632
-0.0006084465902107608,-0.0006
-0.0006044354484118675,-0.000568
-0.0006005634380029282,-0.00055
-0.000451061414358855,-0.000516
-0.000559254985132182,-0.000484
-0.0008783743860594252,-0.0004
-0.0004888808527563194,-0.00035
-0.0004391355623390974,-0.000366
-0.00040128421090095454,-0.0003
0.0007662824295034453,-0.000216
-0.00030944972237057904,-0.000134
-0.0002561659502946478,-6.6e-05
-0.0001811765374079139,-3.4e-05
-2.977992352053569e-05,0.0
3.3197199825472894e-05,1.6e-05
7.845824266995698e-05,3.4e-05
-5.8849720360164916e-05,0.0
1.2148349682648505e-05,-3.4e-05
3.377449611737806e-06,-6.6e-05
-1.742747619774132e-05,-6.6e-05
-0.00013812489879232246,-8.4e-05
-6.29498360320498e-05,-5e-05
-0.00010140492184512857,-5e-05
-0.00017173445880382568,-5e-05
-0.00016371805288596626,-5e-05
-5.0051893661181784e-05,-5e-05
-6.324680679655831e-05,-5e-05
-2.5206531341024685e-05,-3.4e-05
-2.5206531341024685e-05,-1.6e-05
-3.7851649649051975e-05,0.0
-2.5468743912742358e-05,-3.4e-05
-2.135534922068643e-05,-1.6e-05
-1.6802800122595034e-05,-3.4e-05
-2.135534922068643e-05,-5e-05
-3.3802796024585657e-05,-8.2e-05
-4.610387775023121e-05,-0.000134
-7.594853229046144e-05,-0.000134
-0.00010089001341499812,-0.000182
-0.00013387853145379325,-0.000134
-0.00014651796931947482,-0.000134
-0.00014651796931947482,-0.0001
-0.0001382259238815406,-8.2e-05
-0.00014610388874098103,-6.8e-05
1.6213905632058893e-05,-1.6e-05
-6.727746525413597e-05,6.6e-05
0.00016475951191633772,0.000168
3.528733695433319e-05,0.0003
0.00012657211694880137,0.000382
0.00031454681013633954,0.000434
0.00044153063330531524,0.000466
0.00039394296423907876,0.000518
0.0004487740651414765,0.000566
0.0004947512499076666,0.000616
0.0010626039667888546,0.000718
0.0006026612719339028,0.000782
0.00066840347694702,0.0008
0.0007272138460551489,0.000668
0.0007406977960733201,0.0006
0.0007104575667706755,0.000566
0.0006562784938650315,0.00055
0.0005948750422735943,0.000584
0.0005745312086201472,0.00055
0.0005661215109648787,0.0006
0.0005704582131157115,0.0006
0.0006203898930474028,0.0006
0.0005528159031678536,0.000716
0.0012170141687522507,0.000816
0.0008494016599173717,0.0009
0.000755220241405336,0.000984
0.0008515353760734857,0.00105
0.00093531700918095,0.001184
0.0010269247139401757,0.0013
0.0015655310027966073,0.0013
0.0012059445645210788,0.001332
0.0012776010567564894,0.001218
0.001286452369356622,0.000982
0.0012046039012324544,0.00085
0.0005640401811103975,0.0008
0.0009584876124042061,0.000734
0.0008392441611578521,0.000634
0.0007524952069800382,0.000532
0.0006724819162087036,0.000534
0.0006064321389110751,0.000584
0.000569959359824711,0.000532
0.0003659911642514367,0.0004
0.00014912742767484856,0.00015
0.00041233781445519684,-0.0002
-0.0006130393461898305,-0.0006
-0.0010227688636368472,-0.000866
-0.0011726695044330286,-0.001
-0.0006740727011834372,-0.00115
-0.0009090147709673133,-0.00125
-0.0014099001613219724,-0.001266
-0.0011691265652049787,-0.001284
-0.001238788669911811,-0.001284
-0.0012713553559351614,-0.0013
-0.0012838027830153025,-0.0013
-0.0012922051039850246,-0.001332
-0.0014668027301997788,-0.001434
-0.0013428643144596482,-0.001434
-0.0013764904818755095,-0.001382
-0.001396551752969773,-0.0013
-0.0013888596450833317,-0.001184
-0.0013273409278492956,-0.001
-0.0012200568590115457,-0.000766
-0.0010675054240157239,-0.000518
-0.0008732013176682166,-0.000382
-0.0005183397845513286,-0.000284
-0.000491988133614465,-0.0002
-0.00034893538440860725,-0.000116
-0.00024794751392211026,1.6e-05
-0.00014874775990151255,3.4e-05
-6.889107576984832e-05,0.0001
6.555625053065493e-06,0.0002
8.57117730702884e-05,0.000232
0.0003688565134921772,0.000218
0.00026556133805413307,0.000216
0.00021621389556245152,0.000234
0.00022479347394662193,0.000182
0.00021202748844868275,0.0002
0.0002075202349611711,0.000218
0.00030300561084792353,0.00025
0.000336555447319764,0.000316
0.0002449026934969355,0.000384
0.00023151805260102374,0.00045
0.0005408653570028985,0.000566
0.0004267132388940007,0.000616
0.0005017233222792705,0.000718
0.0005851079161352783,0.00165
0.0008764999734425682,0.000932
0.0009689864899696974,0.001018
0.00107089536134277,0.001082
0.0011635097667177107,0.001118
0.001035747150958384,0.001182
0.0010985270841832367,0.001218
0.0011103169211668274,0.00125
0.0011907831483202011,0.001216
0.0012159012754226835,0.001034
0.0011773897697994313,0.00085
6.220583390746227e-05,0.00075
0.0009580782260801508,0.000666
0.0005649704718870594,0.0005
0.0003118751284768238,0.00035
0.00022838992373051895,0.000234
0.0004334787640703113,0.00015
0.00030524137772867916,0.00015
0.00021896626711653805,0.000182
0.0001781470226190595,0.0002
0.0001699652428510343,0.000218
0.00018687510117830277,0.000182
0.00019512631843687707,0.000184
0.00019563694681149009,0.000184
0.000191623655122959,0.000166
0.00017880573696982434,8.4e-05
0.00015347311399751637,8.2e-05
8.918515253269584e-06,5e-05
2.413842071800732e-05,8.4e-05
7.463780002668753e-05,0.000134
0.0001496801662731009,0.00015
0.0001035121738706172,0.000116
0.00012038991205774674,6.6e-05
0.00011571622949900852,0.0001
0.00010724857358043128,8.4e-05
9.103669467545456e-05,0.000134
9.537744512764661e-05,0.000166
0.0001997147154653968,0.000184
0.00014105699838343032,0.000182
0.00016600092525397695,0.000168
0.00017479346105483772,0.000116
0.00016181501123416182,6.6e-05
0.00013186226556835805,5e-05
9.885339261115744e-05,-0.000166
-0.0003134393258255781,-0.00035
-0.00010423941326625134,-0.00055
-0.00025950285514511623,-0.00075
-0.0004594126902424984,-0.00095
-0.0006555446761523249,-0.00105
-0.0008931631810214297,-0.0011
-0.0009658241648116432,-0.001084
-0.0010138034688196046,-0.001
-0.0005224569218264926,-0.000932
-0.0010306786429181752,-0.00075
-0.0006918550892616402,-0.000634
-0.0008325960167753356,-0.00055
0.0011545962059368727,-0.000416
-0.0005905217177037191,-0.000318
-0.0004825107100357812,-0.000182
-0.00010042543015377436,-0.0001
-1.75089895592146e-05,-5e-05
5.776564366311299e-05,1.6e-05
-8.079375237378575e-05,1.6e-05
-9.23435526878278e-06,-1.6e-05
-9.178660306721148e-06,-1.6e-05
-5.443542494479011e-05,-3.4e-05
-1.6556159457932744e-05,-1.6e-05
-2.0700106251355104e-05,-1.8e-05
-2.119425542603806e-05,-1.6e-05
-2.1194260356977592e-05,-1.6e-05
-2.9194261038999995e-05,-1.8e-05
-1.6802800122595034e-05,-1.6e-05
-2.970010640226287e-05,-1.6e-05
-4.363050515311845e-06,-3.4e-05
-2.1194260356977592e-05,-1.6e-05
-2.0700106251355104e-05,-3.4e-05
-4.001061849153489e-07,-3.4e-05
-1.2949837933084204e-05,-1.6e-05
-4.33301862806648e-06,-1.6e-05
4.512631181263145e-05,0.0
-2.5206531341024685e-05,-3.4e-05
-2.970010640226287e-05,-1.6e-05
-4.179454378089921e-06,-1.8e-05
5.724857548146568e-05,0.0
2.4770886136702233e-05,-1.6e-05
-8.079866358956383e-05,-1.6e-05
-1.2687413330966464e-05,-1.8e-05
2.4234393135119414e-05,-3.2e-05
-1.3124891217559619e-05,-1.8e-05
-3.768741484591903e-05,-1.6e-05
4.089004427100728e-05,0.0
-1.678609409944631e-05,0.0
2.902708615069421e-06,1.6e-05
-2.852892578144221e-07,1.8e-05
-0.00021845574206978978,1.6e-05
-3.768741484591903e-05,1.6e-05
-1.2687413330966464e-05,0.0
1.2312585718516335e-05,-3.2e-05
-4.88653531637057e-07,-5e-05
0.00018576801649550928,-5e-05
-9.629467362361138e-05,-3.4e-05
-2.5229115044100577e-05,-3.4e-05
-5.0660874555784284e-05,-1.6e-05
0.0005190831880104937,-3.4e-05
-2.1194260356977592e-05,-1.6e-05
-2.852892578144221e-07,-1.6e-05
0.0001265474425273621,0.0
0.00017732133679371914,0.0
0.00022200317360562277,0.0
-5.436304861427745e-05,1.6e-05
2.398690188338713e-05,3.4e-05
-2.103475925579942e-05,1.6e-05
6.599116086482451e-05,1.6e-05
2.880573820426359e-05,3.4e-05
0.00013243375159872713,1.6e-05
-0.00013500929450823966,1.8e-05
4.9401621300768534e-05,1.6e-05
4.968016760969995e-05,3.4e-05
-0.00014837190396630356,1.6e-05
4.054896008867285e-05,3.4e-05
8.703802815358789e-05,3.2e-05
2.880573843540138e-05,1.8e-05
2.4793466449757195e-05,-1.8e-05
-4.6546838841588636e-05,-6.6e-05
-4.5844584294718976e-05,-5e-05
-9.171775582233197e-05,-6.6e-05
-5.082026717629265e-05,-8.4e-05
-8.000210975500345e-05,-0.00015
-8.844455871067153e-05,-0.000234
-0.00021765290621826025,-0.000266
-0.0005695775717473743,-0.000284
-0.0002347762249180518,-0.00025
-0.00017954175343783298,-0.00025
-0.00020953046537661394,-0.0002
-0.00013785164584698319,-0.000166
0.00010243879215955378,-0.000116
-0.00018421304942183568,-0.000118
-0.00011006254714027829,-8.2e-05
-0.00011749924222062223,-0.0001
-6.680279329062109e-05,-8.4e-05
-0.00010820503263134623,-8.4e-05
-0.00029802327590704994,-0.0001
-0.00011327824949694639,-8.2e-05
-8.768741294488463e-05,-8.4e-05
-0.00017612469123426373,-8.4e-05
-8.768741294488463e-05,-8.2e-05
-5.4333019192501846e-05,-6.8e-05
-3.0120942367921273e-05,-0.0001
-0.00016268740762786328,-0.000116
-9.263040369733316e-05,-0.000116
-7.919425420702606e-05,-0.0001
-9.196329688747768e-05,-8.4e-05
1.5615968809282654e-05,-6.6e-05
-8.38027990544908e-05,-8.4e-05
3.191674639042305e-05,-8.4e-05
-7.970009957028893e-05,-8.2e-05
-7.935534800167444e-05,-6.8e-05
-0.00016048785356706166,-6.6e-05
0.0001927707888966657,-6.6e-05
-3.794983451709723e-05,-6.8e-05
-0.0001668027894885523,-0.0001
-0.00021468300133559376,-0.000116
-0.00016370535078572094,-0.000116
-9.171776568421105e-05,-0.0001
-0.00010820503263134623,-8.4e-05
-0.00010433301236052792,-5e-05
8.299115676681514e-05,0.0
-3.428375986694875e-05,0.0
-2.5614098148391113e-05,3.4e-05
3.6683203960167855e-05,6.6e-05
6.214835147981876e-05,0.0001
8.321390209848489e-05,0.0001
7.01554157327268e-05,8.4e-05
-1.3030143214371113e-05,5e-05
2.080573829270049e-05,0.0
5.754895845613325e-05,-5e-05
-0.00010501823544223947,-0.0001
-0.0003929202723645822,-0.000118
-0.0001552946669425452,-0.00015
-0.0004035597408781303,-0.000166
-0.00013414521638767027,-0.0002
-0.00042750584282412707,-0.000216
-0.00014570012368799704,-0.000134
-5.9234353367748375e-05,-0.000116
-7.935533813979535e-05,-0.00015
-0.00015493778526267163,-0.0002
-0.00015077715710079821,-0.000218
-0.0001720021102018518,-0.0002
-0.00019263041961902253,-0.000166
-0.00015417944620951696,-0.000166
-0.00023834565315329035,-0.000184
-0.00016927246041714816,-0.0002
-0.00019171776188214228,-0.000234
-0.00027119425085180563,-0.00025
-0.00013513521098023663,-0.000266
-0.00023810794242012814,-0.000284
-0.00018048782322101068,-0.000282
-0.0003045377965372087,-0.000284
-0.00027919424660288847,-0.000284
-0.0005366628402877992,-0.000266
-0.0001589633254050107,-0.000216
-0.00026319210521108494,-0.000234
-0.00025066089160634435,-0.000216
-0.00023350899318100088,-0.000168
-0.00020910997457672305,-0.000116
-0.00013768742583666885,-0.000134
-0.00015944584742426724,-0.000132
-7.154528217964776e-05,-0.000134
-0.0001291942572369312,-0.00015
-0.00013768740611291071,-0.000134
-9.237635183054793e-05,-0.000132
-0.000150285286020181,-0.00015
-0.000544642402225444,-0.00015
-0.00020529466997245036,-0.00015
-0.00014171777857599529,-0.00015
-0.00016750897892517188,-0.0001
-0.00010028528299027585,-6.8e-05
-0.00011786655776855447,-6.6e-05
-0.00023437845588754385,-0.000116
-8.803014282828928e-05,-0.000134
-0.0002344863448445964,-0.000134
-0.00011319211584512766,-0.00015
-0.00013380279222251687,-0.000166
-0.0004995166526508525,-0.000184
-0.0001589633254050107,-0.000182
-0.0001463330196393502,-0.0002
-0.00018330305439230498,-0.0002
-0.0001917177816059004,-0.0002
-0.00019171776188214228,-0.000168
-0.00019234746258467596,-0.000166
-0.0001839127749278379,-0.000266
-0.00046776416336372317,-0.000284
-0.00022234933027013957,-0.0002
-0.00019646941245682724,-0.000166
-7.63254335848521e-05,-0.00015
-0.0002797344408909607,-0.000168
-0.0001714527246424841,-0.000166
-0.0001382845428907472,-0.00015
0.000250773687070101,-0.000116
-0.00010820504249322531,-0.0001
0.00016071452414846777,-0.000118
0.00010219343353917091,-0.000116
-0.00011268741445983719,-0.000116
-0.00011268741445983719,-0.000118
-0.00011655617044868255,-0.000116
-0.00011705751879508839,-0.000116
-0.00011283737419301279,-0.000134
-0.00012119426148584832,-0.000184
-0.00026730304922619136,-0.000216
-0.00016348533226361473,-0.000234
-0.00024196330597719311,-0.00025
-0.000221610064091111,-0.000266
-0.0002961794595481495,-0.00025
-0.0001668027894885523,-0.00025
-0.00025417945226932723,-0.000184
-0.00012522911124203178,-0.000116
-0.00011310793484536529,-0.0001
-0.0001261203095300504,-0.0001
0.00013743541066977763,-3.4e-05
-8.828452999896297e-05,1.8e-05
-5.5229414690791644e-05,3.2e-05
-2.2285876682445955e-05,6.8e-05
4.1794960432815675e-05,0.000116
0.00017880573696982434,0.000184
0.00011937302412094982,0.00025
0.000295666992154955,0.0003
0.00036129462185700856,0.0003
0.0003786446651566756,0.00035
0.0004106552200953727,0.000382
0.00033213342019119637,0.0004
0.0003570569921433375,0.000418
0.0007887694861644321,0.000416
0.000319307099717092,0.000416
0.00041231256804477134,0.000434
0.00042080569719699275,0.000516
0.0004444731024404022,0.000568
0.0005949391444875651,0.000616
0.0004230464344648009,0.00065
0.0005862460953227871,0.000666
0.0009022936787090292,0.000684
0.0007112461226213082,0.0008
0.0006985367640330029,0.001366
0.0008719123850881324,0.000634
0.0008637579523107751,0.000766
0.0012494076801790887,0.000868
0.0006210162012635355,0.000932
0.0007972062842633916,0.000984
0.0006784636192363364,0.001
0.0009447200347439113,0.000966
0.0009698712188650444,0.000984
0.000983197142132959,0.00095
0.0009745312328593883,0.0009
0.0009492228109383241,0.000916
0.0010590552682234263,0.000918
0.0009205473068168298,0.000966
0.0009243858657319553,0.000866
0.000987590806497314,0.000684
0.00047009663112158916,0.000484
0.000328645687762194,0.000332
0.0004145310963609084,0.00025
0.0002161971895393028,0.000218
0.00020369915129576192,0.000232
0.00018702750665748833,0.000184
0.00018632773730414492,0.000116
-5.336894161813787e-05,6.8e-05
7.453125721612838e-05,6.6e-05
6.231258628295171e-05,8.4e-05
0.00017869916950456752,6.6e-05
0.00011491674668636363,3.4e-05
7.864465190818431e-05,5e-05
7.797423643790003e-05,5e-05
0.00021205015104679124,0.000116
6.171545197058498e-05,8.4e-05
0.00043075818721435437,0.0001
8.689206248143664e-05,0.0001
4.475123496586918e-05,0.00015
0.00011671363036275828,0.000132
9.922918937509199e-05,0.000118
0.0001245418617660364,0.00015
-6.411471279328259e-06,0.0002
0.00014922918254311804,0.000166
0.00016619719637127672,0.00015
0.00016599115213181617,0.00015
0.00016649101133448205,0.00015
0.0001538205381353595,0.00015
0.00020788202785682278,0.000184
0.00015813128382047366,0.00015
0.000202430144420478,0.000116
0.0001247934580249326,0.0001
0.00013669609518135372,8.4e-05
0.00011189205906544968,0.00015
0.00011189206892732876,0.000216
-8.40166341784186e-05,0.000234
0.00016953195133210738,0.0002
0.00013703801639067443,0.000182
0.00017791765503559262,0.0002
0.0002035305920586557,0.000218
0.00019968015944112698,0.000182
0.00019512631843687707,0.000168
0.00019153059843203142,0.000132
0.00017423439113022085,0.000118
0.00014546223073193753,0.000166
0.00014546223073193753,0.000216
0.00015706221668150444,0.000218
0.00033587268970782056,0.0002
0.00019948085086507288,0.000132
0.0001906292719942054,0.0001
0.00016130178918535273,0.000118
0.00017403538827241802,0.0001
0.00011216261971780218,0.0001
5.803669494394935e-05,5e-05
0.0001364013827871528,3.2e-05
6.974990759261674e-05,0.0
1.5854779141961426e-05,-1.6e-05
4.4600796931558586e-05,-1.6e-05
-4.1868718437267807e-05,-3.4e-05
-5.191538581383571e-07,-1.6e-05
0.00012065877646689879,5e-05
-4.795922904378165e-06,3.2e-05
7.150276637375721e-06,3.4e-05
2.4385901491493093e-05,6.6e-05
4.515541421777423e-05,0.000184
7.745920473428118e-05,0.00015
0.00014510516167636156,0.000216
0.00015261269463408286,0.00025
0.00019907809172375426,0.0002
0.00020310517031922864,0.000184
0.00043831775144606187,0.00015
0.00019510517456814577,8.4e-05
0.00015339468247325323,5e-05
0.00011568949394484313,8.2e-05
9.059670200969793e-05,0.0001
2.7881895401504714e-05,0.000134
9.074500494718935e-05,0.000184
0.00032821705105018925,0.000182
0.00014128224370144494,0.00015
7.854726585234393e-05,0.000134
-5.582072309809631e-05,0.00015
0.00015828223960343555,0.000166
0.0001497147124354917,0.0002
0.0001618920620953548,0.00025
-0.00031067038631464984,0.000284
0.00022387531328121925,0.000284
0.00025364568321733626,0.000266
0.0004484998654557463,0.000284
0.0002792998823424385,0.000282
0.00017395699619567116,0.00025
0.00027015541552499853,0.000184
0.000248996359499907,0.000134
0.0001662360028654268,0.000132
0.00017380739149014217,0.0001
0.00013675318559930408,0.0
-0.0007227087274425907,-0.000116
-0.00018848034366775664,-0.000234
-6.560203061851845e-05,-0.0003
-0.00016534350751844462,-0.00035
-0.0005020546664014204,-0.0004
-0.00032252393103704836,-0.0004
-0.00036352926919262394,-0.0004
-0.00038803935227901565,-0.000782
-0.0004996017803910058,-0.000468
-0.0005164193216682771,-0.000516
-0.0005450917883310172,-0.000566
-0.0005269022229896711,-0.0006
-0.0005387415666062053,-0.000584
-0.0008240912111582925,-0.000584
-0.0003144838171618988,-0.000582
-0.00046726388996213615,-0.000584
-0.0005835561541723031,-0.00055
-0.00045028528447585366,-0.00045
-0.0005428529445439909,-0.000416
-0.0003213412156036483,-0.00035
-0.0003803529642824365,-0.000284
0.00022707527607888773,-0.0002
-0.00018350899015109575,-0.000134
-0.0002440323873778663,-0.0001
-0.00018124225697005266,-0.000132
-0.00038193962228264385,-0.00015
-0.00013895791199381368,-0.00015
-0.00013350898712119062,-0.000168
-0.0001503198223206927,-0.000166
-0.00010093317885969822,-0.0002
-0.00017145274436624223,-0.00025
-0.0002466828462736182,-0.00025
-0.00021738403194722914,-0.00025
-0.00023803934318930022,-0.000216
3.0534975399803844e-05,-0.000184
-0.00021310794090517558,-0.0002
-0.0002505634365173505,-0.0002
-0.00022568238898776973,-0.0002
-0.0002722588209739178,-0.0002
-0.00020005189781995767,-0.000216
-0.0002041794492394221,-0.000218
-0.00020871776764601197,-0.000182
-0.0001294527272255409,-0.00015
-0.00019219387368000173,-0.000134
-0.00017179938941563864,-0.000166
-0.00015844658266537276,-0.000268
-0.00018079868937313225,-0.00015
-0.00018079866964937412,-0.000132
-0.00040003336960692205,-0.00015
-0.00017634476892764437,-0.000168
-0.00026806170385947634,-0.000182
-0.0001584694030535464,-0.000268
-0.00019312497313074745,-0.000232
-0.00021349091711707487,-0.000234
-0.00029196330900709824,-0.00025
-0.0002291942632967415,-0.00025
-0.00022587363054674256,-0.000266
0.0003803916378630846,-0.000284
-0.00026285165342174605,-0.000334
-0.00028428376515459537,-0.000316
-0.00028365292047408927,-0.000334
-0.00020185259804355338,-0.0003
-0.00032135533781448006,-0.000282
-0.0003084797473925297,-0.000284
-0.00033030081163599626,-0.000316
8.339313535261223e-06,-0.000334
-0.0009706973531840169,-0.00035
-0.00032161008987467943,-0.00035
-0.0003426225589292381,-0.000366
-0.0003502852784160434,-0.000368
-0.0003587177372882111,-0.000332
-0.00025028527235623315,-0.0003
-0.0003421938827697171,-0.000318
-0.0003005191399864622,-0.000316
-0.00035999453504796224,-0.0003
-0.000308717734258306,-0.0003
-0.000308717734258306,-0.000284
-0.00027119425085180563,-0.000266
-5.889735963409912e-06,-0.00025
-0.00027546874426944947,-0.000266
-0.0002668027955483626,-0.00025
-0.00019294300173810272,-0.00025
-0.00025417945226932723,-0.00025
-0.00035436300762243383,-0.0003
-0.0002630393447042528,-0.000334
-0.00018867643727123312,-0.000334
-0.0003053543206768908,-0.000282
0.0003215964560487273,-0.00025
-0.00030089000581086053,-0.00025
-0.0002798529609536533,-0.00025
-0.000258347476840505,-0.000234
-0.00011801945634169364,-0.000216
-0.00025896331174106284,-0.00025
-0.0002378516519067935,-0.000268
-0.00024247975286045885,-0.000182
-0.0004485624930969303,-0.0001
-4.179454378089921e-06,-5e-05
7.837302124195244e-05,0.0
-3.1983295473542343e-07,-1.8e-05
-4.294300251026635e-05,-0.0001
-0.0001053513795791857,-0.000216
-8.561519546666641e-05,-0.000234
-0.00014418626607910244,-0.0002
-0.0002108398665085786,-0.0002
-0.00011765291988220812,-0.000166
-0.00015433301539043306,-0.000116
-0.00012124350184805704,-0.0001
-9.646940639701695e-05,-0.0001
-0.00010071794334894211,-0.000118
-0.0001087177517243226,-0.000132
-0.00011655617044868255,-0.000134
-0.00016728637659074868,-0.00015
-0.00013378608619936814,-8.4e-05
-0.0003275850868245429,-0.0001
-0.00012192954346573161,-0.000166
-0.00013583329395225866,-0.000234
-0.00032732035454272225,-0.0003
-0.00034299786259921905,-0.0003
-0.00025137660761814795,-0.0003
-0.0002842105308406034,-0.000266
-0.00024735866112269466,-0.000266
-0.0001770424968720198,-0.00025
-0.000270955258074364,-0.00025
-0.00025820505158294073,-0.000234
-0.00025028529207999126,-0.0002
-1.0348079461661792e-05,-0.000166
-0.00021330389644234502,-0.000134
-0.00018442746639662876,-0.0001
-0.00015092190976182356,-8.4e-05
-0.00012178620105341363,-8.2e-05
-0.00010051915745247886,-6.8e-05
-8.378609303134207e-05,-6.6e-05
-7.520653437092981e-05,-5e-05
-7.161008458703279e-05,-5e-05
-0.000217551723338977,-5e-05
-5.417945987346483e-05,-0.0001
1.4595558948921991e-05,-0.000116
-7.973446821885639e-05,-0.000118
4.434958158774157e-05,-0.000116
-0.00018391279465159604,-0.00015
-0.00020130271939023205,-0.000134
-2.97993908698247e-05,-6.6e-05
-0.0002050480046530904,-5e-05
-0.00010106141287327719,-1.6e-05
-3.7837374579094613e-05,0.0
-8.868943902991938e-05,3.2e-05
4.5666981936368885e-05,5e-05
4.1144869062564816e-05,8.4e-05
0.00010389612147760512,0.00015
7.78818947332052e-05,0.000184
0.00025730950935905623,0.00025
0.0006884707835112757,0.000282
0.00021520514367588938,0.000318
-0.0002343929725735385,0.000216
9.479584574028876e-05,0.000166
0.0002160872098638869,0.000218
0.0002574695282088857,0.0002
0.0005931852290182891,0.000232
0.00024951134682507,0.000284
0.00023272252333965762,0.000284
0.0002666969531530831,0.000282
0.0002699460478322905,0.000234
0.00018731258399583547,0.0002
0.00021214833591483648,0.0002
0.0001834438378688692,0.0002
0.00015370532180215615,0.000166
0.00030151039219047585,0.00015
0.00021945825653970415,0.000118
0.00015776564479198373,6.6e-05
-0.00034282350457721824,-3.4e-05
7.327081538281885e-05,-3.2e-05
2.788369627307846e-05,-1.8e-05
1.1335104617758018e-05,-3.2e-05
0.00024364007711929046,-6.8e-05
-0.00044339376393251354,-5e-05
-4.246939562969131e-05,-3.2e-05
-4.5873686699861755e-05,-1.8e-05
-4.246939562969131e-05,1.8e-05
-2.1120942217013508e-05,1.6e-05
-4.537770961368569e-06,1.6e-05
7.623646832853035e-06,3.4e-05
5.382054686836785e-05,3.4e-05
2.477088582851851e-05,8.2e-05
4.089004550374217e-05,6.8e-05
5.3974517920856154e-05,5e-05
0.00043476601542187927,5e-05
-4.6225510702846e-06,6.6e-05
-7.561410610923579e-05,0.000116
6.982679819827482e-05,0.000234
0.00011471212255748949,0.000266
0.00019545316083309603,0.000234
0.0002110801168974675,0.000184
0.000228770690881506,0.000132
3.6774066383001815e-05,8.4e-05
0.0001571072065738329,6.6e-05
0.00011536233596849387,0.0001
9.489612132669737e-05,0.000118
0.00012932620446984652,0.00015
0.00010774500084917997,8.2e-05
0.00011187511142626369,3.4e-05
9.492936572105058e-05,3.4e-05
7.382034887037265e-05,3.2e-05
4.497451530447862e-05,0.000118
5.3589248822072516e-05,0.000182
8.994377165100908e-05,0.000268
0.0001478557383684569,0.00025
0.00020302741926462147,0.0002
9.152023246825555e-05,0.00015
0.00021585794089921072,0.00015
0.00018647072468881628,0.00015
2.7299131079681432e-05,0.00015
0.00014994810366562015,0.000182
0.00017883296561794335,0.00015
-0.0002681027490001759,0.0001
0.000371369201937287,6.8e-05
3.689206499883849e-05,3.2e-05
-2.5614098148391113e-05,1.8e-05
3.7162626267558436e-05,1.6e-05
0.00026096004168778655,0.0
1.189206533298825e-05,0.0
-8.0857903897152e-05,0.0
-1.2972500531192679e-05,1.6e-05
7.454186859801032e-05,3.4e-05
0.0003549513034475474,3.4e-05
8.175951655133667e-05,0.0002
0.00012054726820022666,0.000116
4.563695128185841e-05,8.4e-05
9.136959719636351e-05,6.6e-05
0.00016171545556492548,6.6e-05
8.24910066387166e-05,6.8e-05
2.4385901491493093e-05,3.2e-05
-0.0001471668217911672,-5e-05
-5.462254423831066e-05,-0.0001
-0.0003614753553619642,-0.00015
-6.866728014805735e-05,-0.000132
-0.00010894299704233722,-0.000134
-5.0844640810420206e-05,-0.000134
-0.0003517540672375769,-0.000182
-0.0001460254868023551,-0.00025
-0.00017617964162445538,-0.00025
-0.00020521684002281062,-0.0002
-0.00022125010550496678,-0.000184
-0.00013797251303689507,-0.000134
-0.00019302787306940016,-8.2e-05
-0.0003148977793978437,-0.00015
-0.00034225498697245,-0.000284
-0.00016434840447251874,-0.00035
-0.00021912727686334877,-0.000366
-0.00028961142836214366,-0.000368
-0.00034284973717555096,-0.000382
-0.00013111204755075404,-0.000384
-0.000256290131075928,-0.0004
-0.00038378612107265196,-0.000484
-0.00011062541388833802,-0.00055
-0.0004561609525796995,-0.0006
-0.0009217212893344456,-0.000616
-0.0005637767355819302,-0.000584
-0.0005881079241819478,-0.000582
-0.0005958445683142801,-0.0006
-0.0005958446077617964,-0.000568
-0.0005837861331922725,-0.0006
-0.0005878373536677162,-0.000582
0.000249519650527249,-0.000618
-0.0002939293534952225,-0.000666
-0.0006172774689974552,-0.0007
-0.000642617961749263,-0.001434
-0.0008628274887293639,-0.0007
-0.0008830101003837346,-0.000632
-0.0008746533807428433,-0.000618
-0.0008544529388111096,-0.00055
-0.000626321719399761,-0.000516
0.00017501332178687879,-0.000516
-0.0002642720006932757,-0.0005
-0.0005209552732238896,-0.000484
-0.0005043330365997689,-0.000984
-0.0008197941143138146,-0.0005
-0.0005400947742050097,-0.000416
-0.0006082355854461267,-0.000334
-0.0005647629629366909,-0.000216
-0.00013328636506300927,-0.000134
-0.00024042934985874886,-0.0001
-0.00013024351186084388,-0.000116
-0.00014260866128388357,-0.000134
-0.0001461794504584341,-0.000132
-0.00012084457897769761,-0.000118
-8.783737267806021e-05,-8.2e-05
-0.00012546874504161312,-0.0001
-0.0001134958814443171,-0.0001
-0.00010031982915266662,-0.000118
-0.00010031982915266662,-0.000132
-7.954175723990177e-05,-0.00015
-0.00012545813365973115,-0.000118
-9.247977335638065e-05,-0.000132
-0.00013768740611291071,-0.000134
-6.352928059883033e-05,-0.000134
3.2722539264755696e-05,-0.0001
-1.6980911934586917e-07,-0.000116
-0.00011285165419390969,-0.000116
-0.0001668027894885523,-0.000134
-0.00011680279632052624,-0.000134
-0.00012983000327133632,-0.000132
-0.00019633302266925534,-0.00015
-0.00017203153804900399,-0.000134
-0.00012084458883957669,-0.000134
-0.00010031982915266662,-0.000132
-0.00017067379398582618,-0.000168
-0.00010479591910230936,-0.00015
-0.00014636305892300487,-0.00015
-0.00021268743038152656,-0.000166
-0.00022390567285407822,-0.000184
-0.00016285164736193578,-0.000182
-0.0001793412219887739,-0.000168
-0.00016296196234124013,-0.000166
-0.00018768740914281584,-0.000184
-0.00018785166860064647,-0.0002
-0.00015487368304870072,-0.000182
-0.00019595527325326443,-0.000184
-0.0002005983839868781,-0.000184
-0.00017984457229663144,-0.000182
-0.00016310793787527043,-0.00015
-0.00018768740914281584,-0.000184
-0.00018783738859974957,-0.000184
-0.0002211942675456586,-0.0002
-0.0001967382275565839,-0.000182
-0.0001837860892292733,-0.000184
-0.000221610064091111,-0.000184
-0.0002206737970157313,-0.0002
-0.00020064583934897468,-0.000216
-0.00017520653056886102,-0.0002
-0.000187687428866574,-0.000184
-0.00015051913089674678,-0.000182
-0.00015871776461610682,-0.000184
-0.00020028528905008614,-0.0002
-3.276495652569933e-05,-0.000216
-0.0002464354314514487,-0.0002
-0.00019584460324631347,-0.0002
-0.0005329004939741455,-0.0002
-0.0002082050485530356,-0.0002
-0.0002503198481042611,-0.000234
-0.00023768741217272096,-0.000216
-0.00023328637112281957,-0.000234
-0.00017935534419960566,-0.00025
-0.00018768740914281584,-0.000216
-0.0002041794492394221,-0.0002
-0.0002082050485530356,-0.0002
-0.0002170088466197971,-0.000218
-0.00021268741065776843,-0.000216
-0.0001466145960106266,-0.000234
-0.00020470013673068902,-0.000216
-0.0005388669308129742,-0.000216
-0.00019570012671790216,-0.000218
-0.00021268741065776843,-0.0002
-0.00019653777500255743,-0.000216
-0.00018305751332715927,-0.0002
-0.00020040010104624753,-0.000216
-0.0002041794492394221,-0.000218
-0.00016728637659074868,-0.000216
-0.00022916704451050152,-0.000234
-0.00022967380702851813,-0.000232
-0.0002463330059754023,-0.00025
-0.0002917177679419525,-0.000284
-0.0002587177706759171,-0.00025
-0.00040678666605318284,-0.00025
-0.00022131377379625851,-0.000234
-0.00025495526657219825,-0.000232
-0.0002417177649120474,-0.000234
-0.00023380279828232715,-0.000216
-0.00023380279828232715,-0.00025
-0.00020871776764601197,-0.000234
-0.00022520653359876618,-0.00025
-0.00023768741217272096,-0.000234
-0.00025871779039967523,-0.000216
-0.00023768741217272096,-0.000216
-0.0006038999089307176,-0.000234
-0.0002378516519067935,-0.000234
-0.00020005189781995767,-0.000216
-0.00020005189781995767,-0.0002
-0.00018785166860064647,-0.0002
-0.0002087177873697701,-0.000216
-0.00011402994164360623,-0.000234
-0.00022935534722951076,-0.000234
-0.000500048050142792,-0.000232
-0.00023330305742221013,-0.000218
-0.00021765290621826025,-0.000232
-0.0002340196215556139,-0.000234
-0.00023380279828232715,-0.000234
-0.0002543330017264852,-0.00025
-0.00022520653359876618,-0.00025
-0.00023768741217272096,-0.00025
-0.00021285167011559904,-0.000216
-0.0004995638713278513,-0.000216
-0.00023342471356244777,-0.00025
-0.00022970011852188344,-0.00025
-0.00020868999659454397,-0.000234
-0.00012185019478671472,-0.0002
-0.00019171776188214228,-0.000184
-0.0002087177873697701,-0.000182
-0.000200285269326328,-0.000184
-0.00018785166860064647,-0.000216
-0.0001968754457419979,-0.000218
-0.00023768741217272096,-0.000216
-0.00020885512389773295,-0.000234
-0.00022967380702851813,-0.000216
-0.00024237071992543394,-0.000216
-0.0001711038902559336,-0.000218
-0.00020051913392665194,-0.000216
-0.00023365291744418415,-0.0002
-0.00021268743038152656,-0.000184
-0.00022546876096330245,-0.000182
-0.00015820504552313045,-0.000168
-0.0001837860892292733,-0.000166
-0.0001926899853686201,-0.000166
-0.0001293553411697005,-0.000134
-0.00011727746828404111,-0.000134
-0.00018342471053254264,-0.0001
-5.885512466989662e-05,-8.2e-05
-0.00011305837890302626,-6.8e-05
3.3197200133656616e-05,3.2e-05
-5.57709107469014e-05,6.8e-05
6.214835147981876e-05,6.6e-05
8.714834806383178e-05,6.6e-05
5.765252544468229e-05,6.8e-05
0.00020803668184443683,0.000132
0.00013588865383229736,0.000118
5.782862901927892e-05,0.0001
8.257252493112943e-05,0.000116
0.00013299115486578074,0.0001
0.00028732676157587286,0.00015
0.00010293917404181053,0.000184
0.000310672985141651,0.000216
0.00012409389577104968,0.0002
8.112086619354474e-05,0.000184
0.00017453125341405958,0.000216
0.00026621389859235667,0.000266
0.00028269696437900697,0.000268
-0.00017118020147619618,0.000282
0.00024128223989937613,0.000268
0.0002860740662485747,0.00035
0.0002911560897721866,0.000416
0.00044968017459065264,0.000466
0.0005206446390477919,0.000484
0.0005123125741045817,0.000484
0.0005499480687335868,0.000482
0.00047880573542549704,0.0005
0.0006605307783310042,0.00055
0.0008186456148917221,0.00055
0.0005197498904833072,0.000568
0.0005949652587433489,0.0006
0.000566491015849965,0.000616
0.0005926731213618152,0.000584
0.00015498113337400008,0.000616
0.0006036669863617106,0.000634
0.0008109644734148094,0.000682
0.0005992820398984554,0.0007
0.0006571502839750356,0.000668
0.0006831972028485606,0.000682
0.0008895398233223492,0.00065
0.0006745418655093558,0.0007
0.0006306210008723191,0.000718
0.0006868751314773542,0.000682
0.0006868751314773542,0.000634
0.0007641666225197269,0.000584
0.0006532480962161346,0.0005
0.000598329619065155,0.000466
0.0005443495983267092,0.000384
0.00027064466334578244,0.000266
0.0004017642232938527,0.000166
9.582053935437152e-05,0.0001
0.00017436136282327858,0.0001
0.00042825997600772284,0.000118
1.9512176571261036e-05,0.0001
0.00028937840717434596,0.0001
0.00010765946384104513,8.2e-05
0.0001947706793537666,0.000134
0.00015429988462955472,0.00015
0.00011583138666093745,0.000134
0.0001036369512955813,0.000116
-4.240329145426871e-05,0.0001
7.453125721612838e-05,0.0001
4.4704356523698325e-05,6.6e-05
5.366698261839129e-05,5e-05
0.00010680301388393826,5e-05
2.7959361386169926e-05,5e-05
0.0001277141126835113,3.4e-05
2.4156449773870353e-05,5e-05
4.582054495361056e-05,5e-05
3.3087224156445376e-05,6.6e-05
2.8389919084353642e-05,8.4e-05
6.214835147981876e-05,8.4e-05
6.196985886501683e-05,0.0001
0.0001144491456901437,0.000116
7.838991957174308e-05,0.000116
0.00012025144141369056,0.000134
7.827226735440882e-05,0.0001
0.00011619719334137161,8.4e-05
9.101465337572763e-05,0.0001
0.00010404472520240825,0.0001
0.00010803669057744518,0.0001
3.669610206525972e-05,0.000116
0.00010382054496733346,0.000116
0.00011551529371290746,0.000134
-8.701967497476852e-05,0.000134
9.15305973031607e-05,0.000132
0.00013716262123275474,0.00015
0.00016168319735847952,0.00015
0.0001082822316425909,0.000134
0.00014128223383956585,0.00015
9.853677205259709e-05,0.000134
0.0001415305954021263,0.00015
0.0001245418617660364,0.000166
0.00014515540795023566,0.000134
0.00019531714579692887,0.00015
0.00017826553281987306,0.00015
0.0001952998875085521,0.00015
0.00013731258096593034,0.00015
0.00017015540946518822,0.00015
0.0001623125824808829,0.000132
6.871324165734003e-05,0.00015
0.00011599115896379011,0.000134
0.00014128223383956585,0.000166
0.00013714834123185784,0.000134
0.0001706587794968039,0.000166
0.0001701554193270673,0.000168
0.0001706587794968039,0.000182
0.00012080573818883634,0.000134
0.00019128224673135006,0.00015
0.00021155545946875928,0.00015
0.00017826553281987306,0.000134
9.968016324319578e-05,0.000116
0.0001952998875085521,0.0002
0.00019398174875172924,0.000284
0.0001818647735155476,0.000382
0.00021982679496064137,0.000384
0.000310602334639976,0.000284
0.00033227138787941986,0.00035
0.0003489963655597173,0.0004
0.0008318742605844658,0.000566
0.00039741335948467185,0.00075
0.0005126132430737423,0.000784
0.0006211781727654214,0.000616
0.0006767539244328212,0.000566
0.00045331715669753744,0.0005
0.0006138935971697699,0.00045
0.0003738753026471765,0.000484
0.0004989531993428535,0.000566
0.0004989531993428535,0.000618
0.0006497147032870268,0.000616
0.0005696506830097436,0.000584
0.0007058205112308124,0.000632
0.0009108313046596254,0.00075
0.0006439429793886045,0.000818
0.0006936986050550945,0.000732
0.0007313490502927735,0.000668
0.0011214385961195016,0.0006
0.0011190409760794089,0.0006
0.0006486382200149951,0.000582
0.0006995113543704582,0.00065
0.000692706421125374,0.0007
0.00027224362897107225,0.000718
0.0006611914453338254,0.000732
0.0004543919042788524,0.000784
0.0007327225339149509,0.000784
0.0007537565018658876,0.000816
0.000778251437106024,0.00085
0.0008078213742118727,0.000816
0.0008159190025657727,0.0009
0.0008446456306683785,0.000884
0.000861696109529341,0.000734
0.00035339466500723655,0.000566
0.00033079520264858204,0.00055
0.0006801184030971763,0.000634
0.000619202443912048,0.00075
0.0006230464465844215,0.000766
0.0006728090939088111,0.000716
0.0007152358444188561,0.000684
0.0007282137616980621,0.000666
0.0011203835328488152,0.0007
0.0006910367261033767,0.000784
0.00048501335437892135,0.000816
0.0001446999863746702,0.0008
0.0007738891729646354,0.000668
0.0007655543861428012,0.00055
0.0005954531456248209,0.000632
0.0006602635608556573,0.000634
-6.085663247516541e-05,0.000334
-0.00010869001025849181,-0.000118
0.00036287970195656436,-0.000466
-0.00041305838722057803,-0.000416
-0.00017438815239591334,-0.000418
-0.00035792223867471144,-0.000582
-0.000677367042163829,-0.000534
-0.0002470608323747068,-0.000366
-0.00022070012823285473,-0.000218
-0.00019246943430504396,-0.00015
-0.00017116704572951353,-0.000166
-0.00014188341869689604,-0.00015
-0.00011285164433203061,-0.000116
-6.350937932686212e-05,-0.000118
-5.868999736670761e-05,-0.0001
-0.00010005189176014738,-0.000116
-0.00014237635486045308,-0.0001
-0.00026945982245557673,-8.4e-05
-5.493252282131572e-05,-0.0001
-0.00010885512769980174,-8.2e-05
-0.00010896329278946831,-0.0001
-0.0003859582196621159,-8.4e-05
-0.00017520653056886102,-0.00015
-0.0001046145985936834,-0.000134
-0.00029294298807415486,-0.00015
-0.00021268743038152656,-0.000216
-0.00016328456412945791,-0.000234
-0.0002421713916256217,-0.000216
-0.00013426389424042807,-0.000234
-0.00021705752485489868,-0.000216
-0.0001589633254050107,-0.000216
-0.000304363044040045,-0.000268
-0.0002340289903407327,-0.000266
-0.00024213464626419778,-0.000334
-0.00027204063676131905,-0.000332
-0.00030082028232581836,-0.000368
-0.0003259175614159415,-0.0004
-0.000359193908257345,-0.000466
-0.0005589429947258462,-0.000484
-0.0005047000957388453,-0.000482
-0.0004588497741850432,-0.0005
-0.0004833030134004614,-0.000468
0.00020114936246158152,-0.00035
-0.00045145987372089807,-0.000332
-0.00041430260133187385,-0.000318
-0.0002598246285354919,-0.000332
-0.0003814933130833413,-0.0007
-0.0004245040840720565,-0.000384
-0.00043736385603997466,-0.000416
-0.00040898535226862605,-0.000434
-0.00048663139758741125,-0.000434
-0.00041806628886108135,-0.000432
-0.000194485675757647,-0.000468
-0.0004423763730398839,-0.000566
-0.00047635117760471416,-0.000484
-0.0004887180528565915,-0.000432
-0.0004887180528565915,-0.000468
-0.0004887180528565915,-0.000466
-0.00047095527019398454,-0.000534
-0.00047591757050565695,-0.000516
-0.0004967382457360147,-0.00055
-0.0005172837350927351,-0.00055
-0.0005378516306387079,-0.000516
-0.0005334247120181204,-0.000568
-0.0005308502093149844,-0.000632
-0.0004566804763692359,-0.0007
-0.000658479808049382,-0.0008
-0.0006771316982816442,-0.000734
-0.0005638368930442721,-0.000584
-0.00045592162449836944,-0.000466
-0.00038478437991988103,-0.000466
-0.0003968948068683586,-0.0005
-0.0005051969766540314,-0.000518
-0.0005513186576723909,-0.0006
-0.0005222231558449594,-0.000616
-0.0005597465011851527,-0.000634
-0.0005961794777275803,-0.000666
-0.000629610103805193,-0.000666
-0.0006460347478202183,-0.000684
0.000776128213989243,-0.000634
-0.0006629498428052742,-0.001766
-0.0006939458865200308,-0.000716
-0.0006879498640439849,-0.0007
-0.0009656494123144795,-0.00065
-0.0009695828819537983,-0.000584
-0.0004798183776014877,-0.00045
-0.0005983263299066188,-0.000384
-0.0005196116119240273,-0.000366
-0.0002101310735358839,-0.00035
-0.0004350057624112044,-0.0003
-0.00035077714949666064,-0.00025
0.0001401350507564638,-0.000216
-0.00028025879700124254,-0.000218
-0.0002468439302063875,-0.000182
-7.568237989805431e-05,-0.00015
-0.00019219387368000173,-0.000168
-0.00012154176451872402,-0.00015
-0.00010031982915266662,-0.0001
-1.3303899115543087e-05,-1.6e-05
-6.939548129876662e-05,5e-05
7.880574077189314e-05,8.4e-05
0.00018321390815829514,0.000166
0.0002747934769765271,0.000266
0.00030752024102098137,0.000318
0.00033696065220709256,0.000366
0.00010556821293621708,0.000434
-0.0003190977170096999,0.000516
0.00030220950079792137,0.000584
0.00047295752279298884,0.000632
0.0006240678216761963,0.000684
0.0006024641921425191,0.000734
0.0006571072072872471,0.00065
0.0006740353988477113,0.000482
0.0006351532838089166,0.000834
0.0006717992374917928,0.0004
0.00039566697849100716,0.000416
0.0004317673335760794,0.000434
0.00034432589797355666,0.00045
0.00030987760487070025,0.000416
0.0004286446681865807,0.000368
0.0004162359785674362,0.00025
0.00036912250809451914,0.000116
0.0002846236007983578,-8.4e-05
0.00015833559236921746,-0.000182
-0.00033461636991809776,-0.00025
-0.00010342128164028047,-0.000368
-0.00022356358399281328,-0.000432
-0.00031042419436548536,-0.0005
-0.00038978407647699613,-0.00055
-0.00046420623407948306,-0.00055
-0.000509201096795025,-0.000618
-0.0005555417115287928,-0.000732
-0.0006143447828464081,-0.000784
-0.0006013210670007897,-0.000734
-0.0007185093815434789,-0.0007
-0.0007382468674240357,-0.000732
-0.0007382468674240357,-0.000768
-0.0007340987244010681,-0.00065
-0.0003322417872275184,-0.000532
-0.00067274907922185,-0.0004
-0.0002888807814654244,-0.000234
-0.00045783798483972675,-0.000134
-4.633301357953991e-05,-0.000132
-4.662254848722779e-05,-0.000134
-0.0001293553411697005,-0.000134
-0.00011316215545650558,-0.0001
-0.00012536219730011443,-8.2e-05
-0.00012083001298230762,-0.000118
-7.135534238871249e-05,-8.2e-05
-0.00013824681134141603,-8.4e-05
4.299892798127695e-06,-8.4e-05
-9.237634196866886e-05,-3.2e-05
-7.105395350237954e-05,-1.8e-05
2.4531252953488355e-05,-3.2e-05
2.8644653346943125e-05,1.6e-05
-6.352928059883033e-05,3.4e-05
4.1282236408899776e-05,5e-05
5.730539716321133e-05,5e-05
2.0306001130788112e-05,8.2e-05
4.113127939320299e-05,5e-05
4.971471130662095e-05,6.8e-05
4.957457153953175e-05,3.2e-05
5.753059563730036e-05,3.4e-05
6.231258628295171e-05,1.6e-05
3.702749695140548e-05,3.4e-05
-4.517970773660867e-06,3.4e-05
-5.461459556377827e-05,1.6e-05
-0.00020844459359570526,5e-05
7.004472600201768e-05,3.4e-05
-1.3303899115543087e-05,5e-05
-6.60873991348915e-07,5e-05
0.0001243176124978081,6.6e-05
4.971471130662095e-05,6.6e-05
0.0001071502753007767,8.4e-05
-4.3062538346503446e-05,0.0001
0.00012437793761209423,8.4e-05
8.319720100627571e-05,8.2e-05
7.01554157327268e-05,6.8e-05
0.0003047342996305322,5e-05
-3.35089909232594e-05,1.6e-05
-1.700883943111607e-05,1.6e-05
5.3377450176173175e-05,-3.2e-05
2.038991894165275e-05,-1.8e-05
-1.6802795191655493e-05,-1.6e-05
-0.00011344456022562408,-3.4e-05
-2.5206531341024685e-05,-6.6e-05
-5.4844584445626733e-05,-6.6e-05
-0.00010005189176014738,-8.4e-05
-3.794983451709723e-05,-0.0001
-6.303935230839038e-05,-8.4e-05
-9.617945729040803e-05,-0.000116
8.50514956116906e-05,-0.0001
-0.00010028528299027585,-0.000134
-0.00010896329278946831,-0.000116
-0.00018330305439230498,-0.000134
-9.696547863811903e-05,-0.0001
-0.00012135534541861762,-0.000132
-5.417945987346483e-05,-8.4e-05
-8.830390859134032e-05,-6.6e-05
-1.7277462224230835e-05,0.0
-5.051915935351326e-05,-5e-05
-5.0777160902867004e-05,-0.0001
-0.00017124349501608312,-0.0001
-0.00021729699100253574,-0.000134
-0.00020896332843491582,-0.000166
-0.00016285164736193578,-0.000184
-0.00015502305106913198,-0.0002
-0.00022536221322180377,-0.0002
-0.00018785166860064647,-0.000166
-0.00012988063415849424,-0.0002
-0.0002227668230587924,-0.0002
-0.00018803014888809958,-0.000184
1.669694663270162e-05,-0.000134
-0.00011714521062380056,-0.000116
-9.186871160529388e-05,-8.4e-05
-7.546874201170795e-05,-3.2e-05
-0.00038342052149167833,0.0
-8.436924566465383e-05,0.0
0.00010676658903358418,0.0
4.1282236408899776e-05,5e-05
6.169610296384485e-05,6.6e-05
4.9401621300768534e-05,5e-05
1.1143581995231618e-05,6.6e-05
6.644384083800784e-05,6.8e-05
0.00011231257945097776,6.6e-05
-1.2851648134099416e-05,1.6e-05
-4.700104887310299e-06,-1.6e-05
-8.793876265680401e-05,-5e-05
-0.00032194594602837057,-0.000284
-0.00021268741065776843,-0.000216
-0.00023812490485213277,-0.000234
-0.0002087177873697701,-0.000216
-0.0002598631884826652,-0.000184
-0.00020871776764601197,-0.0002
-0.00020896332843491582,-0.000182
-0.0001583474707806947,-0.000168
-0.00014171775885223712,-0.000166
-0.00042856911117820164,-0.00015
-2.156451474487343e-05,-0.000134
-0.00017545814655151536,-0.000132
-9.188342552886997e-05,-8.4e-05
3.156084943138191e-06,-6.6e-05
-1.2837373064142047e-05,-5e-05
-0.0001087177517243226,-8.4e-05
-0.00012152208020809543,-8.4e-05
-0.00010898534395107429,-8.2e-05
1.657529295793372e-05,-1.8e-05
-4.70010735278007e-06,1.8e-05
2.413842071800732e-05,8.2e-05
-1.4728567357181274e-06,0.000168
0.0001997147154653968,0.0002
0.00019546223376184268,0.000216
0.00025779495049451826,0.00025
0.00020828222290958254,0.00025
0.00025363696531623624,0.000284
0.00029582056133587115,0.000282
0.00023218010026691507,0.0003
0.0003996801715607475,0.000368
0.0003076292739560063,0.000332
0.00027453124961199075,0.00025
0.00022479347394662193,0.0002
0.00028585803192561374,3.4e-05
-0.0001933107709324723,-0.000134
-0.0004964664523487781,-0.000166
-2.0127200110399614e-05,-0.0003
-0.00048398908460377314,-0.00045
-0.00026559706248920745,-0.000466
-0.00022911079235227232,-0.0005
-0.0003263254487343778,-0.000434
-0.0001460347569686832,-0.000234
-0.00041106474919480905,-0.000116
-4.844583881191368e-06,-1.6e-05
0.00013696985108252569,0.000166
-5.363662260180121e-05,0.00035
0.00039566697849100716,0.0004
0.0004661972046888285,0.000466
0.0006071919375223324,0.00055
0.0005208057427043193,0.000534
0.00044525518889836335,0.000484
0.0005076413964631278,0.000466
0.0005076413570156116,0.000434
0.00047860076613085535,0.000482
0.00046600091384777057,0.000584
0.0006363235732746854,0.000634
0.0005315310884608303,0.0007
0.0005980259520847564,0.000732
0.0006610740100778307,0.0007
0.0006906139276237829,0.000684
0.000753871451928356,0.00065
0.0006907656822189496,0.000666
0.0006745312146799575,0.000684
0.0006706446481375073,0.000716
0.0006783899312759071,0.000618
0.0003988533910668301,0.00045
0.0006144532390833729,0.000316
0.00024526849031549056,0.0002
0.00023271362792473427,0.000184
0.0001161214639719743,0.000166
0.0001492228314929954,0.000166
0.0001618920620953548,0.00015
6.1960660197312e-05,6.8e-05
-4.284391034934644e-05,5e-05
-0.00015997095303735859,-1.8e-05
-2.8320690859823373e-05,-6.6e-05
-0.00012983000327133632,-0.000116
-0.0001294527272255409,-0.000168
-0.00015522930240805305,-0.000182
-0.00016655614389295047,-0.000184
-0.00017935534419960566,-0.0002
-0.000191963302947288,-0.0002
-0.00018785164887688834,-0.000216
-0.00013056451602465194,-0.00025
-0.0005157065050489209,-0.000234
-0.00022934122501867902,-0.00025
-9.49939016358351e-05,-0.000266
-0.00025028527235623315,-0.000268
-0.0002548445965652473,-0.000316
-0.00027561410836697726,-0.000334
-0.00045567436746626514,-0.000282
0.00015593523072674276,-0.000218
-0.00015031984204445084,-0.000166
-0.00022995526505724569,-0.000166
-0.00018785166860064647,-0.0002
-0.0002006457999014584,-0.000168
-0.00017119426451575349,-0.00015
-0.00012984458899048445,-0.000132
-0.0001631248805835169,-0.000168
-0.00019673152147881465,-0.000182
-0.0001584694030535464,-0.000168
-8.025009656615913e-05,-0.000166
-0.00018391279465159604,-0.000184
-0.00017520653056886102,-0.000166
-0.00015417944620951696,-0.00015
-0.0001461794504584341,-0.00015
-0.00016285164736193578,-0.000166
-0.00013406169613380575,-0.000184
-0.0002087177873697701,-0.0002
-0.0001793412219887739,-0.0002
-8.191513678123429e-05,-0.000166
-5.028528489131025e-05,-8.4e-05
2.8563290302079763e-05,-3.4e-05
0.00014506747943642575,-5e-05
-8.717760457330944e-06,-1.6e-05
7.387531405338292e-05,3.4e-05
6.205016168083397e-05,6.6e-05
3.3197200133656616e-05,5e-05
-0.00010820503263134623,1.6e-05
-0.0003055014993601679,-3.2e-05
-0.00010884971352819097,-5e-05
-7.145272844455288e-05,-0.0001
-0.00016327825252685155,-0.000168
-2.723343841584456e-05,-0.000166
-0.00012222315132947643,-0.00015
-0.00014668284021380793,-0.000184
-0.00018012096131951577,-0.00015
-0.00016285164736193578,-0.000182
-0.00016691278888772635,-0.0002
-0.0001794527401173251,-0.000184
-0.00018400884935376166,-0.000216
-0.0001258435556176404,-0.0002
-0.00020028528905008614,-0.0002
8.898559148033043e-05,-0.0002
-0.00018003478822018075,-0.0002
-0.00020005189781995767,-0.00015
-0.0001880393401593951,-0.000134
-0.00018022930392300564,-0.0001
-0.00010896330265134739,-0.0001
-0.00016730306289013924,-0.00015
0.00017581173951658385,-0.0002
-0.00013852929500556712,-0.000184
-0.00015945105449641749,-0.0002
-0.00018400882963000352,-0.000232
-0.00013098299500121204,-0.00025
-6.568515639722009e-05,-0.00025
-0.00024645811377331533,-0.00025
-0.0002457001100240492,-0.000234
-0.00022134122926759618,-0.000234
-0.0004785981475800961,-0.00025
-0.00024220504035701688,-0.000232
-0.0002505191369565571,-0.00025
0.00024476421299100023,-0.000234
-0.00021334563191457962,-0.000216
-0.00023330305742221013,-0.0002
-0.00010493777237088741,-0.0002
-0.000276124697294074,-0.000218
-0.00033392465771995655,-0.000216
-0.0002809294836732013,-0.0002
-0.0005606256679807029,-0.000216
-0.0002921346492941029,-0.000268
-0.0003884445571663442,-0.0003
-0.00025896329201730467,-0.000316
-0.00022988061063266728,-0.00035
-0.00047594849735842806,-0.000384
-0.00033830388429334973,-0.000432
-0.0003762125529726616,-0.00045
-0.0006386894624969968,-0.0005
-0.0004425304944860281,-0.000484
-0.0004671686636578127,-0.0005
-0.0009690267508691451,-0.000516
6.912144948684617e-05,-0.00055
-0.0005131079393608482,-0.000518
-0.00052145274585182,-0.000516
-0.0005253622314012346,-0.000484
-0.0005175812088130762,-0.001
-0.0006089633132266406,-0.000566
-0.000637851597251002,-0.00065
-0.0005714878177237068,-0.000684
-0.0005758736320323203,-0.0007
-0.0006512841077079314,-0.000682
-0.0006917177330099192,-0.000684
-0.0006876874591656253,-0.0007
-0.0006917177330099192,-0.0007
-0.000679452711245102,-0.000684
-0.0006055645546706298,-0.000616
-0.0004760846307371441,-0.00055
-0.0006389775871559773,-0.000484
-0.0007363808421134642,-0.0005
-0.0005387767143432195,-0.000382
-0.00016268740762786328,-0.0002
-5.417945987346483e-05,-6.8e-05
-3.330305516446863e-05,0.0
0.00017436136282327858,0.0
-3.35089909232594e-05,-1.8e-05
-2.945273102760968e-05,-5e-05
-0.00011327824949694639,-8.2e-05
-3.414522018973906e-05,-0.0001
-6.327825632892033e-05,-0.000184
-0.0002041794492394221,-0.0002
-5.684119089699653e-05,-0.000166
-0.0001634445435317711,-0.000134
-0.0001631248805835169,-0.00015
-0.00018305751332715927,-0.00015
-5.5184069770816544e-05,-0.000134
-0.00013768740611291071,-0.000132
-0.0001291942572369312,-0.000134
-0.00015958225693559727,-0.000134
-2.5458132530860414e-05,-0.000116
-0.00015453776772373514,-0.000134
-8.768740308300556e-05,-0.000116
-0.000248954983764393,-0.000134
-0.00021268743038152656,-0.0002
-0.000179673803998613,-0.000182
-0.00015884973628185428,-0.000168
-0.00016705752182499353,-0.000182
-0.0002303817321558545,-0.000168
-0.00015417944620951696,-0.000166
-0.00016730306289013924,-0.000166
-0.0002291942632967415,-0.000218
-0.00018328636809291442,-0.00015
-0.00015820504552313045,-0.00015
-0.0001713553484485228,-0.000132
-0.00016331679275026666,-0.000184
-0.0001679194697796833,-0.00025
-0.00018008234220106807,-0.0002
-0.00019719698244727586,-0.000266
-0.0002129619850949034,-0.0003
-0.00037145273676210465,-0.00035
-0.00028035295822262623,-0.0004
-0.00039171775427800467,-0.000384
-0.0005014728155361462,-0.000416
-0.00038810791206232725,-0.000434
-0.0003964529946859131,-0.000434
-0.000429844567722399,-0.0004
-0.0004213553438742903,-0.000466
-0.00043408107318185576,-0.000516
-0.0004550608402454103,-0.000518
-0.0003423474913981495,-0.00035
-0.00025028529207999126,-0.000266
-0.00015847975802657247,-0.000134
-0.0002382468174012263,-0.000232
-0.00034246196809042246,-0.0004
-0.0005149769626826578,-0.0005
-0.0003200308085600182,-0.00065
-0.0004492698265115223,-0.000768
-0.000582986019219367,-0.0007
-0.0006569439584501558,-0.0008
-0.0007309490769104272,-0.000832
-0.0009549377548461213,-0.000834
-0.0007928529596935166,-0.000916
-0.0008465645400836105,-0.000968
-0.0008889271489321683,-0.001
-0.0009310570174346166,-0.00105
-0.0009847088742850477,-0.001066
-0.0010219709981723701,-0.00095
-0.0010176284577891265,-0.0009
-0.0009932127331616998,-0.00095
-0.000968012555225335,-0.000984
-0.0009467449001878977,-0.000982
-0.000954843948652384,-0.001018
-0.0009840987001030774,-0.000982
-0.000991883430757767,-0.000968
-0.0008188040605499738,-0.000982
-0.000987962032058433,-0.000968
-0.0009751811156755782,-0.001
-0.0009798300054703283,-0.00105
-0.0010007707983877884,-0.001032
-0.00101327818569269,-0.001
-0.0010210347508207485,-0.000968
-0.00101327818569269,-0.000982
-0.0009960956365471893,-0.000968
-0.0009881249503007098,-0.001016
-0.0009839891149028245,-0.00105
-0.0013177335641519532,-0.001034
-0.0010177639994550982,-0.001032
-0.0012356686080583874,-0.001
-0.0010294526930069217,-0.000984
-0.0010130302186052923,-0.001
-0.0010044354726511087,-0.001034
-0.0008380005631921327,-0.0011
-0.0013769589605789668,-0.001132
-0.0008763870990837789,-0.00105
-0.0010799709180583255,-0.000968
-0.0010640355415878426,-0.0009
-0.0010146594799230928,-0.000766
-0.0006022251251791188,-0.000716
-0.0012912400599465117,-0.0007
-0.0007724503097932816,-0.00055
-0.0005591180233556239,-0.000484
-0.0006149422154806168,-0.000466
-0.0010744694096464882,-0.0006
-0.0005263254608539983,-0.00065
-0.0005519178259973163,-0.0005
-0.0005558392641441666,-0.000418
-0.0005442241796577398,-0.0004
-0.0004944479623877466,-0.000216
-0.00020663817348224757,-8.4e-05
-0.0002829172045715268,-3.2e-05
-0.00014268998233871495,-5e-05
-9.728685755333183e-05,0.0
-4.225499344771684e-05,-1.8e-05
-2.5458132530860414e-05,1.8e-05
-1.3124891217559619e-05,8.2e-05
1.956329007412607e-05,1.8e-05
2.410482406966099e-05,6.6e-05
4.5289799578424656e-05,0.000116
6.962365088579178e-05,-3.2e-05
4.0635032103747374e-05,-5e-05
2.3297685357018676e-05,-1.8e-05
2.371333312357764e-06,-1.6e-05
-2.934122769187709e-05,-0.000134
-5.5687370769278734e-05,-0.000316
-0.00012403290475806062,-0.0005
-0.00024605178463177254,-0.000684
-0.00041358453819285106,-0.0008
-0.0004323932323023651,-0.0009
-0.0007246884404951094,-0.000966
-0.0008401416954813091,-0.000984
-0.0005606593561596143,-0.001016
-0.0009675517293400377,-0.001116
-0.00075076687793415,-0.001134
-0.0010640835886626834,-0.00115
-0.0011052956712511337,-0.001216
-0.0011549377669657418,-0.001218
-0.0011804418485676033,-0.00105
-0.001160195726412006,-0.000916
-0.0011031303970819879,-0.000834
-0.001008105353986579,-0.000682
-0.0006135292843421496,-0.0005
-0.00035847978986995116,-0.000368
-0.0006003877782128898,-0.000166
-0.00020351381184954842,5e-05
8.361040880847158e-05,0.000216
0.00029774940681613415,0.00025
8.341429548123696e-05,0.000234
0.0001117154574659599,0.0001
0.00019853677318146782,6.6e-05
0.0001605007481958144,0.000134
0.00018731258399583547,0.000216
0.00012761823549516902,0.000184
0.00014582054238427663,0.00015
9.932349852466178e-05,0.000116
0.0001655725153651909,6.8e-05
2.826554152776756e-05,5e-05
0.00011189205906544968,0.0001
6.202749908272549e-05,8.2e-05
8.694161842377568e-05,6.8e-05
7.454186859801032e-05,3.2e-05
-2.593218319599372e-05,6.8e-05
9.103669467545456e-05,6.6e-05
2.9155413701234654e-05,5e-05
4.582054495361056e-05,5e-05
4.504472695253488e-05,8.4e-05
0.00014948083797328867,0.000116
7.431761439884248e-05,0.000166
0.0006784942699564935,0.000268
0.0003868751132979233,0.000382
0.0002304706815960139,0.000418
0.0005082822608127715,0.0005
0.0004038711940339222,0.000582
0.0006080474358081088,0.00075
0.0005594545651317763,0.00075
0.0008235094936502514,0.000668
0.0006857758080933907,0.000566
0.0004286446681865807,0.000434
0.0006104768899938473,0.000316
0.0004927024248066082,0.00025
6.171545197058498e-05,0.0001
0.00027200832453640373,0.000116
0.00019324959298751192,0.000184
0.00022015541249509335,0.0002
0.00014893859241436942,0.000116
5.325515054832603e-05,0.000118
0.00015355805436196733,0.00025
0.00036623597553753104,0.0004
0.00042431759122972263,0.000432
0.0005196456701452696,0.000518
0.00035231810284017226,0.000582
0.0004812234342513811,0.000534
0.0003243858885443681,0.000384
0.00024803374148364574,0.000266
0.0004384025241585686,0.000216
0.00034696211631592795,0.000368
0.0005371626158863587,0.000516
0.0003386560472859527,0.00055
0.0004092144784579212,0.000516
0.00048575421818235963,0.000434
0.000502939173626354,0.000384
0.00037847310790833135,0.00035
0.00029933910227509586,0.000366
0.0003827162405505248,0.000284
0.00014068224697867744,0.000182
0.0002937045768383294,0.000168
0.00021993657739847582,0.000166
0.00019878669292092168,0.00015
0.00013731258096593034,8.4e-05
4.124857658289064e-05,8.2e-05
0.00011931262997351018,6.8e-05
0.00011214833971690529,6.6e-05
1.1696101166674597e-05,5e-05
7.865346696100028e-06,1.6e-05
-0.00017203055186109674,-3.2e-05
4.115027707050117e-05,-3.4e-05
3.301087410503396e-05,-3.4e-05
-4.2479765395535984e-05,-1.6e-05
-3.198304892656565e-07,-1.6e-05
9.046952321717968e-05,1.6e-05
6.994603817813974e-05,3.4e-05
8.195487544482226e-05,1.6e-05
1.2050161116398599e-05,3.4e-05
2.477088582851851e-05,6.6e-05
-1.678609903038585e-05,1.6e-05
1.2061232308392302e-05,-1.6e-05
7.825647355507431e-05,0.0
2.4818840140059432e-05,0.0
-0.00015324513178619363,1.6e-05
7.080574502081027e-05,5e-05
8.131279661697785e-06,5e-05
5.776564366311299e-05,8.4e-05
0.00010310515932847883,5e-05
5.382054686836785e-05,5e-05
-5.018239244308272e-06,6.6e-05
6.59803990892867e-05,0.0
-5.189309674642558e-08,0.0
4.582054495361056e-05,0.0
3.731258415163169e-05,0.0
8.689205755049712e-05,0.0
4.1282236408899776e-05,0.0
1.9718595562126362e-05,1.8e-05
4.299892798127695e-06,5e-05
0.0001247934580249326,0.000116
0.00014104743236073003,0.000166
8.998176454013567e-05,0.0002
0.00013159880546893772,0.0001
0.00014451217674961458,0.0001
0.00014042742588532455,6.8e-05
0.00011576734361824099,3.2e-05
7.430246162164768e-05,3.4e-05
5.780611188388677e-05,1.6e-05
0.00010705699178663044,1.8e-05
0.0001534211418948046,3.2e-05
-4.246939562969131e-05,0.0
-1.75089895592146e-05,-1.6e-05
4.582054495361056e-05,6.6e-05
8.714834806383178e-05,1.8e-05
7.479346485690652e-05,5e-05
3.714834934849875e-05,8.2e-05
-1.0452265283122629e-05,8.4e-05
0.0003473028047903646,0.000184
9.875074524283191e-05,0.00025
-7.351712545266665e-05,0.000166
0.00016953195133210738,6.6e-05
0.00016486477761355696,6.8e-05
9.395262056301804e-05,5e-05
-8.046804409366015e-05,5e-05
0.00038245880605921776,1.6e-05
-0.00015721524816814556,1.6e-05
2.8644653192851264e-05,8.4e-05
4.079905857468492e-05,0.00015
-5.541538014446072e-05,8.4e-05
8.232407461165734e-05,8.2e-05
6.511963702555542e-05,8.4e-05
9.92820490469203e-05,0.000134
9.545315477328576e-05,0.0002
0.00026912096358157355,0.00025
0.00012380738846023704,0.00025
0.00023954775233187283,0.00015
0.00021147072620376884,6.6e-05
0.0001288057339399192,8.4e-05
0.000135711771169254,6.6e-05
-0.00011775752483352953,0.0001
7.40514669373749e-05,0.000134
0.00026128195314446926,0.000132
0.00011169609366640116,0.000134
0.00016619719637127672,0.000134
0.00013344383483896406,0.000132
6.169610296384485e-05,0.000134
0.00010404472520240825,0.000116
3.987837696644434e-05,8.4e-05
0.00011600091236219275,8.4e-05
-0.00010616594120493236,0.000116
9.959988754754608e-05,0.00015
0.0001455305932776677,0.000134
0.0003869260794889697,6.6e-05
0.00015622604767871005,3.4e-05
4.971471130662095e-05,1.6e-05
-1.7303053800423823e-05,3.4e-05
0.0008656140368472416,0.0
2.0644653127196302e-05,-1.8e-05
7.520235168899388e-06,3.4e-05
7.454186859801032e-05,0.0001
0.00016196985259747825,0.000134
0.0002779584498272465,0.000116
6.172174631490297e-05,6.6e-05
0.00010337744580966902,0.0001
0.00010337744580966902,0.000134
0.00038266756231542323,0.00015
0.0001246377981256531,0.000134
0.0001290447267173608,0.0001
0.0001290447267173608,8.2e-05
0.00013656067185793092,0.0001
1.9965238075890975e-05,8.4e-05
3.0509745705143124e-06,5e-05
7.854726585234393e-05,5e-05
-6.434840827458752e-05,6.6e-05
6.214835147981876e-05,0.000118
0.00024510515787429276,0.000132
-0.0006565740985374228,0.0002
0.00012781359931959412,0.000218
0.00032332388251081473,0.000166
6.104208779845804e-05,0.000116
0.00012436136965525253,0.0001
0.0001488533857791835,6.8e-05
0.00011162084259813886,8.2e-05
0.00011115162425375106,5e-05
3.820546303932482e-06,3.4e-05
1.5980399757586218e-05,3.4e-05
3.2347082119281705e-05,5e-05
4.1794960432815675e-05,1.6e-05
-0.00020208021021254539,0.0
7.009661920969689e-05,1.6e-05
-0.0002236312956545247,1.8e-05
-2.9852970458825288e-05,0.0
-4.6225510702846e-06,3.2e-05
1.6213905632058893e-05,8.4e-05
8.047436431293634e-06,6.6e-05
-9.892128649576611e-05,6.8e-05
6.214835147981876e-05,8.2e-05
0.0002396949901864244,8.4e-05
3.3087223848261653e-05,8.4e-05
7.932620143994138e-05,5e-05
0.00010320407397557544,5e-05
0.00010743202425493688,3.2e-05
5.363695073114593e-05,5e-05
0.00028263921321515875,8.4e-05
7.064465615710144e-05,6.6e-05
0.00014875073347991841,3.4e-05
-7.174855523108898e-05,0.0
4.520407519458744e-05,5e-05
4.1282236408899776e-05,5e-05
8.636179417465087e-05,5e-05
3.696065929872688e-05,3.4e-05
0.00018701773353532752,5e-05
3.731258415163169e-05,6.6e-05
5.343437047670955e-05,8.4e-05
3.731258415163169e-05,5e-05
-0.00020579906563948958,0.0001
0.00012014702383807152,6.6e-05
6.954119078392753e-05,3.4e-05
6.189206589742362e-05,3.2e-05
5.730999772979863e-05,1.8e-05
-0.00018962593898832802,-1.8e-05
5.8047436995729e-05,3.4e-05
2.4793466757940917e-05,3.4e-05
6.608722296339942e-05,1.6e-05
1.597101741238367e-05,3.4e-05
2.9299892136532734e-05,3.2e-05
2.880573843540138e-05,6.8e-05
3.702749695140548e-05,8.2e-05
3.689206499883849e-05,5e-05
5.753059563730036e-05,6.8e-05
0.00043665436802667085,0.000166
0.000158014667100442,0.000166
0.00011116307389535416,0.000184
0.0001448674114956831,0.000166
0.00017029988599359954,0.00015
0.00014563695364346404,0.000134
0.00033493091970391843,0.0001
0.00013689206058040224,6.6e-05
0.0003769635303549542,0.000118
0.00010387118571637046,0.0001
9.506222002497501e-05,6.6e-05
-0.0005855618631380568,0.000166
0.00011160353993130627,0.000218
0.0003026126938619192,0.000166
0.00015263368071274903,0.000134
0.00017025144444359568,0.000182
0.00017424816817528506,0.000168
0.00016206124263084257,0.000132
0.0004590815039104135,0.0001
-4.419806468854186e-05,6.8e-05
0.00011607775612392524,1.6e-05
3.820546303932482e-06,1.6e-05
7.369599897007341e-06,-3.2e-05
-1.915127841926963e-05,-3.4e-05
-0.00014288169726788325,-6.6e-05
-0.00012172408107713631,-8.4e-05
-8.805838724995276e-05,-0.0001
-0.00012545813365973115,-0.000116
-7.978620363647044e-05,-0.000168
-0.00022967380702851813,-0.000216
-0.000179673803998613,-0.00015
-0.00016339645700941385,-6.6e-05
0.0003291641464687905,1.6e-05
0.00010396523845708436,0.000116
-2.3442749061736683e-05,0.0002
0.00016205015787876516,0.0002
0.00013112086922344987,0.000168
0.0002722936089742114,0.0002
0.00019165253070488312,0.000132
0.00017430246768145795,0.000134
7.929989487751564e-05,0.000116
7.454186859801032e-05,5e-05
0.00010715026543889763,3.4e-05
-4.0713971292917204e-05,5e-05
0.00010287504224220242,0.0001
0.00019875073650982357,0.0001
7.026554087085901e-05,0.000184
0.0003468139711685017,0.0002
0.00014484964038959452,0.00025
0.00018215986066115326,0.000282
0.00022802903812774194,0.000284
0.0004149167352801572,0.000284
0.00027463779735348943,0.000282
0.00028294248572039457,0.0003
0.0002873125801937667,0.00025
0.0002785472631791459,0.000218
5.592590026026949e-05,0.000182
0.00021193074341498207,0.000218
0.0002164011134747628,0.000216
0.00021509141648642593,0.00025
0.0002159012148245806,0.000234
0.00021132774868097657,0.00025
0.00023714833742978904,0.0002
7.915540848722526e-05,0.0
0.00016851087209670466,-6.8e-05
9.22044200526645e-05,-0.000132
-0.00018305751332715927,-0.000168
-0.00028469612976613054,-0.000182
-0.0001859979903626736,-0.00015
-6.680280315250017e-05,-5e-05
-5.070630476880631e-06,-5e-05
-6.310794167733922e-05,-6.8e-05
-0.00026357715241758943,-0.000116
-7.167148464613782e-05,-0.00015
-0.00016285164736193578,-0.000184
-0.00015167959793095943,-0.00025
-0.0005113951676510624,-0.000266
-5.982351188541525e-05,-0.00025
-0.00010051915745247886,-0.000166
-0.0001382259238815406,-0.000134
-0.00012179939624761255,-0.000166
-0.000299266839134327,-0.00015
-0.00017536221019189864,-0.000134
-8.803014282828928e-05,-0.000116
-0.00010847976485854639,-0.0001
-0.00010896330265134739,-5e-05
-3.35561602908629e-05,-5e-05
-2.919425610806046e-05,-1.8e-05
-1.3278248368075659e-05,1.8e-05
-8.751423981544732e-06,1.6e-05
7.88203546096037e-06,6.6e-05
6.61972026388153e-05,5e-05
7.45418636670708e-05,6.8e-05
0.00018705015939371773,0.000116
0.0001997147154653968,0.00015
0.00023969065095963253,0.0002
0.00018714834426176297,0.000184
0.00021591894648315287,0.00015
0.00013731258096593034,0.000132
0.00011572253123973581,8.4e-05
-3.0300832904081725e-05,0.0
9.005905701736595e-05,-1.6e-05
3.291895337930203e-05,-1.8e-05
-3.0034759406707183e-05,-1.6e-05
-5.279887223449051e-06,-5e-05
3.377449611737806e-06,-5e-05
-8.794983754700237e-05,-0.0001
-1.817643167295854e-05,-0.000116
-0.00016678610318916174,-0.000168
-0.00018768740914281584,-0.000216
-3.902992723686945e-05,-0.000234
-0.0002500519008498628,-0.000232
-0.00026268741368767353,-0.0002
-0.00022084460476126606,-8.4e-05
-9.835076839662095e-06,3.4e-05
-0.00012309977376022597,8.2e-05
-4.471331828443985e-05,0.000134
0.0001491099820107694,0.000134
9.496676689743282e-05,0.000116
0.0001159710111448451,6.6e-05
0.00011180787806568731,3.4e-05
-0.00013450935641054119,1.6e-05
0.00017785654097098068,5e-05
4.1036695343754064e-05,8.4e-05
4.537744949415077e-05,0.0001
6.169610296384485e-05,0.0001
8.299116169775467e-05,0.0001
1.4864787014864828e-05,0.000134
0.00010813127585962899,0.0002
0.0001324863745854577,0.000216
0.00016132354449058657,0.0002
0.0005442604469398944,0.000184
0.0001997147154653968,0.000232
0.00020755341032237078,0.000268
0.00022020061934876144,0.000232
0.00022825805068356223,0.000234
0.00024111656033095905,0.00025
0.0002456369301176371,0.00025
0.0001824383897117963,0.000266
0.00024971471849530194,0.000284
0.00026214835866849976,0.00025
0.00026214835866849976,0.000184
0.0002450622192528113,0.000132
0.000211042069768006,0.000168
0.00021147551907699805,0.000266
0.0006514539837277594,0.000416
0.000242772586788562,0.0005
0.0003343046312115438,0.000368
0.00038540230082972823,0.000116
0.00034645083705729614,-5e-05
0.0002281919563700187,-0.000134
7.024898524136615e-05,-0.000132
-5.252115532179615e-05,-0.000118
-2.953259745527787e-05,-1.6e-05
-0.00010121330553475098,1.6e-05
-6.408053005334273e-05,-5e-05
-4.323340526331261e-05,-8.2e-05
-3.3910837840763814e-05,-0.000118
-5.972307850894148e-05,-8.2e-05
-8.359889484278895e-05,-6.8e-05
-8.796197752014055e-05,-8.2e-05
-8.796197752014055e-05,-0.000118
-8.796197752014055e-05,-0.000132
-0.00010064581356540626,-0.000134
-0.00011701959987005485,-8.4e-05
-0.00011749923235874315,-8.2e-05
-0.00013006343394898106,-8.4e-05
-9.654683200961471e-05,-8.4e-05
-0.00010048865466050779,-5e-05
-6.268741142993207e-05,-5e-05
0.0003694208102127024,-5e-05
-5.8868714339258446e-05,-6.6e-05
-2.93553449717693e-05,-6.6e-05
-0.00010846940988552032,-8.4e-05
-9.171776568421105e-05,-6.6e-05
-7.070010928126024e-05,-8.4e-05
-1.758117851402489e-05,-5e-05
0.00020631491610093698,-5e-05
-5.473821421795135e-05,-3.4e-05
-4.873686286334154e-06,-3.2e-05
4.520407519458744e-05,0.0
-2.586157707277456e-05,0.0
8.282237910129453e-06,1.6e-05
5.415541436868199e-05,5e-05
0.0001082822316425909,0.0001
7.864465190818431e-05,8.4e-05
6.671363472926245e-05,6.6e-05
7.453125721612838e-05,5e-05
7.453125721612838e-05,0.000116
1.5854779141961426e-05,8.4e-05
-4.682836737054451e-06,1.6e-05
-0.00012684112413333443,1.8e-05
4.971471130662095e-05,3.2e-05
-6.755173397301971e-05,0.0
-9.68948379983231e-05,-1.6e-05
2.0644653127196302e-05,-3.4e-05
-0.00011750898575714579,-8.2e-05
-0.00015871776461610682,-0.00015
-0.00022103478123729903,-0.000234
-0.0001268659957923551,-0.00025
-0.0002170088466197971,-0.000184
-0.00010453776469383,-0.00015
-0.00020548782473596325,-0.000166
-0.00017161006106120586,-0.00015
-0.00016285164736193578,-0.000134
-0.0002472918567538579,-0.000182
-0.00016413558512213538,-0.000184
-0.00016303012764938885,-0.0002
-0.00011392592840502916,-0.0002
0.00030422751738875745,-0.0002
-0.00011359862250049381,-0.00015
-0.0001880393401593951,-0.000116
-7.945272419563575e-05,-8.4e-05
0.0002469599011952055,-3.4e-05
-9.706081342311235e-05,3.4e-05
-0.00015262168351499187,5e-05
9.07990579063854e-05,3.4e-05
3.2716237832212125e-05,1.6e-05
0.0004191555286955588,0.0
2.045824203986664e-05,1.6e-05
1.619719960891017e-05,1.8e-05
1.2312585718516335e-05,-3.4e-05
-0.0007981594395848172,-8.4e-05
-2.2040636404611954e-05,-0.0001
-5.114661154761844e-05,-6.6e-05
-3.9035548507940736e-05,-1.6e-05
0.00025094317332384003,1.6e-05
-2.5458132530860414e-05,0.0
1.5991159067654254e-05,5e-05
8.319720100627571e-05,0.0001
0.0002868920499463595,0.000216
0.0004940116089772333,0.0003
0.0001640742000777145,0.000418
0.0002556161261035269,0.000566
0.0005488533607090292,0.0007
0.000492259429198674,0.000816
0.0006213128071385184,0.000918
0.0007467444691602822,0.000966
0.0011074546882798738,0.000984
0.0009193814749204018,0.000932
0.0009493466761394741,0.000884
0.0009405541403386133,0.000884
0.0016013340419514033,0.00095
0.0007030056153634065,0.0009
0.000903826766982115,0.000866
0.0008992227684609027,0.000866
0.0008946455942507674,0.000734
0.0008399221850678408,0.000484
0.0007336324303256909,0.000482
0.000810316981882429,0.000618
0.00065325346107835,0.000632
0.0005522344073302259,0.0007
0.0006060384132509867,0.00065
0.0006187072197925461,0.000634
0.0006164011179902458,0.000616
0.0006492228322064096,0.0005
0.00029128224292928126,0.0003
7.395699999773996e-05,0.00015
0.00028996761500140817,0.00015
0.00027143862350614676,0.000168
0.00035175258324664205,0.000182
7.080574502081027e-05,0.0001
0.00014922918254311804,8.4e-05
0.00012065877646689879,0.0001
0.0001541554081011434,0.0001
9.582053935437152e-05,6.6e-05
-5.189309674642558e-08,1.8e-05
7.016524062975273e-05,3.2e-05
5.730999772979863e-05,1.8e-05
2.4067813670236994e-05,-3.4e-05
-9.747327665343823e-05,-5e-05
-9.196329688747768e-05,-6.6e-05
-4.1985340088238995e-05,-6.8e-05
-3.3999077003764514e-05,-6.6e-05
-3.768741484591903e-05,-8.4e-05
-7.161008458703279e-05,-6.6e-05
-0.00013810793636031787,-0.0001
-7.935533813979535e-05,-5e-05
0.00018020591669865087,-3.4e-05
-6.310793181546015e-05,-1.6e-05
-2.852892578144221e-07,0.0
-2.5468743912742358e-05,0.0
0.00023354597051844855,5e-05
4.582054495361056e-05,6.6e-05
5.814486989549498e-05,0.0001
4.52998932116553e-05,6.8e-05
9.553059517870213e-05,8.2e-05
0.00011070320461232703,0.000118
3.283138081768989e-05,0.000116
7.463780002668753e-05,6.6e-05
0.0001908286200177758,5e-05
4.113127939320299e-05,6.8e-05
8.036694379513973e-06,5e-05
8.282237910129453e-06,1.6e-05
-4.275141578552599e-05,0.0
-1.3107933716494549e-05,1.6e-05
2.0044727286684646e-05,-3.2e-05
-4.88653531637057e-07,-6.8e-05
-4.633301357953991e-05,-6.6e-05
-7.135534238871249e-05,-5e-05
-4.1952569064081265e-05,-8.4e-05
-1.7303053800423823e-05,-6.6e-05
-6.680280315250017e-05,-5e-05
-3.768741484591903e-05,-3.4e-05
-5.896329962144225e-05,-3.2e-05
-4.5844589225658516e-05,3.2e-05
-4.812293476930943e-05,3.4e-05
4.1036695343754064e-05,3.4e-05
1.629632135546731e-05,6.6e-05
3.6941615393870544e-05,3.4e-05
5.3666980152921524e-05,5e-05
4.968016760969995e-05,6.6e-05
-3.427241870601544e-05,5e-05
1.2312585718516335e-05,0.0
-2.97993908698247e-05,1.6e-05
3.820546303932482e-06,0.0
4.074500561548885e-05,-3.2e-05
-2.518116165711082e-05,-3.4e-05
1.1721748215937373e-05,-5e-05
-2.945273102760968e-05,-6.6e-05
-0.00010503475408968581,-5e-05
-1.7728603744278855e-05,-6.8e-05
-7.116702980782417e-05,-5e-05
-4.220503809927537e-05,-3.2e-05
-8.123013066086233e-05,3.2e-05
6.571623633098245e-05,0.0
-5.5229316072000925e-05,1.8e-05
4.1794960432815675e-05,6.6e-05
4.912743024418249e-05,8.4e-05
0.00010382679739866539,5e-05
5.3896123378639526e-05,5e-05
7.453125721612838e-05,6.6e-05
5.786534726053539e-05,6.6e-05
5.77949605641256e-05,6.8e-05
-5.028528982224979e-05,0.0
-2.1355344289746897e-05,0.0
-2.953259745527787e-05,0.0
-6.319211281522254e-05,-3.4e-05
-5.028528982224979e-05,-3.4e-05
-0.00010104682715412904,-6.6e-05
-6.310793181546015e-05,-5e-05
1.5271399685431e-05,-6.6e-05
-4.196330865039115e-05,-6.8e-05
-0.00014269047543266858,-6.6e-05
-3.768741484591903e-05,-3.4e-05
-5.9254994280647004e-05,-1.6e-05
7.065877343699365e-05,1.6e-05
0.00010302116570441883,3.4e-05
0.00013257528928717485,5e-05
7.064465615710144e-05,3.4e-05
6.861170868134969e-05,6.6e-05
0.00011621389936452034,8.4e-05
5.8131280226133154e-05,6.6e-05
4.968016760969995e-05,6.6e-05
-4.70010735278007e-06,3.4e-05
7.06446512261619e-05,5e-05
6.577491451146349e-05,3.4e-05
2.3889065879314063e-05,0.0
-8.717762922800714e-06,-3.4e-05
-4.636304793225504e-05,-5e-05
1.1721748215937373e-05,-3.4e-05
-2.5206531341024685e-05,-3.2e-05
-5.436304861427745e-05,-8.4e-05
-0.00017561410230716699,-6.6e-05
-9.644195092567926e-05,-6.8e-05
-6.297249863015827e-05,-6.6e-05
3.182400651236067e-05,-1.6e-05
4.299892798127695e-06,0.0
3.6815028930464096e-05,0.0
8.319720100627571e-05,5e-05
7.88203546096037e-06,3.2e-05
1.9965238075890975e-05,6.8e-05
0.00010789003950469841,8.2e-05
5.366698261839129e-05,8.4e-05
-8.849722261199314e-06,6.6e-05
0.00022388904101688808,6.8e-05
7.479346978784605e-05,6.6e-05
1.5789475011478584e-05,3.4e-05
0.00014848069550715676,5e-05
-3.1983295473542343e-07,-3.4e-05
-0.00012545813365973115,-0.000134
-0.00022961007956595202,-0.0002
-8.18636676343552e-05,-0.000166
-0.0001339990830635748,-0.000116
-7.095527554038066e-05,-8.4e-05
0.00013890212849670594,-6.6e-05
-8.376352065722007e-06,0.0
0.00028837014838173743,0.0
5.8282238474564825e-05,3.2e-05
-1.7452979017022655e-05,3.4e-05
8.253102121305304e-05,8.4e-05
8.036694379513973e-06,6.6e-05
0.00011205015484886004,0.000134
0.0002658579439291159,0.000266
0.00039994809909138767,0.000384
7.914648841760423e-05,0.00045
0.0003055143150938881,0.0003
0.00034821498915704936,0.000132
0.00031354764399623585,0.0
-7.973446821885639e-05,-0.000116
-0.00027919424660288847,-0.00025
-6.200023569616417e-05,-0.000334
-0.00017816154401412816,-0.000382
-0.00027300337312012916,-0.00035
-0.00026268741368767353,-0.0003
-0.0004354321506147806,-0.000268
-0.0003145829882178513,-0.000182
-0.00016285164736193578,-0.000134
-9.237635183054793e-05,-0.0001
-0.0002644137750668212,-6.6e-05
-2.5206531341024685e-05,0.0
-7.622917178322597e-05,-1.8e-05
-3.768741484591903e-05,0.0
1.214834844991362e-05,3.4e-05
4.1794960432815675e-05,6.6e-05
6.177406604885205e-05,0.000118
5.342114323140364e-05,0.000182
0.0001621483427468104,0.000134
0.00010326178076096785,5e-05
-0.00016392594129681338,-5e-05
-0.00011778385605065295,-0.0001
-0.00012522911124203178,-0.00015
-0.00017119424479199532,-0.000166
-7.179496164806852e-07,-0.000118
-0.00013414521638767027,-8.2e-05
7.038991888972068e-05,1.6e-05
5.382054686836785e-05,3.4e-05
8.689206741237619e-05,3.2e-05
0.00010415541000217783,5e-05
7.479346978784605e-05,6.8e-05
-1.742470500972196e-05,5e-05
4.9282050947954684e-05,6.6e-05
-4.435429311294275e-06,3.4e-05
2.4770886136702233e-05,5e-05
-3.0082342973231722e-05,3.2e-05
8.283137953302294e-05,0.000134
0.00031231258170871925,0.00035
0.0005164910128200599,0.00055
0.0002615423067519818,0.000716
0.00043209589193925695,0.000768
0.0005919515079463263,0.0008
0.0007061117127960634,0.000766
0.0007617532234731184,0.000766
0.0007746377290337501,0.000718
0.0010059386352740149,0.000682
0.0011993772631141242,0.000684
0.0007808984443441005,0.000634
0.0004897419676040931,0.0006
0.0006491274086645047,0.000616
0.0003838054653703181,0.000634
0.0006206446451076022,0.000632
0.0005632434201763767,0.0006
0.0006201554564580926,0.00055
0.0006031561015782418,0.000534
0.0005704582131157115,0.0006
0.0005702655514461523,0.000716
0.0005982323020424682,0.00075
0.0006478408673682299,0.000734
0.0007009449560074612,0.000734
0.0007568843743275365,0.0007
0.0007290447630762225,0.000632
0.0006989661108003009,0.000618
0.0006698136467593469,0.000616
0.0006406470999550775,0.000684
0.0006368150498801397,0.000682
0.0006491797555186211,0.000668
0.0003065556309051475,0.0006
0.0004078286477631451,0.000466
0.00043714836927316776,0.000416
0.0004081165751845442,0.0004
0.0002825725271888709,0.000334
-0.00020490991862231802,0.00035
0.00023716261743068594,0.00025
-1.2803651835728595e-06,5e-05
6.600091919416668e-05,5e-05
7.5380333951553795e-06,8.2e-05
5.8282238474564825e-05,0.0001
2.827226917839729e-05,0.000134
9.074500494718935e-05,0.000166
0.000275899131686855,0.000168
0.00014761106514866957,0.0002
0.00016641882237967176,0.0002
0.00019968015944112698,0.0002
0.00019165253070488312,0.0002
0.0001832138982964161,0.000182
0.0001952998875085521,0.000168
0.00014531716249078188,0.000166
4.088203395973069e-05,0.0001
0.00017054727123013178,0.00015
0.0001331971991052413,0.000134
0.0001623125824808829,0.00015
0.0001623125824808829,0.00015
0.0001277217753635506,0.000166
0.00017864465303705503,0.00015
0.00016231257261900382,0.00015
0.00019948085086507288,0.00015
0.00018294247966058427,0.000184
0.0002042998777975808,0.0002
0.0002080474312926258,0.000216
0.00020363694256257295,0.000216
0.00022477087051978788,0.000218
0.00022054726439815786,0.0002
0.0005283999813028455,0.000216
0.00018257529231707997,0.000184
0.0001813124885637326,0.000216
0.0003994187923178115,0.000184
0.0002036669818462276,0.0002
0.0002167136166988104,0.000216
0.0002036669818462276,0.0002
0.0002824910286202162,0.00025
0.00021694247146456555,0.000216
0.0002282137905702851,0.000218
0.00021578946001093167,0.0002
0.0004941832056730938,0.0002
0.00018687510117830277,0.000216
0.00020828222290958254,0.000234
0.0002873125999175248,0.000266
0.00017361291523483358,0.00025
0.000328328510007466,0.00025
0.00021982679496064137,0.0002
0.000253820573780807,0.000234
0.00026231257867881413,0.00025
0.00023299118064934915,0.000232
0.00022481883869959624,0.000234
0.00020828222290958254,0.000216
0.00020779494746461308,0.000234
0.0002648122297197902,0.000216
0.00016974990872148748,0.000218
0.0001539745116533176,0.0002
0.0002415534218501102,0.000232
0.00015667062118729583,0.000218
0.0001997147154653968,0.000216
0.0001474458885360852,0.0003
0.00036649100373034447,0.000366
0.0002734488492125156,0.000368
0.00032453123291813777,0.000366
0.00026997452893905177,0.0003
0.00017883296561794335,0.0002
0.00035506820616207216,0.00015
0.0002519103278044746,0.00015
0.0001166969440633677,0.000116
2.0251445832126794e-05,0.0001
0.00013649063279275842,5e-05
-7.179496164806852e-07,5e-05
-1.7384034620427197e-05,5e-05
-8.96330645341619e-06,6.8e-05
7.014702573910592e-05,8.2e-05
6.216262654977612e-05,6.8e-05
0.0001152910641684373,6.6e-05
0.00010803669057744518,0.0001
0.000157647114867412,0.0001
9.113127502669882e-05,0.0001
0.00013643317748528234,0.0001
9.994810556665455e-05,0.000116
0.0001496801662731009,0.000134
0.00015602903692047982,0.000134
0.0001082822316425909,0.000132
0.00014582054238427663,0.00015
0.00019582055527606084,0.0002
0.00022029986929974653,0.0002
0.00020779494746461308,0.000218
0.00020828222290958254,0.0002
0.0004390012585608148,0.000266
0.00022463777459982617,0.000316
-0.0001642619157930534,0.000334
0.0002788057430296346,0.0003
0.00027477089327345117,0.00025
0.00023630181345396859,0.000266
0.0002538205343332907,0.000284
0.00026202751120234604,0.000284
0.0002780170096651787,0.000266
0.00026619719256920795,0.000284
0.0002666969531530831,0.0003
0.0005306207975749274,0.000316
0.0002747934769765271,0.000284
0.00025348201547225,0.000216
0.00025779495049451826,0.000234
0.00024566696940129173,0.00025
0.00021669693039941983,0.000216
0.00020363694256257295,0.0002
0.00022016998835236242,0.000234
0.00022080572452488846,0.0002
0.00017080574121874147,0.000182
0.0003670456358093787,0.00015
0.00012932620446984652,0.00015
0.00011231257945097776,0.000118
0.00014943654827437433,6.6e-05
0.00019769543655403946,6.6e-05
9.91099937736829e-05,0.0001
0.00010730952492403852,8.4e-05
8.694161842377568e-05,8.4e-05
0.00011545295677529055,0.0001
0.0001331971991052413,0.0001
9.179495976451616e-05,6.6e-05
-2.1727733774461914e-05,5e-05
7.845824266995698e-05,8.4e-05
0.00011214833971690529,0.000116
7.838991957174308e-05,0.000166
0.0002118751224170135,0.000184
0.00018285476810811396,0.0002
0.00024971471849530194,0.00025
0.00027015541552499853,0.000284
0.00022851217158350096,0.000282
0.00029162366118276926,0.0003
0.00027080574727855175,0.0003
0.00026613344538288367,0.0003
0.0002952998935683624,0.000334
0.0008686195431133597,0.000366
0.00035803669093415223,0.00035
0.000395453094057684,0.000384
0.0004318144339105294,0.00035
0.0003278819049517913,0.000284
-3.3696026390807844e-05,0.00015
0.0001288057339399192,0.00015
0.0002451553942862878,0.0002
0.0001946413408097315,0.00015
0.00016196065146430365,0.0002
0.00017054727123013178,0.000182
0.00018249100283664778,0.000218
0.00018687510117830277,0.000232
0.00020753058993419716,0.000334
0.0002745418807176309,0.00025
0.000274770873549693,0.00025
0.0002463404568469071,0.000266
0.0005420842458087363,0.0003
0.0003871483662432626,0.000368
0.00029487502409416335,0.000332
0.00026166680311339233,0.000318
0.0002499481097254304,0.000316
0.0002582822259394877,0.0003
0.00031155546552856956,0.000316
0.00031231258170871925,0.0003
0.00026231255895505597,0.000268
0.0002120612160751105,0.000216
0.00024089003296866502,0.0002
0.00019994810669552528,0.0002
0.00022030600338852958,0.000166
9.912180830481169e-05,0.00015
0.00017845823393694863,0.000134
4.837738379859287e-05,0.000184
0.00015803669853828984,0.00015
0.0001747708872136409,0.00015
9.899635534113113e-05,0.000132
0.00015353058902875058,0.000118
0.0001327162352628782,0.000166
0.0001621483427468104,0.000134
0.00013706123125401096,0.000116
0.00017479345119295864,0.000166
0.0001443946724604664,0.000168
0.0001623125824808829,0.000166
0.00022479347394662193,0.000234
0.00022854726014924072,0.000216
0.00024520405279763124,0.00025
0.00018968075646501773,0.000234
0.0002331971953031725,0.000232
0.00026231259840257224,0.000234
0.00024971471849530194,0.000234
0.00021231257564890895,0.000216
0.00018308722245973053,0.0002
0.00019948085086507288,0.0002
0.0001533774439086346,0.000184
0.0001997147154653968,0.000166
-4.6910761903119964e-05,0.00015
0.00017453125341405958,0.000166
-0.0001279797471054016,0.000168
0.00011619719334137161,0.0001
0.00014531716249078188,8.2e-05
0.00012804308524560988,5e-05
6.621390373102449e-05,3.4e-05
-1.3192114716256935e-05,3.4e-05
4.951134580006343e-05,3.2e-05
3.731258415163169e-05,6.8e-05
4.1623646033243595e-05,8.2e-05
4.357500864889879e-05,6.8e-05
6.203802170769579e-05,3.2e-05
7.880574077189314e-05,6.8e-05
0.00015279232876138743,3.2e-05
1.2148349682648505e-05,5e-05
-1.6802795191655493e-05,0.0
3.687510873050831e-05,-6.6e-05
-8.717762922800714e-06,1.6e-05
-1.0468235597885482e-06,6.8e-05
1.189206533298825e-05,6.6e-05
1.9650663240870715e-05,6.6e-05
2.080573829270049e-05,5e-05
0.00014928205207682542,0.000118
7.436136662534738e-05,8.2e-05
0.00010779495619762143,0.0001
0.0001623125824808829,0.000168
0.00019179496582432643,0.000182
0.00013269693556553343,0.000168
0.00019566698609514474,0.000216
0.00025363696531623624,0.00025
0.0002786587813076971,0.000266
0.00028714834045969416,0.0003
0.0002572485826701467,0.000318
0.0002828313817907644,0.0003
0.0003578820369465382,0.00035
0.0003416236444889163,0.000332
0.0003036369486223832,0.0003
0.0002499481097254304,0.000268
0.0006911356210267151,0.000316
0.0003034109538015591,0.000334
0.0003284582528885431,0.00035
0.0007483449337911909,0.00035
0.00033714834348959934,0.000332
0.0002906594455420983,0.000334
0.00028060449060117394,0.000284
0.00019566698609514474,0.000266
0.00046367603502771635,0.000284
0.000291369599454105,0.000232
0.000315547021635625,0.000234
0.00011599115896379011,0.000216
0.0001075305986672055,0.000184
0.00021600089869824488,0.000166
0.00019933913566280186,0.0001
0.00018588216774577282,1.8e-05
-3.7837374579094613e-05,-5e-05
5.6473868174520535e-05,-0.000134
-5.868999736670761e-05,-0.000184
-0.0001919853343851358,-0.000166
-8.330305819437377e-05,-8.4e-05
7.309999630833026e-06,-5e-05
-0.00012238175993059853,-6.6e-05
-3.38028009555252e-05,-5e-05
-0.00026428547202008866,-1.6e-05
-4.5955274025428084e-05,-6.8e-05
-0.0002814980012779695,-5e-05
1.958924777257963e-05,-5e-05
-5.510387297019944e-05,-0.0001
-5.064581546644066e-05,-0.0001
-9.617945729040803e-05,-8.2e-05
-0.00010846940002364124,-0.0001
-9.570011079621282e-05,-0.000118
-0.00010031982915266662,-0.000132
-0.00010846940002364124,-0.000168
-7.546874201170795e-05,-8.2e-05
-7.208234039017491e-05,-3.4e-05
-7.771652693711758e-07,-3.4e-05
8.282237910129453e-06,0.0
-3.822593261454891e-05,3.4e-05
3.0674833560815863e-06,5e-05
0.00036851631811169415,0.000116
0.0001288057339399192,0.00015
8.632354980760794e-05,0.000184
0.00021694247146456555,0.000216
0.00021231257564890895,0.000218
0.00018319720213514644,0.000182
0.0001834438378688692,0.0002
0.00018269693859543858,0.000168
0.00019153059843203142,0.000116
0.00016572253426964094,0.000134
0.00018731258399583547,0.00015
0.00014152023056722115,0.000132
0.000336211307187652,0.000118
0.00019546223376184268,0.000132
3.410940553067826e-06,8.4e-05
0.00013716262123275474,6.6e-05
4.1282236408899776e-05,5e-05
9.892878667666627e-05,3.4e-05
1.214834844991362e-05,1.6e-05
-8.455172987501034e-05,0.0
4.1036695343754064e-05,0.0
3.626093617294162e-05,-3.2e-05
-7.992953618690934e-05,-3.4e-05
-3.7851649649051975e-05,-1.6e-05
-2.0844587710705943e-05,3.2e-05
1.2312585718516335e-05,3.4e-05
3.2617845630366433e-06,5e-05
8.731258286696473e-05,8.4e-05
4.948084300809236e-05,0.0001
6.634708347695832e-05,0.000166
0.0004935758322647801,0.000234
0.00014452672302124644,0.000282
0.0009491596160172279,0.000334
0.000573557288890469,0.0004
0.0003109700643868293,0.000416
0.0004187665761849416,0.000434
0.0003950622086187686,0.000416
0.0004161972016589233,0.000368
0.00016146062460969352,0.000232
0.00019179496582432643,0.00015
0.00014529988447864697,0.000168
0.00013694161652274127,0.000182
0.0003921380825787564,0.000184
0.00014045472356659708,0.000184
0.00017932620749975164,0.000116
8.283138446396246e-05,0.000116
8.610810226645179e-05,5e-05
1.619719960891017e-05,1.8e-05
7.054726517032152e-05,3.2e-05
5.306748145504719e-05,3.4e-05
-1.7878538822756762e-05,5e-05
7.794959999690226e-06,3.4e-05
-4.220503809927537e-05,5e-05
2.009051537485056e-05,0.000116
9.848069740819117e-05,0.0001
7.415644664010107e-05,8.4e-05
8.689206248143664e-05,0.000132
7.409390260302364e-05,0.0001
0.00010780610505191282,0.0001
0.0002364606094307931,0.000118
0.00011216261971780218,0.0001
0.00010429989146152867,0.000132
0.00011216262957968126,0.000184
7.91554134181648e-05,0.000166
0.0001446991579768281,0.0002
0.00016987118024844132,0.000218
0.00024153060146193654,0.000232
0.0002033854054749512,0.000218
0.00023301088468373588,0.000266
0.0002167136166988104,0.000266
0.00024497450770034104,0.000284
0.00025789003873253474,0.0003
0.0002786446590968653,0.000266
0.0002786446590968653,0.000284
0.00012005406576593466,0.0003
0.00028714834045969416,0.00035
0.0002992228504445899,0.0004
0.00012738937086753479,0.000334
0.00020415540126916948,0.0002
0.00012453125038415443,0.000132
0.0001454531578031909,0.000134
0.00020779494746461308,0.000134
0.00012838991767070868,0.000116
0.0001280290517916898,5e-05
3.666982053955919e-06,0.0
7.367456564298423e-05,-5e-05
-0.0003580895750388127,-0.000116
-0.0003144838171618988,-0.000134
-0.00012134122320778589,-0.00015
-0.0002178785460114378,-0.000166
-0.0001880583735860049,-0.000168
-0.00022536221322180377,-0.000232
-0.00017977993754119065,-0.000334
-0.0006938521592213263,-0.000334
-0.00025417945226932723,-0.000266
-0.00035600130242146455,-0.000216
-0.00025820505158294073,-0.00025
-0.0002500519008498628,-0.000268
-0.0002505191369565571,-0.000316
-0.00020147798470510753,-0.000484
-0.00100321212627593,-0.000632
-0.00042856915062571796,-0.000584
-0.0005069997675959904,-0.000434
-0.0002587177706759171,-0.000266
-0.00018328636809291442,-0.000184
-0.00011333319002525899,-0.000116
-0.00030750543318768854,-0.000116
-0.00013328636506300927,-0.000134
-0.0003472487664021216,-0.00015
-0.00011678610015925657,-0.000116
-0.0001293553411697005,-0.000134
-0.00013477620899636245,-8.4e-05
-0.00019220503732711173,-0.000182
-0.00019171776188214228,-0.0002
-0.00013328636506300927,-0.000184
-0.0001591346459682572,-0.0002
-0.00018785164887688834,-0.0002
-0.00019617945348833924,-0.00015
-0.0002092009405492873,-0.000216
-0.0001921179766586602,-0.000184
-0.0001971928601818236,-0.0002
-0.00014088176736326604,-0.00035
-0.0007140458950752908,-0.000366
-0.00027706820298869285,-0.000318
-0.00020502548012128893,-0.000216
-0.0001517850016944857,-0.00015
-0.00020065337382458605,-0.00015
1.1323550193689765e-05,-0.0001
-0.0002044694082079101,-0.0002
-0.00024319574500487645,-0.000234
-0.00017225881491410752,-0.000166
-0.0001762291679811572,-0.0002
-0.00020028528905008614,-0.000266
-0.00016765292291211328,-0.0002
-0.0002089003110276429,-0.000184
-0.00028218403303376506,-0.00025
-0.00030056343954725564,-0.00025
-0.00022173444210997267,-0.000234
-0.0002301732125847467,-0.0002
-0.00023400883265990865,-0.000232
-0.00022945274314723022,-0.000384
-0.0005510338466047787,-0.0005
-0.00033199433295783264,-0.000584
-0.00031429884775801604,-0.00055
-0.0005063781141867799,-0.000416
-0.00025137662734190606,-0.000266
-0.00027185018415267203,-0.000184
-0.00021285167011559904,-0.0002
-0.000242479772584217,-0.000216
0.00010269174935776198,-0.000184
-0.00015005189479005255,-0.000166
-0.00013783736584608628,-0.00015
-0.00011701959987005485,-0.0001
-5.8205039463320174e-05,-6.8e-05
-0.0001173030598602341,-0.000132
-0.00011327824949694639,-0.000134
-0.00010917136857601781,-0.000166
-0.00010048865466050779,-0.000134
-0.00014185511510395813,-8.4e-05
-0.00014220505402096474,-0.000132
-0.00017961005681228873,-0.000168
-0.0002601121023104537,-0.000116
-2.178620485548244e-05,-0.0001
6.927614785291607e-05,-8.4e-05
7.68124479118917e-05,-0.0001
-0.00010028528299027585,-6.6e-05
-2.5206531341024685e-05,-3.4e-05
-0.00010886872723104265,-8.2e-05
-4.33301862806648e-06,-0.000118
-4.1717767585245453e-05,-5e-05
-7.179939321770743e-05,-1.6e-05
8.144869331059615e-06,-5e-05
-5.436304861427745e-05,-5e-05
-4.617945426050289e-05,-6.6e-05
-9.171775582233197e-05,-6.8e-05
-5.871775855629654e-05,-8.2e-05
-6.678609712935144e-05,-0.000118
-8.40196026040194e-05,-0.00015
-0.00010529466391264007,-0.000132
-0.00012112094827682378,-6.8e-05
9.064137139095656e-05,0.0001
-6.494649179281495e-05,0.000118
-3.1983295473542343e-07,1.6e-05
-3.3286363934138515e-05,-3.4e-05
4.846380221216982e-05,-5e-05
0.00023970524654065974,-6.6e-05
-8.328636203310411e-05,-8.4e-05
-7.522910821212664e-05,-0.000116
-5.051915442257372e-05,-5e-05
-7.961009019999474e-05,-0.00015
-0.00012934121895886877,-0.000134
-0.00019684392717648236,-0.000116
-0.00015886871053718966,-0.000166
-0.00016324679313261045,-0.000134
-0.00041221555158753065,-0.000166
-0.0004631079363309431,-0.000234
-0.00014171775885223712,-0.00015
4.36970481696854e-05,-0.0001
-5.9254994280647004e-05,-0.000116
-0.00017536221019189864,-0.00015
-0.0001461794504584341,-0.00015
-0.0001794527401173251,-0.000168
-0.00012983000327133632,-0.000166
-0.00020005189781995767,-0.0002
-0.0002584694091133567,-0.0002
-0.00017116704572951353,-0.000184
-0.00018785166860064647,-0.000182
-0.00019171776188214228,-0.000184
-0.00018768740914281584,-0.000166
-0.0003000518841560098,-0.000284
-0.0002051594044390927,-0.000416
-0.00047622916643682986,-0.0005
-0.0003446558811563946,-0.000584
-0.000596179438280064,-0.00065
-0.0005396830604774934,-0.000716
-0.0008686440250062913,-0.000634
-0.0003848803557270141,-0.000466
-0.00015545014932800136,-0.00025
-0.0005209216639400108,-0.000134
6.566754576853202e-05,-0.000134
-0.00024936162848606617,-0.000132
-0.000185636887798557,-0.0001
-0.00012536219730011443,-3.4e-05
-0.00010100364198567081,-1.6e-05
-0.00021351766253311933,3.2e-05
1.5918954087290467e-05,3.4e-05
3.2617845630366433e-06,5e-05
0.00032766916449644055,8.4e-05
0.0001082822316425909,6.6e-05
8.731258286696473e-05,6.6e-05
0.0001405593679654348,8.4e-05
7.864465190818431e-05,8.4e-05
0.00010429989146152867,8.2e-05
0.00011813476658461376,8.4e-05
2.826554152776756e-05,0.0001
-6.438496626030907e-05,6.6e-05
8.294248346265308e-05,8.4e-05
-0.00015066542201090744,8.4e-05
9.582053935437152e-05,8.2e-05
9.088203575690095e-05,5e-05
6.61972026388153e-05,5e-05
9.512630744612728e-05,6.8e-05
1.2312585718516335e-05,3.2e-05
4.968016760969995e-05,3.4e-05
4.563695128185841e-05,3.4e-05
2.4531253261672077e-05,3.2e-05
-2.5697534576283527e-05,5e-05
8.714834806383178e-05,5e-05
6.231258628295171e-05,6.8e-05
0.0006017595017115185,8.2e-05
6.216262654977612e-05,8.4e-05
7.080574502081027e-05,8.4e-05
3.7148348732131304e-05,8.2e-05
8.294248346265308e-05,8.4e-05
8.344383673999846e-05,0.0001
0.0001286446500071499,0.0001
9.128223080966073e-05,0.0001
0.00017258866047436955,0.0001
9.994810556665455e-05,8.4e-05
0.0002448674076936143,8.2e-05
0.0004254967958341729,0.000134
0.0002033774568004188,0.000166
0.00011562154559803398,0.000168
0.00013663638150357007,0.000116
0.0001454531578031909,8.4e-05
0.00013262155136190367,8.2e-05
0.00011163637505767796,0.00015
0.00026195354710930273,5e-05
9.059670694063746e-05,3.4e-05
4.971471130662095e-05,5e-05
6.98563419225061e-05,6.6e-05
4.971471130662095e-05,8.4e-05
5.7890043871202566e-05,6.6e-05
0.0011126403798762952,5e-05
0.00011177407154422697,0.00015
7.021379066042636e-05,0.000184
0.0006373141004087217,0.000166
7.865877411901605e-05,0.0001
2.412637443272033e-05,1.8e-05
3.7148348732131304e-05,1.6e-05
1.5496124789324546e-05,-1.6e-05
-0.00032960645645426363,-5e-05
9.005164088430348e-05,-3.4e-05
-8.163690358696342e-05,-6.6e-05
-5.8205039463320174e-05,-8.4e-05
-5.0051893661181784e-05,-3.4e-05
2.8644653192851264e-05,-1.6e-05
-0.0001211209384149447,-5e-05
6.14331778713642e-05,0.0
-3.0674361435829614e-05,3.4e-05
1.619719960891017e-05,1.6e-05
8.271363362783749e-05,3.4e-05
5.7882036025395746e-05,3.2e-05
2.880573843540138e-05,6.8e-05
0.00010382054003639392,5e-05
2.4302466604519286e-05,5e-05
4.968016760969995e-05,6.6e-05
4.1036695343754064e-05,6.6e-05
7.426220050033442e-05,0.0001
4.971471130662095e-05,6.8e-05
0.0006024008394313577,8.2e-05
-0.00014020068627076493,0.0001
8.716262313378915e-05,6.8e-05
7.91699942063734e-05,6.6e-05
0.0002322029206550887,8.4e-05
0.0001327225370036055,0.000166
0.00011231257945097776,0.000184
0.00012373923301396738,0.000166
0.00014903635322161454,0.000166
0.00017029988599359954,0.00025
0.0001906413626579482,0.000268
4.746668117923873e-05,0.00025
0.00031600090475805513,0.000266
-5.251297982404509e-05,0.000166
0.0001035645700341291,0.000118
0.00019849411069260042,0.0001
0.00016090128841434172,0.000132
9.043202342200672e-05,0.0002
0.00013656067185793092,0.000218
0.00013609799193936814,0.000232
0.0001945470316601617,0.000284
0.00023272252333965762,0.000366
0.00027356070264495524,0.000468
0.00033528732801359657,0.000566
0.0008597049566970983,0.00055
0.0005070299599606364,0.00045
0.0002660872326175502,0.000284
0.0004597166089226789,0.000182
0.00017454186479594152,0.000184
0.00027453122988823264,0.000234
0.00022080572452488846,0.000216
0.0002034531565841789,0.000216
0.0001747708872136409,0.000168
0.0001247934580249326,0.00015
0.0001867740662272056,0.000132
0.00016572252440776185,0.000134
0.00016231257261900382,0.0001
7.437794444406817e-05,0.000116
0.0001201554064352831,0.000118
0.0001166969440633677,0.000132
0.0001162139092263994,0.000234
0.0003895130870547695,0.000284
0.00023615161703569528,0.0003
0.000427531972094595,0.000216
0.0002493541879201716,0.00015
0.000314567835662522,0.000116
0.00018283137573095413,0.000134
0.00015404472823231336,0.000166
0.0002157162256969397,0.000234
0.00016138305106890968,0.000216
0.000186514659360084,0.000268
0.00022008511702106498,0.00025
0.00014162365209305388,0.000166
0.00016619719637127672,0.000166
0.00010779496112856097,8.4e-05
-4.767408613614575e-05,6.6e-05
0.00011935964155104853,3.4e-05
8.62905618221106e-05,-5e-05
3.222378212707615e-05,-8.4e-05
-0.00012340470306114595,-6.6e-05
-4.262242733819795e-05,-0.00015
-0.00027119425085180563,-0.000284
-0.00014812293096724065,-0.000482
-0.0007341420377739542,-0.000584
-0.0003791869745959433,-0.000466
-0.00020846940608345153,-0.0003
-0.00023768741217272096,-0.000184
-0.00021285167011559904,-0.0002
-0.0002169127919176315,-0.000234
-0.0002465468509612092,-0.00025
-0.0002006533935483442,-0.000182
-0.00014570010396423887,-0.00015
-0.0001461794504584341,-0.000134
-0.00011714521062380056,-0.000134
-0.00015048865769041295,-0.0001
-4.185513369884552e-05,-0.0001
-0.00011742470613859269,-8.2e-05
-0.00010446941200997887,-0.000134
-4.217865264181704e-05,-0.00015
-0.00011716862272471855,-0.000184
-0.00013841345737398218,-0.00025
-0.00018060531764827977,-0.0004
-0.0003978150779758828,-0.00055
-0.0006967897368643934,-0.00065
-0.0004662582544293609,-0.000732
-0.0006629498428052742,-0.000634
-0.00048785162760880285,-0.000466
-0.0002933276999767709,-0.00025
-0.00013328636506300927,-0.000184
-0.00022116704875941868,-0.000234
-0.0002216715035977323,-0.000266
-0.00012325835277571088,-0.000284
-0.00024294300476800784,-0.000266
-0.00021655614692285563,-0.000234
-0.00020005189781995767,-0.0002
0.00014739560281469482,-8.2e-05
-5.06082530361285e-06,-1.8e-05
-0.00013566633233956217,0.0
2.4637798845884714e-05,3.4e-05
6.599115839935473e-05,5e-05
-6.533888251329308e-07,5e-05
6.14606160844135e-05,6.6e-05
4.971471130662095e-05,6.8e-05
5.8282238474564825e-05,8.2e-05
6.987905876094946e-05,0.0001
0.0001660009153920979,0.000134
0.00013716262123275474,0.000166
0.00011969916632375462,0.000168
0.0001413099950291548,0.000166
0.00015814487348983548,0.00015
0.00017463780115555826,0.000166
0.00011202750211263064,0.0001
4.959989314678514e-05,5e-05
-2.5229115044100577e-05,0.0
-4.254265594338491e-07,-1.6e-05
-0.00010087256775091897,-6.6e-05
-0.00018697835976126526,-8.4e-05
-9.654684187149379e-05,-0.0001
-0.00019185511813386326,-0.000166
-0.00022546876096330245,-0.0002
-0.00048595988251761037,-0.000218
-0.00017211810562350188,-0.000232
-0.00016912658350190857,-0.000234
-0.0002461794565182444,-0.000234
-0.00022967380702851813,-0.000232
-0.00023305751635706442,-0.000234
-0.0007238119955781831,-0.000316
-0.0002548893300487199,-0.000334
-0.0002801527620774556,-0.000316
-0.0003009636346000154,-0.000334
-0.00045898720933179685,-0.000366
-0.0003379498033871327,-0.000334
-0.0003379498033871327,-0.000284
-0.0003302292932889629,-0.000282
-0.0003173784759072426,-0.000318
-0.0003050539278403441,-0.000316
-0.0003004254126877577,-0.000366
-0.00032124346465828226,-0.00055
-0.0003898792238862871,-0.0007
-0.00048678429616055044,-0.000768
-0.0005998299508850361,-0.000716
-0.00054171776336772,-0.00055
-0.0006855109030068206,-0.000366
-0.00015704716230123482,-0.000234
-0.0004710280508615392,-0.000184
-0.0002173030659200444,-0.000216
-0.00026268741368767353,-0.00025
-0.0001960539512152633,-0.000184
0.00010538986085319193,-0.0001
-0.0004582174304989181,-6.6e-05
-0.00019668284324371308,-0.00015
-8.934741373975377e-05,-0.000166
-0.00012148781017831869,-0.000118
-0.0001923474823084341,-0.00015
-0.0001794527401173251,-0.000166
-0.00017536221019189864,-0.000184
-0.00010911795663896147,-0.000166
-0.0001098817000018478,-0.0002
-0.0002687542444554597,-0.000266
-0.00027945272645337724,-0.00025
-0.0001837838604446029,-0.000234
-0.00021268743038152656,-0.0002
-0.00022135533175466975,-0.000216
-0.00020028528905008614,-0.000234
-0.00022095525504445886,-0.000234
-0.00022116704875941868,-0.000216
-0.0002340810413384771,-0.000234
-0.00018376399862015102,-0.00025
-0.00022154176071665526,-0.00025
-0.0002378516519067935,-0.000266
-3.496338140134716e-05,-0.0003
-0.00027945272645337724,-0.000284
-0.00040453780259701896,-0.000316
0.00019580881963996463,-0.000316
-0.0003043330244801485,-0.000268
-8.121665933404937e-05,-0.000216
-0.00020896330871115768,-0.000216
-0.00016762844572825545,-0.00025
-0.00023805837661591004,-0.000284
-0.00023380279828232715,-0.000284
-0.00036429679951707414,-0.0003
-0.0001268074162306648,-0.000282
-0.0006187859025728599,-0.00025
-0.00022520653359876618,-0.00025
-0.00027103476454344604,-0.00025
-0.00021293877023156687,-0.000284
-0.00032084457137356004,-0.00035
-0.0002845136258320159,-0.000384
-0.0003183105023746211,-0.000382
-0.0008475299785972864,-0.000368
-0.0001240559322456948,-0.00035
-0.00037134121863355345,-0.00035
-0.00036283735975690127,-0.000316
-0.0006569578439758898,-0.000316
-0.0004035903521507711,-0.0003
-0.0003209552611042691,-0.000318
-0.0003126874167175787,-0.000332
-0.000316786092555119,-0.000334
-0.0005557990671250674,-0.00035
-0.0003344274952101023,-0.00035
-0.00025489483297724233,-0.00035
-0.00019289276532610767,-0.000316
-0.0003000518841560098,-0.0003
-0.00023381989878063875,-0.000284
-0.0002426304029251695,-0.00025
-0.0002379498367748387,-0.000234
-0.00031378484662076026,-0.00025
-0.00021655614692285563,-0.00025
-0.00024617943679448623,-0.00025
-0.00024617943679448623,-0.000266
-0.00023380279828232715,-0.000266
-0.00025820505158294073,-0.000284
-0.0002668028152721207,-0.000316
-0.0003002852753861383,-0.000334
-0.00034602545947445937,-0.00035
-0.00032161008987467943,-0.000366
-0.00039171775427800467,-0.000418
-0.00036778384161454146,-0.000432
-0.00039235289873778634,-0.000468
-0.0004219095025831291,-0.000466
-0.0005101631822698164,-0.00045
-0.00039617946560795977,-0.000416
-0.00025028529207999126,-0.0004
-0.0004784542824881873,-0.0004
-0.000409200972392666,-0.000384
-0.00040028528144594853,-0.000416
-0.00039211798877828076,-0.000418
-0.0005498980737157635,-0.000382
-0.0002007771404069452,-0.00035
-0.0003921938857996223,-0.000334
-0.0003717994409827755,-0.000334
-0.0003129498215959383,-0.000316
5.0288904422795394e-05,-0.0003
-0.00018512578605374853,-0.000284
-0.00046861634805813113,-0.000332
-0.00035846941517316694,-0.0003
-0.00023426390030023835,-0.000284
-0.00032784114065277984,-0.0002
-0.00017522911427193694,-0.000166
-0.00023768741217272096,-0.0002
-0.00015462254043624189,-0.00015
